,YEAR,MONTH,DAY,HOUR,AIR-TEMP,DEW-POINT-TEMP,SEA-LEVEL-PRESSURE,WIND-DIRECTION,WIND-SPEED,SKY-CONDITION,RAIN-1HR,RAIN-6HR
0,2017,1,1,3,7,3,10090,250,20,8,-9999,-9999
1,2017,1,1,6,5,2,10083,260,30,8,-9999,-9999
2,2017,1,1,9,8,4,10078,250,30,8,-9999,-9999
3,2017,1,1,12,9,6,10063,250,30,8,-9999,-9999
4,2017,1,1,15,9,7,10054,260,30,8,-9999,-9999
5,2017,1,1,18,7,5,10045,250,30,8,-9999,-9999
6,2017,1,1,21,5,2,10032,250,30,8,-9999,-9999
7,2017,1,2,0,4,2,10019,240,30,8,-9999,-9999
8,2017,1,2,3,6,0,10007,260,20,8,-9999,-9999
9,2017,1,2,6,8,2,10005,260,20,8,-9999,-9999
10,2017,1,2,9,10,6,9998,250,20,8,-9999,-9999
11,2017,1,2,12,5,1,9985,260,20,8,-9999,-9999
12,2017,1,2,15,0,-3,9980,260,20,8,-9999,-9999
13,2017,1,2,18,-2,-7,9980,260,20,8,-9999,-9999
14,2017,1,2,21,-9,-13,9987,260,10,8,-9999,-9999
15,2017,1,3,0,-9,-12,9983,250,10,8,-9999,-9999
16,2017,1,3,3,-85,-93,10074,360,0,-9999,-9999,-9999
17,2017,1,3,6,-35,-40,9995,320,20,8,-9999,-9999
18,2017,1,3,9,-45,-61,10022,310,20,8,-9999,-9999
19,2017,1,3,12,-47,-61,10024,280,10,7,-9999,-9999
20,2017,1,3,15,-41,-50,10021,250,10,8,-9999,-9999
21,2017,1,3,18,-55,-62,10020,240,20,4,-9999,-9999
22,2017,1,3,21,-54,-63,10023,250,10,5,-9999,-9999
23,2017,1,4,0,-56,-64,10015,210,10,8,-9999,-9999
24,2017,1,4,3,-64,-71,9999,210,10,7,-9999,-9999
25,2017,1,4,6,-56,-65,9977,160,30,8,-9999,-9999
26,2017,1,4,9,-55,-65,9942,120,40,8,-9999,-9999
27,2017,1,4,12,-48,-58,9908,130,50,8,-9999,-9999
28,2017,1,4,15,-41,-49,9892,120,30,8,-9999,-9999
29,2017,1,4,18,-34,-38,9880,130,20,8,-9999,-9999
30,2017,1,4,21,-18,-22,9888,260,30,8,-9999,-9999
31,2017,1,5,0,-27,-35,9915,280,20,8,-9999,-9999
32,2017,1,5,3,-45,-53,9947,330,20,8,-9999,-9999
33,2017,1,5,6,-98,-116,9990,10,20,8,-9999,-9999
34,2017,1,5,9,-120,-143,10026,20,20,8,-9999,-9999
35,2017,1,5,12,-140,-167,10058,10,20,7,-9999,-9999
36,2017,1,5,15,-154,-178,10099,360,20,5,-9999,-9999
37,2017,1,5,18,-165,-190,10136,360,20,8,-9999,-9999
38,2017,1,5,21,-190,-220,10180,360,20,8,-9999,-9999
39,2017,1,6,0,-194,-220,10213,360,30,8,-9999,-9999
40,2017,1,6,3,-197,-223,10241,340,30,8,-9999,-9999
41,2017,1,6,6,-211,-238,10269,360,10,7,-9999,-9999
42,2017,1,6,9,-209,-244,10303,10,20,7,-9999,-9999
43,2017,1,6,12,-217,-251,10309,350,20,6,-9999,-9999
44,2017,1,6,15,-226,-258,10344,350,20,7,-9999,-9999
45,2017,1,6,18,-245,-275,10337,360,10,6,-9999,-9999
46,2017,1,6,21,-256,-284,10336,30,20,2,-9999,-9999
47,2017,1,7,0,-269,-298,10333,10,10,0,-9999,-9999
48,2017,1,7,3,-272,-301,10325,30,10,0,-9999,-9999
49,2017,1,7,6,-271,-298,10317,30,10,7,-9999,-9999
50,2017,1,7,9,-254,-281,10307,10,10,7,-9999,-9999
51,2017,1,7,12,-205,-245,10289,10,10,2,-9999,-9999
52,2017,1,7,15,-225,-254,10291,360,10,0,-9999,-9999
53,2017,1,7,18,-244,-272,10293,20,10,0,-9999,-9999
54,2017,1,7,21,-256,-281,10300,360,10,0,-9999,-9999
55,2017,1,8,0,-244,-273,10291,30,10,0,-9999,-9999
56,2017,1,8,3,-252,-280,10291,20,10,0,-9999,-9999
57,2017,1,8,6,-254,-283,10303,40,10,0,-9999,-9999
58,2017,1,8,9,-193,-246,10293,40,10,0,-9999,-9999
59,2017,1,8,12,-155,-246,10281,30,10,2,-9999,-9999
60,2017,1,8,15,-190,-233,10289,10,10,0,-9999,-9999
61,2017,1,8,18,-197,-220,10290,10,10,0,-9999,-9999
62,2017,1,8,21,-196,-222,10285,50,20,7,-9999,-9999
63,2017,1,9,0,-199,-223,10286,40,10,5,-9999,-9999
64,2017,1,9,3,-204,-222,10286,0,-9999,7,-9999,-9999
65,2017,1,9,6,-190,-208,10285,10,10,8,-9999,-9999
66,2017,1,9,9,-166,-183,10288,0,-9999,6,-9999,-9999
67,2017,1,9,12,-144,-159,10281,0,-9999,8,-9999,-9999
68,2017,1,9,15,-180,-197,10282,330,10,6,-9999,-9999
69,2017,1,9,18,-158,-173,10281,0,-9999,8,-9999,-9999
70,2017,1,9,21,-174,-191,10279,0,-9999,8,-9999,-9999
71,2017,1,10,0,-176,-194,10280,0,-9999,7,-9999,-9999
72,2017,1,10,3,-175,-192,10274,0,-9999,7,-9999,-9999
73,2017,1,10,6,-167,-184,10278,0,-9999,5,-9999,-9999
74,2017,1,10,9,-115,-127,10272,0,-9999,5,-9999,-9999
75,2017,1,10,12,-99,-123,10268,220,10,6,-9999,-9999
76,2017,1,10,15,-136,-148,10272,180,10,0,-9999,-9999
77,2017,1,10,18,-120,-120,10274,0,-9999,8,-9999,-9999
78,2017,1,10,21,-102,-112,10274,0,-9999,8,-9999,-9999
79,2017,1,11,0,-92,-101,10268,0,-9999,8,-9999,-9999
80,2017,1,11,3,-89,-97,10260,170,10,8,-9999,-9999
81,2017,1,11,6,-80,-88,10255,0,-9999,9,-9999,-9999
82,2017,1,11,9,-60,-67,10243,170,20,8,-9999,-9999
83,2017,1,11,12,-58,-64,10229,170,20,8,-9999,-9999
84,2017,1,11,15,-60,-66,10214,160,20,8,-9999,-9999
85,2017,1,11,18,-61,-67,10198,160,30,8,-9999,-9999
86,2017,1,11,21,-59,-65,10175,150,20,8,-9999,-9999
87,2017,1,12,0,-61,-68,10148,150,40,8,-9999,-9999
88,2017,1,12,3,-69,-77,10112,130,30,8,-9999,-9999
89,2017,1,12,6,-70,-79,10083,120,40,8,-9999,-9999
90,2017,1,12,9,-67,-81,10048,110,30,8,-9999,-9999
91,2017,1,12,12,-62,-76,10014,100,30,8,-9999,-9999
92,2017,1,12,15,-60,-67,10001,100,20,8,-9999,-9999
93,2017,1,12,18,-51,-71,10000,210,30,8,-9999,-9999
94,2017,1,12,21,-59,-69,10014,190,20,8,-9999,-9999
95,2017,1,13,0,-58,-75,10033,190,30,8,-9999,-9999
96,2017,1,13,3,-63,-78,10040,210,30,8,-9999,-9999
97,2017,1,13,6,-61,-69,10054,180,20,8,-9999,-9999
98,2017,1,13,9,-43,-54,10062,170,20,8,-9999,-9999
99,2017,1,13,12,-32,-43,10066,170,30,8,-9999,-9999
100,2017,1,13,15,-30,-36,10074,160,40,8,-9999,-9999
101,2017,1,13,18,-22,-29,10064,160,40,8,-9999,-9999
102,2017,1,13,21,-21,-32,10049,150,50,8,-9999,-9999
103,2017,1,14,0,-17,-38,10042,160,40,8,-9999,-9999
104,2017,1,14,3,-25,-45,10033,160,50,8,-9999,-9999
105,2017,1,14,6,-22,-41,10034,160,40,8,-9999,-9999
106,2017,1,14,9,-18,-25,10037,150,40,8,-9999,-9999
107,2017,1,14,12,-14,-20,10027,140,40,8,-9999,-9999
108,2017,1,14,15,-9,-15,10011,130,50,8,-9999,-9999
109,2017,1,14,18,-5,-9,10003,140,50,8,-9999,-9999
110,2017,1,14,21,2,-2,9999,150,40,8,-9999,-9999
111,2017,1,15,0,5,2,9997,160,60,8,-9999,-9999
112,2017,1,15,3,7,-3,10001,190,50,8,-9999,-9999
113,2017,1,15,6,-5,-28,10037,210,40,8,-9999,-9999
114,2017,1,15,9,-8,-34,10071,220,30,8,-9999,-9999
115,2017,1,15,12,-10,-32,10097,230,30,8,-9999,-9999
116,2017,1,15,15,-14,-31,10125,220,20,8,-9999,-9999
117,2017,1,15,18,-17,-30,10145,260,20,8,-9999,-9999
118,2017,1,15,21,-23,-31,10167,240,20,8,-9999,-9999
119,2017,1,16,0,-27,-32,10189,240,10,8,-9999,-9999
120,2017,1,16,3,-27,-33,10200,0,-9999,8,-9999,-9999
121,2017,1,16,6,-34,-42,10219,230,10,6,-9999,-9999
122,2017,1,16,9,-30,-46,10235,230,10,7,-9999,-9999
123,2017,1,16,12,-23,-41,10243,210,10,8,-9999,-9999
124,2017,1,16,15,-35,-46,10258,0,-9999,8,-9999,-9999
125,2017,1,16,18,-54,-58,10272,0,-9999,8,-9999,-9999
126,2017,1,16,21,-55,-59,10287,0,-9999,8,-9999,-9999
127,2017,1,17,0,-60,-65,10303,290,10,8,-9999,-9999
128,2017,1,17,3,-76,-82,10311,280,10,3,-9999,-9999
129,2017,1,17,6,-74,-80,10328,300,10,8,-9999,-9999
130,2017,1,17,9,-46,-61,10340,280,10,6,-9999,-9999
131,2017,1,17,12,-33,-66,10345,290,10,7,-9999,-9999
132,2017,1,17,15,-47,-64,10356,270,10,8,-9999,-9999
133,2017,1,17,18,-60,-66,10364,280,10,7,-9999,-9999
134,2017,1,17,21,-65,-71,10374,270,10,8,-9999,-9999
135,2017,1,18,0,-70,-75,10379,0,-9999,8,-9999,-9999
136,2017,1,18,3,-75,-82,10379,0,-9999,8,-9999,-9999
137,2017,1,18,6,-72,-78,10384,260,10,8,-9999,-9999
138,2017,1,18,12,-45,-58,10386,240,10,2,-9999,-9999
139,2017,1,18,15,-80,-86,10391,250,10,0,-9999,-9999
140,2017,1,18,18,-73,-80,10388,240,20,6,-9999,-9999
141,2017,1,18,21,-85,-94,10381,250,20,6,-9999,-9999
142,2017,1,19,0,-90,-103,10368,260,20,7,-9999,-9999
143,2017,1,19,3,-87,-101,10348,250,20,7,-9999,-9999
144,2017,1,19,6,-77,-99,10332,240,30,8,-9999,-9999
145,2017,1,19,9,-61,-83,10314,250,40,8,-9999,-9999
146,2017,1,19,12,-63,-78,10294,250,30,8,-9999,-9999
147,2017,1,19,15,-57,-72,10279,250,30,8,-9999,-9999
148,2017,1,19,18,-54,-65,10257,250,30,8,-9999,-9999
149,2017,1,19,21,-54,-66,10241,250,30,8,-9999,-9999
150,2017,1,20,0,-51,-60,10218,250,40,8,-9999,-9999
151,2017,1,20,3,-42,-48,10203,260,30,8,-9999,-9999
152,2017,1,20,6,-28,-33,10206,280,20,8,-9999,-9999
153,2017,1,20,9,-5,-13,10211,290,20,8,-9999,-9999
154,2017,1,20,12,8,-34,10207,300,30,7,-9999,-9999
155,2017,1,20,15,-6,-30,10207,290,20,6,-9999,-9999
156,2017,1,20,18,-7,-24,10196,290,20,8,-9999,-9999
157,2017,1,20,21,-10,-14,10183,240,20,8,-9999,-9999
158,2017,1,21,0,-3,-7,10156,260,30,8,-9999,-9999
159,2017,1,21,3,3,-1,10146,290,30,8,-9999,-9999
160,2017,1,21,6,6,-1,10157,310,30,8,-9999,-9999
161,2017,1,21,9,4,-18,10174,320,30,6,-9999,-9999
162,2017,1,21,12,1,-41,10181,310,30,6,-9999,-9999
163,2017,1,21,15,-11,-50,10216,320,30,5,-9999,-9999
164,2017,1,21,18,-34,-57,10244,310,20,4,-9999,-9999
165,2017,1,21,21,-63,-70,10267,300,20,0,-9999,-9999
166,2017,1,22,0,-55,-67,10276,290,20,8,-9999,-9999
167,2017,1,22,3,-56,-68,10275,260,10,6,-9999,-9999
168,2017,1,22,6,-44,-51,10269,260,20,8,-9999,-9999
169,2017,1,22,9,-24,-37,10250,260,30,8,-9999,-9999
170,2017,1,22,12,-8,-18,10232,270,30,8,-9999,-9999
171,2017,1,22,15,2,-7,10231,280,40,8,-9999,-9999
172,2017,1,22,18,4,-7,10228,280,30,8,-9999,-9999
173,2017,1,22,21,1,-7,10228,280,30,8,-9999,-9999
174,2017,1,23,0,-3,-7,10218,280,30,8,-9999,-9999
175,2017,1,23,3,-6,-9,10212,270,30,8,-9999,-9999
176,2017,1,23,6,-11,-14,10205,260,30,8,-9999,-9999
177,2017,1,23,9,-14,-22,10197,250,30,8,-9999,-9999
178,2017,1,23,12,-12,-25,10182,260,30,8,-9999,-9999
179,2017,1,23,15,-18,-28,10170,260,30,8,-9999,-9999
180,2017,1,23,18,-21,-30,10161,280,20,8,-9999,-9999
181,2017,1,23,21,-24,-32,10153,260,20,8,-9999,-9999
182,2017,1,24,0,-23,-31,10136,260,30,8,-9999,-9999
183,2017,1,24,3,-22,-30,10124,260,30,8,-9999,-9999
184,2017,1,24,6,-21,-27,10121,260,20,8,-9999,-9999
185,2017,1,24,9,-11,-22,10126,280,20,8,-9999,-9999
186,2017,1,24,12,0,-12,10120,290,30,8,-9999,-9999
187,2017,1,24,15,2,-15,10123,280,30,8,-9999,-9999
188,2017,1,24,18,0,-22,10124,300,30,7,-9999,-9999
189,2017,1,24,21,-16,-25,10133,330,40,8,-9999,-9999
190,2017,1,25,0,-48,-85,10172,10,30,8,-9999,-9999
191,2017,1,25,3,-64,-93,10205,360,30,6,-9999,-9999
192,2017,1,25,6,-91,-118,10237,350,40,0,-9999,-9999
193,2017,1,25,9,-71,-129,10261,10,20,0,-9999,-9999
194,2017,1,25,12,-66,-124,10272,20,20,0,-9999,-9999
195,2017,1,25,15,-95,-129,10301,360,20,0,-9999,-9999
196,2017,1,25,18,-116,-137,10324,360,20,0,-9999,-9999
197,2017,1,25,21,-137,-153,10347,10,10,0,-9999,-9999
198,2017,1,26,0,-157,-171,10354,0,-9999,0,-9999,-9999
199,2017,1,26,3,-194,-210,10358,0,-9999,0,-9999,-9999
200,2017,1,26,6,-195,-211,10359,0,-9999,7,-9999,-9999
201,2017,1,26,9,-156,-176,10342,260,10,7,-9999,-9999
202,2017,1,26,12,-123,-158,10316,260,20,8,-9999,-9999
203,2017,1,26,15,-106,-153,10281,230,20,8,-9999,-9999
204,2017,1,26,18,-94,-120,10243,260,30,8,-9999,-9999
205,2017,1,26,21,-77,-86,10206,280,20,8,-9999,-9999
206,2017,1,27,0,-57,-64,10195,290,20,8,-9999,-9999
207,2017,1,27,3,-43,-48,10199,290,10,8,-9999,-9999
208,2017,1,27,6,-32,-36,10209,330,20,8,-9999,-9999
209,2017,1,27,9,-17,-22,10226,350,10,8,-9999,-9999
210,2017,1,27,12,-8,-17,10232,350,10,8,-9999,-9999
211,2017,1,27,15,-14,-22,10245,0,-9999,8,-9999,-9999
212,2017,1,27,18,-16,-20,10258,0,-9999,8,-9999,-9999
213,2017,1,27,21,-20,-37,10271,330,10,8,-9999,-9999
214,2017,1,28,0,-28,-37,10277,0,-9999,8,-9999,-9999
215,2017,1,28,3,-30,-44,10280,120,10,8,-9999,-9999
216,2017,1,28,6,-32,-43,10286,0,-9999,8,-9999,-9999
217,2017,1,28,9,-12,-37,10293,280,10,8,-9999,-9999
218,2017,1,28,12,-8,-38,10286,310,10,8,-9999,-9999
219,2017,1,28,15,-14,-32,10289,290,10,8,-9999,-9999
220,2017,1,28,18,-16,-28,10298,320,10,8,-9999,-9999
221,2017,1,28,21,-20,-29,10304,0,-9999,8,-9999,-9999
222,2017,1,29,0,-24,-29,10315,0,-9999,8,-9999,-9999
223,2017,1,29,3,-23,-29,10319,200,10,8,-9999,-9999
224,2017,1,29,6,-23,-29,10328,190,10,8,-9999,-9999
225,2017,1,29,9,-20,-35,10335,190,20,8,-9999,-9999
226,2017,1,29,12,-23,-39,10332,200,20,8,-9999,-9999
227,2017,1,29,15,-28,-51,10335,190,20,8,-9999,-9999
228,2017,1,29,18,-35,-58,10335,180,20,8,-9999,-9999
229,2017,1,29,21,-42,-69,10335,190,30,8,-9999,-9999
230,2017,1,30,0,-49,-77,10329,190,40,8,-9999,-9999
231,2017,1,30,3,-69,-88,10328,190,30,8,-9999,-9999
232,2017,1,30,6,-97,-113,10335,190,30,8,-9999,-9999
233,2017,1,30,9,-92,-116,10333,210,40,8,-9999,-9999
234,2017,1,30,12,-83,-113,10320,200,30,8,-9999,-9999
235,2017,1,30,15,-95,-120,10317,190,20,0,-9999,-9999
236,2017,1,30,18,-109,-130,10315,200,20,5,-9999,-9999
237,2017,1,30,21,-107,-136,10311,200,30,8,-9999,-9999
238,2017,1,31,0,-111,-142,10306,200,20,8,-9999,-9999
239,2017,1,31,3,-139,-163,10300,190,20,8,-9999,-9999
240,2017,1,31,6,-139,-163,10300,200,10,8,-9999,-9999
241,2017,1,31,9,-127,-152,10296,230,20,8,-9999,-9999
242,2017,1,31,12,-112,-140,10286,210,10,8,-9999,-9999
243,2017,1,31,15,-106,-128,10280,240,10,8,-9999,-9999
244,2017,1,31,18,-104,-124,10281,240,10,8,-9999,-9999
245,2017,1,31,21,-98,-111,10271,260,10,8,-9999,-9999
246,2017,2,1,0,-89,-99,10268,280,10,8,-9999,-9999
247,2017,2,1,3,-81,-91,10259,290,20,8,-9999,-9999
248,2017,2,1,6,-74,-84,10262,290,20,8,-9999,-9999
249,2017,2,1,9,-60,-75,10265,290,20,8,-9999,-9999
250,2017,2,1,12,-49,-66,10261,270,10,8,-9999,-9999
251,2017,2,1,15,-48,-61,10265,260,10,8,-9999,-9999
252,2017,2,1,18,-46,-58,10268,290,20,8,-9999,-9999
253,2017,2,1,21,-43,-54,10268,290,10,8,-9999,-9999
254,2017,2,2,0,-40,-48,10270,280,10,8,-9999,-9999
255,2017,2,2,3,-40,-47,10274,290,10,8,-9999,-9999
256,2017,2,2,6,-40,-46,10276,0,-9999,8,-9999,-9999
257,2017,2,2,9,-29,-41,10282,0,-9999,8,-9999,-9999
258,2017,2,2,12,-26,-45,10273,140,10,8,-9999,-9999
259,2017,2,2,15,-32,-46,10269,150,10,8,-9999,-9999
260,2017,2,2,18,-36,-56,10269,170,10,8,-9999,-9999
261,2017,2,2,21,-42,-52,10261,170,10,8,-9999,-9999
262,2017,2,3,0,-44,-64,10250,160,20,8,-9999,-9999
263,2017,2,3,3,-48,-66,10239,150,20,8,-9999,-9999
264,2017,2,3,6,-50,-67,10228,150,20,8,-9999,-9999
265,2017,2,3,9,-47,-69,10222,150,40,8,-9999,-9999
266,2017,2,3,12,-40,-73,10201,130,30,8,-9999,-9999
267,2017,2,3,15,-46,-73,10189,130,20,8,-9999,-9999
268,2017,2,3,18,-50,-73,10186,110,30,8,-9999,-9999
269,2017,2,3,21,-54,-73,10177,70,20,8,-9999,-9999
270,2017,2,4,0,-58,-72,10163,90,30,8,-9999,-9999
271,2017,2,4,3,-61,-78,10153,70,30,8,-9999,-9999
272,2017,2,4,6,-66,-85,10151,50,20,8,-9999,-9999
273,2017,2,4,9,-60,-83,10146,40,20,8,-9999,-9999
274,2017,2,4,12,-56,-83,10139,30,10,8,-9999,-9999
275,2017,2,4,15,-65,-87,10142,30,10,8,-9999,-9999
276,2017,2,4,18,-64,-89,10143,50,20,8,-9999,-9999
277,2017,2,4,21,-66,-93,10142,50,10,8,-9999,-9999
278,2017,2,5,0,-70,-103,10147,50,10,8,-9999,-9999
279,2017,2,5,3,-79,-107,10147,50,10,8,-9999,-9999
280,2017,2,5,6,-83,-108,10156,50,20,8,-9999,-9999
281,2017,2,5,9,-79,-103,10165,90,20,8,-9999,-9999
282,2017,2,5,12,-70,-101,10168,60,10,8,-9999,-9999
283,2017,2,5,15,-76,-103,10180,70,30,8,-9999,-9999
284,2017,2,5,18,-88,-123,10195,70,40,8,-9999,-9999
285,2017,2,5,21,-107,-134,10215,70,30,8,-9999,-9999
286,2017,2,6,0,-114,-136,10235,70,30,8,-9999,-9999
287,2017,2,6,3,-139,-167,10253,80,40,0,-9999,-9999
288,2017,2,6,6,-149,-184,10279,70,40,6,-9999,-9999
289,2017,2,6,9,-140,-181,10300,70,40,7,-9999,-9999
290,2017,2,6,12,-104,-169,10308,70,40,5,-9999,-9999
291,2017,2,6,15,-124,-176,10327,60,30,3,-9999,-9999
292,2017,2,6,18,-153,-187,10352,60,30,0,-9999,-9999
293,2017,2,6,21,-175,-204,10368,70,40,0,-9999,-9999
294,2017,2,7,0,-187,-215,10383,70,30,0,-9999,-9999
295,2017,2,7,3,-190,-222,10399,80,30,0,-9999,-9999
296,2017,2,7,6,-207,-236,10411,70,30,0,-9999,-9999
297,2017,2,7,9,-194,-233,10429,90,30,0,-9999,-9999
298,2017,2,7,12,-147,-217,10425,60,20,0,-9999,-9999
299,2017,2,7,15,-153,-215,10440,50,10,0,-9999,-9999
300,2017,2,7,18,-161,-212,10442,70,30,0,-9999,-9999
301,2017,2,7,21,-184,-222,10455,70,30,0,-9999,-9999
302,2017,2,8,0,-196,-226,10464,80,20,0,-9999,-9999
303,2017,2,8,3,-213,-238,10464,130,10,0,-9999,-9999
304,2017,2,8,6,-221,-240,10470,50,10,0,-9999,-9999
305,2017,2,8,9,-138,-207,10459,0,-9999,0,-9999,-9999
306,2017,2,8,12,-91,-190,10448,110,10,0,-9999,-9999
307,2017,2,8,15,-119,-189,10445,0,-9999,0,-9999,-9999
308,2017,2,8,18,-159,-194,10450,290,10,0,-9999,-9999
309,2017,2,8,21,-182,-203,10456,0,-9999,0,-9999,-9999
310,2017,2,9,0,-190,-204,10459,0,-9999,0,-9999,-9999
311,2017,2,9,3,-207,-225,10458,0,-9999,0,-9999,-9999
312,2017,2,9,6,-208,-229,10460,290,10,0,-9999,-9999
313,2017,2,9,9,-125,-158,10448,310,10,8,-9999,-9999
314,2017,2,9,12,-94,-117,10440,300,20,6,-9999,-9999
315,2017,2,9,15,-86,-113,10436,310,10,8,-9999,-9999
316,2017,2,9,18,-82,-106,10433,320,20,7,-9999,-9999
317,2017,2,9,21,-77,-92,10434,350,10,7,-9999,-9999
318,2017,2,10,0,-73,-85,10433,340,10,7,-9999,-9999
319,2017,2,10,3,-71,-84,10428,330,10,7,-9999,-9999
320,2017,2,10,6,-72,-79,10429,10,10,7,-9999,-9999
321,2017,2,10,9,-57,-67,10425,360,10,8,-9999,-9999
322,2017,2,10,12,-38,-65,10417,350,20,8,-9999,-9999
323,2017,2,10,15,-37,-57,10414,350,20,7,-9999,-9999
324,2017,2,10,18,-44,-57,10412,360,10,7,-9999,-9999
325,2017,2,10,21,-43,-57,10416,30,10,8,-9999,-9999
326,2017,2,11,0,-51,-59,10423,20,10,8,-9999,-9999
327,2017,2,11,3,-49,-64,10418,360,10,8,-9999,-9999
328,2017,2,11,6,-44,-58,10422,50,10,8,-9999,-9999
329,2017,2,11,9,-27,-56,10422,350,10,8,-9999,-9999
330,2017,2,11,12,-22,-56,10416,330,20,8,-9999,-9999
331,2017,2,11,15,-28,-57,10413,320,20,8,-9999,-9999
332,2017,2,11,18,-36,-57,10412,320,10,8,-9999,-9999
333,2017,2,11,21,-40,-56,10411,300,10,8,-9999,-9999
334,2017,2,12,0,-50,-61,10410,310,20,8,-9999,-9999
335,2017,2,12,3,-66,-72,10410,310,30,8,-9999,-9999
336,2017,2,12,6,-74,-81,10409,290,20,8,-9999,-9999
337,2017,2,12,9,-68,-76,10409,290,20,8,-9999,-9999
338,2017,2,12,12,-67,-75,10398,310,20,8,-9999,-9999
339,2017,2,12,15,-68,-85,10392,330,30,8,-9999,-9999
340,2017,2,12,18,-66,-84,10391,330,30,8,-9999,-9999
341,2017,2,12,21,-70,-94,10386,330,20,8,-9999,-9999
342,2017,2,13,0,-72,-99,10377,340,20,8,-9999,-9999
343,2017,2,13,3,-71,-92,10370,290,20,8,-9999,-9999
344,2017,2,13,6,-69,-80,10355,280,20,8,-9999,-9999
345,2017,2,13,9,-62,-79,10338,280,20,8,-9999,-9999
346,2017,2,13,12,-61,-82,10319,290,30,8,-9999,-9999
347,2017,2,13,15,-65,-84,10296,280,20,8,-9999,-9999
348,2017,2,13,18,-67,-75,10277,280,30,8,-9999,-9999
349,2017,2,13,21,-59,-65,10252,290,30,8,-9999,-9999
350,2017,2,14,0,-48,-53,10219,280,20,8,-9999,-9999
351,2017,2,14,3,-37,-41,10181,280,30,8,-9999,-9999
352,2017,2,14,6,-28,-31,10163,290,20,8,-9999,-9999
353,2017,2,14,9,-1,-5,10155,300,30,7,-9999,-9999
354,2017,2,14,12,17,6,10162,330,40,7,-9999,-9999
355,2017,2,14,15,22,-14,10186,330,30,4,-9999,-9999
356,2017,2,14,18,12,-27,10211,330,40,0,-9999,-9999
357,2017,2,14,21,-3,-37,10227,330,30,0,-9999,-9999
358,2017,2,15,0,-17,-46,10247,330,30,0,-9999,-9999
359,2017,2,15,3,-28,-53,10264,330,30,0,-9999,-9999
360,2017,2,15,6,-36,-60,10294,340,30,0,-9999,-9999
361,2017,2,15,9,-5,-70,10311,350,30,0,-9999,-9999
362,2017,2,15,12,17,-84,10314,360,20,0,-9999,-9999
363,2017,2,15,15,-4,-87,10329,330,30,0,-9999,-9999
364,2017,2,15,18,-25,-86,10337,330,20,0,-9999,-9999
365,2017,2,15,21,-66,-94,10348,300,10,0,-9999,-9999
366,2017,2,16,0,-87,-95,10350,300,10,0,-9999,-9999
367,2017,2,16,3,-108,-113,10339,0,-9999,2,-9999,-9999
368,2017,2,16,6,-103,-110,10329,190,10,6,-9999,-9999
369,2017,2,16,9,-37,-80,10302,170,10,4,-9999,-9999
370,2017,2,16,12,9,-69,10270,170,20,6,-9999,-9999
371,2017,2,16,15,-7,-53,10250,190,20,0,-9999,-9999
372,2017,2,16,18,-27,-75,10235,190,20,5,-9999,-9999
373,2017,2,16,21,-24,-56,10216,210,20,7,-9999,-9999
374,2017,2,17,0,-19,-39,10193,210,20,7,-9999,-9999
375,2017,2,17,3,-20,-33,10169,220,30,8,-9999,-9999
376,2017,2,17,6,-25,-33,10161,230,30,8,-9999,-9999
377,2017,2,17,9,-12,-28,10150,250,20,8,-9999,-9999
378,2017,2,17,12,-2,-19,10141,230,20,8,-9999,-9999
379,2017,2,17,15,5,-7,10133,230,20,8,-9999,-9999
380,2017,2,17,18,8,4,10129,250,30,8,-9999,-9999
381,2017,2,17,21,10,7,10133,260,20,8,-9999,-9999
382,2017,2,18,0,9,6,10134,270,20,8,-9999,-9999
383,2017,2,18,3,6,2,10132,270,30,8,-9999,-9999
384,2017,2,18,6,6,1,10135,260,20,8,-9999,-9999
385,2017,2,18,9,13,4,10141,270,20,8,-9999,-9999
386,2017,2,18,12,19,5,10143,280,30,8,-9999,-9999
387,2017,2,18,15,10,-5,10152,290,30,8,-9999,-9999
388,2017,2,18,18,6,-22,10167,280,30,6,-9999,-9999
389,2017,2,18,21,0,-19,10174,280,20,7,-9999,-9999
390,2017,2,19,0,-8,-23,10179,260,30,7,-9999,-9999
391,2017,2,19,3,-18,-29,10182,250,20,8,-9999,-9999
392,2017,2,19,6,-18,-30,10182,250,40,8,-9999,-9999
393,2017,2,19,9,0,-19,10167,240,40,8,-9999,-9999
394,2017,2,19,12,11,-18,10154,250,40,8,-9999,-9999
395,2017,2,19,15,10,-20,10139,240,40,8,-9999,-9999
396,2017,2,19,18,9,-16,10128,240,50,8,-9999,-9999
397,2017,2,19,21,4,-10,10121,240,30,8,-9999,-9999
398,2017,2,20,0,3,-10,10112,240,40,8,-9999,-9999
399,2017,2,20,3,5,-7,10102,240,40,8,-9999,-9999
400,2017,2,20,6,9,-5,10091,230,40,8,-9999,-9999
401,2017,2,20,9,16,-9,10077,230,40,8,-9999,-9999
402,2017,2,20,12,25,-6,10056,230,40,8,-9999,-9999
403,2017,2,20,15,21,-3,10035,230,50,8,-9999,-9999
404,2017,2,20,18,21,-3,10010,230,50,8,-9999,-9999
405,2017,2,20,21,11,0,9979,220,40,8,-9999,-9999
406,2017,2,21,0,3,-1,9938,210,40,8,-9999,-9999
407,2017,2,21,3,3,1,9908,220,40,8,-9999,-9999
408,2017,2,21,6,2,0,9887,220,30,8,-9999,-9999
409,2017,2,21,9,7,3,9871,220,30,8,-9999,-9999
410,2017,2,21,12,21,12,9864,230,40,8,-9999,-9999
411,2017,2,21,15,26,21,9875,260,20,8,-9999,-9999
412,2017,2,21,18,20,16,9893,280,20,8,-9999,-9999
413,2017,2,21,21,16,13,9898,240,10,8,-9999,-9999
414,2017,2,22,0,1,-2,9909,310,10,8,-9999,-9999
415,2017,2,22,3,2,-1,9933,350,20,8,-9999,-9999
416,2017,2,22,6,-16,-26,9976,330,20,8,-9999,-9999
417,2017,2,22,9,-34,-49,10002,20,20,8,-9999,-9999
418,2017,2,22,12,-41,-56,10006,300,20,8,-9999,-9999
419,2017,2,22,15,-53,-68,10003,240,10,8,-9999,-9999
420,2017,2,22,18,-56,-71,9983,140,20,8,-9999,-9999
421,2017,2,22,21,-43,-52,9944,150,30,8,-9999,-9999
422,2017,2,23,0,-23,-28,9903,160,40,8,-9999,-9999
423,2017,2,23,3,-8,-13,9881,190,20,8,-9999,-9999
424,2017,2,23,6,0,-4,9877,220,10,8,-9999,-9999
425,2017,2,23,9,13,2,9875,240,20,8,-9999,-9999
426,2017,2,23,12,27,-6,9876,240,20,8,-9999,-9999
427,2017,2,23,15,13,2,9885,240,30,8,-9999,-9999
428,2017,2,23,18,14,4,9906,260,30,8,-9999,-9999
429,2017,2,23,21,15,4,9921,240,20,7,-9999,-9999
430,2017,2,24,0,15,1,9925,230,20,7,-9999,-9999
431,2017,2,24,3,9,2,9908,180,20,8,-9999,-9999
432,2017,2,24,6,1,-2,9871,140,30,8,-9999,-9999
433,2017,2,24,9,13,10,9845,200,40,8,-9999,-9999
434,2017,2,24,12,37,24,9840,230,40,8,-9999,-9999
435,2017,2,24,15,34,23,9851,250,30,8,-9999,-9999
436,2017,2,24,18,2,-8,9903,310,40,8,-9999,-9999
437,2017,2,24,21,-8,-39,9947,310,30,7,-9999,-9999
438,2017,2,25,0,-29,-81,9984,310,30,6,-9999,-9999
439,2017,2,25,3,-45,-79,10010,270,20,5,-9999,-9999
440,2017,2,25,6,-47,-72,10022,250,30,3,-9999,-9999
441,2017,2,25,9,-16,-61,10032,260,40,6,-9999,-9999
442,2017,2,25,12,-9,-67,10033,280,30,7,-9999,-9999
443,2017,2,25,15,-14,-61,10042,260,30,4,-9999,-9999
444,2017,2,25,18,-31,-74,10056,260,20,3,-9999,-9999
445,2017,2,25,21,-34,-41,10076,290,40,8,-9999,-9999
446,2017,2,26,0,-50,-87,10114,270,20,2,-9999,-9999
447,2017,2,26,3,-47,-75,10123,260,20,6,-9999,-9999
448,2017,2,26,6,-43,-67,10122,250,30,4,-9999,-9999
449,2017,2,26,9,-7,-66,10108,210,30,4,-9999,-9999
450,2017,2,26,12,-7,-47,10081,200,50,8,-9999,-9999
451,2017,2,26,15,-13,-20,10051,210,30,8,-9999,-9999
452,2017,2,26,18,-2,-10,10035,230,40,8,-9999,-9999
453,2017,2,26,21,6,-4,10029,240,30,8,-9999,-9999
454,2017,2,27,0,8,3,10024,250,30,8,-9999,-9999
455,2017,2,27,3,13,5,10029,250,30,8,-9999,-9999
456,2017,2,27,6,15,8,10045,260,20,8,-9999,-9999
457,2017,2,27,9,28,0,10066,280,30,8,-9999,-9999
458,2017,2,27,12,35,-15,10088,290,30,6,-9999,-9999
459,2017,2,27,15,22,-25,10113,280,20,7,-9999,-9999
460,2017,2,27,18,12,-23,10133,290,10,8,-9999,-9999
461,2017,2,27,21,12,-17,10144,0,-9999,8,-9999,-9999
462,2017,2,28,0,10,-10,10149,140,10,8,-9999,-9999
463,2017,2,28,3,9,5,10148,160,20,8,-9999,-9999
464,2017,2,28,6,13,10,10145,150,30,9,-9999,-9999
465,2017,2,28,9,32,29,10136,160,30,8,-9999,-9999
466,2017,2,28,12,58,20,10117,150,40,7,-9999,-9999
467,2017,2,28,15,50,15,10096,140,40,7,-9999,-9999
468,2017,2,28,18,32,9,10094,150,40,5,-9999,-9999
469,2017,2,28,21,30,6,10086,160,40,8,-9999,-9999
470,2017,3,1,0,16,6,10086,170,40,8,-9999,-9999
471,2017,3,1,3,14,11,10082,160,30,8,-9999,-9999
472,2017,3,1,6,15,12,10081,150,30,9,-9999,-9999
473,2017,3,1,9,18,16,10074,160,40,9,-9999,-9999
474,2017,3,1,12,26,22,10063,140,30,8,-9999,-9999
475,2017,3,1,15,36,9,10045,130,40,8,-9999,-9999
476,2017,3,1,18,37,15,10047,170,30,8,-9999,-9999
477,2017,3,1,21,38,18,10050,180,20,8,-9999,-9999
478,2017,3,2,0,36,19,10050,170,20,8,-9999,-9999
479,2017,3,2,3,28,23,10045,210,10,8,-9999,-9999
480,2017,3,2,6,25,21,10051,280,10,8,-9999,-9999
481,2017,3,2,9,31,26,10061,270,10,8,-9999,-9999
482,2017,3,2,12,32,26,10066,260,10,8,-9999,-9999
483,2017,3,2,15,35,18,10067,0,-9999,6,-9999,-9999
484,2017,3,2,18,5,1,10074,150,10,3,-9999,-9999
485,2017,3,2,21,1,-1,10069,160,20,6,-9999,-9999
486,2017,3,3,0,13,0,10044,150,30,7,-9999,-9999
487,2017,3,3,3,15,5,10016,170,50,6,-9999,-9999
488,2017,3,3,6,24,4,10011,190,30,6,-9999,-9999
489,2017,3,3,9,24,3,10014,220,40,7,-9999,-9999
490,2017,3,3,12,12,2,10042,260,40,8,-9999,-9999
491,2017,3,3,15,20,-7,10084,270,30,6,-9999,-9999
492,2017,3,3,18,16,-9,10110,240,20,8,-9999,-9999
493,2017,3,3,21,11,-8,10121,250,20,6,-9999,-9999
494,2017,3,4,0,10,-3,10131,240,20,8,-9999,-9999
495,2017,3,4,3,-2,-10,10142,230,10,6,-9999,-9999
496,2017,3,4,6,8,-10,10151,210,20,3,-9999,-9999
497,2017,3,4,9,31,-7,10152,230,30,8,-9999,-9999
498,2017,3,4,12,66,-23,10146,210,30,6,-9999,-9999
499,2017,3,4,15,49,-22,10140,170,20,5,-9999,-9999
500,2017,3,4,18,30,-19,10139,170,30,3,-9999,-9999
501,2017,3,4,21,34,-8,10126,170,30,8,-9999,-9999
502,2017,3,5,0,28,-4,10113,170,20,8,-9999,-9999
503,2017,3,5,3,18,1,10101,170,20,6,-9999,-9999
504,2017,3,5,6,23,10,10095,170,20,7,-9999,-9999
505,2017,3,5,9,54,19,10084,190,20,8,-9999,-9999
506,2017,3,5,12,68,19,10078,200,10,7,-9999,-9999
507,2017,3,5,15,58,16,10077,190,20,8,-9999,-9999
508,2017,3,5,18,41,15,10077,120,20,8,-9999,-9999
509,2017,3,5,21,39,17,10068,170,20,8,-9999,-9999
510,2017,3,6,0,45,23,10063,190,20,7,-9999,-9999
511,2017,3,6,3,37,22,10071,190,10,6,-9999,-9999
512,2017,3,6,6,35,24,10083,150,10,8,-9999,-9999
513,2017,3,6,9,45,25,10087,90,20,8,-9999,-9999
514,2017,3,6,12,21,2,10089,70,30,8,-9999,-9999
515,2017,3,6,15,-1,-6,10089,70,50,8,-9999,-9999
516,2017,3,6,18,4,0,10094,70,40,8,-9999,-9999
517,2017,3,6,21,11,9,10098,90,40,8,-9999,-9999
518,2017,3,7,0,18,10,10107,90,30,8,-9999,-9999
519,2017,3,7,3,17,10,10112,70,30,8,-9999,-9999
520,2017,3,7,6,18,10,10115,80,50,8,-9999,-9999
521,2017,3,7,9,29,14,10114,100,60,8,-9999,-9999
522,2017,3,7,12,55,24,10109,90,40,8,-9999,-9999
523,2017,3,7,15,69,28,10136,180,30,8,-9999,-9999
524,2017,3,7,18,48,25,10179,170,20,8,-9999,-9999
525,2017,3,7,21,38,25,10207,140,10,7,-9999,-9999
526,2017,3,8,0,37,26,10230,120,10,8,-9999,-9999
527,2017,3,8,3,33,23,10245,120,10,7,-9999,-9999
528,2017,3,8,6,39,28,10264,110,10,7,-9999,-9999
529,2017,3,8,9,84,20,10266,170,40,6,-9999,-9999
530,2017,3,8,12,104,3,10267,140,10,2,-9999,-9999
531,2017,3,8,15,90,3,10269,140,10,1,-9999,-9999
532,2017,3,8,18,34,5,10276,100,20,0,-9999,-9999
533,2017,3,8,21,18,12,10278,100,20,0,-9999,-9999
534,2017,3,9,0,10,7,10271,110,20,0,-9999,-9999
535,2017,3,9,3,2,-1,10263,110,10,0,-9999,-9999
536,2017,3,9,6,22,19,10258,150,20,6,-9999,-9999
537,2017,3,9,9,86,39,10244,150,30,6,-9999,-9999
538,2017,3,9,12,99,40,10228,140,40,7,-9999,-9999
539,2017,3,9,15,83,28,10214,150,30,7,-9999,-9999
540,2017,3,9,18,64,13,10206,130,30,7,-9999,-9999
541,2017,3,9,21,45,-37,10202,140,30,7,-9999,-9999
542,2017,3,10,0,10,-38,10191,110,20,5,-9999,-9999
543,2017,3,10,3,9,-24,10177,130,20,0,-9999,-9999
544,2017,3,10,6,17,-16,10171,130,30,0,-9999,-9999
545,2017,3,10,9,53,-3,10163,140,30,2,-9999,-9999
546,2017,3,10,12,83,5,10157,190,30,6,-9999,-9999
547,2017,3,10,15,75,4,10162,190,10,7,-9999,-9999
548,2017,3,10,18,58,20,10181,260,10,8,-9999,-9999
549,2017,3,10,21,42,19,10198,280,10,8,-9999,-9999
550,2017,3,11,0,18,-1,10215,310,20,8,-9999,-9999
551,2017,3,11,3,5,-11,10222,10,10,8,-9999,-9999
552,2017,3,11,6,11,-14,10224,20,10,8,-9999,-9999
553,2017,3,11,9,14,-4,10224,60,20,8,-9999,-9999
554,2017,3,11,12,13,3,10219,10,10,8,-9999,-9999
555,2017,3,11,15,12,4,10215,40,20,8,-9999,-9999
556,2017,3,11,18,10,3,10222,30,10,8,-9999,-9999
557,2017,3,11,21,10,4,10221,40,10,8,-9999,-9999
558,2017,3,12,0,10,3,10222,50,20,8,-9999,-9999
559,2017,3,12,3,7,2,10228,60,20,8,-9999,-9999
560,2017,3,12,6,5,-2,10236,70,30,8,-9999,-9999
561,2017,3,12,9,34,5,10237,70,30,6,-9999,-9999
562,2017,3,12,12,69,-6,10232,80,30,7,-9999,-9999
563,2017,3,12,15,63,-20,10232,80,20,8,-9999,-9999
564,2017,3,12,18,38,-23,10241,70,20,8,-9999,-9999
565,2017,3,12,21,29,-30,10245,90,20,8,-9999,-9999
566,2017,3,13,0,-12,-38,10252,80,10,7,-9999,-9999
567,2017,3,13,3,-24,-37,10253,80,10,6,-9999,-9999
568,2017,3,13,6,5,-40,10256,90,20,6,-9999,-9999
569,2017,3,13,9,51,-31,10251,100,30,4,-9999,-9999
570,2017,3,13,12,93,-73,10242,100,20,0,-9999,-9999
571,2017,3,13,15,82,-90,10236,50,10,6,-9999,-9999
572,2017,3,13,18,22,-94,10250,0,-9999,6,-9999,-9999
573,2017,3,13,21,-6,-76,10256,80,10,5,-9999,-9999
574,2017,3,14,0,-14,-85,10257,0,-9999,5,-9999,-9999
575,2017,3,14,3,-31,-63,10258,0,-9999,6,-9999,-9999
576,2017,3,14,6,1,-52,10262,110,10,0,-9999,-9999
577,2017,3,14,9,61,-39,10259,110,30,5,-9999,-9999
578,2017,3,14,12,97,-67,10246,140,10,4,-9999,-9999
579,2017,3,14,15,84,-75,10241,180,10,0,-9999,-9999
580,2017,3,14,18,8,-67,10249,0,-9999,0,-9999,-9999
581,2017,3,14,21,-10,-57,10238,180,10,0,-9999,-9999
582,2017,3,15,0,-3,-35,10222,210,10,6,-9999,-9999
583,2017,3,15,3,-11,-26,10198,210,10,6,-9999,-9999
584,2017,3,15,6,9,-12,10179,210,20,6,-9999,-9999
585,2017,3,15,9,43,-8,10151,210,30,7,-9999,-9999
586,2017,3,15,12,45,-16,10133,230,20,8,-9999,-9999
587,2017,3,15,15,18,9,10126,230,20,8,-9999,-9999
588,2017,3,15,18,15,8,10122,250,20,8,-9999,-9999
589,2017,3,15,21,18,12,10114,240,10,8,-9999,-9999
590,2017,3,16,0,4,-1,10101,0,-9999,8,-9999,-9999
591,2017,3,16,3,10,7,10092,250,10,8,-9999,-9999
592,2017,3,16,6,13,10,10089,250,10,8,-9999,-9999
593,2017,3,16,9,25,14,10093,320,10,8,-9999,-9999
594,2017,3,16,12,56,-1,10097,330,30,6,-9999,-9999
595,2017,3,16,15,53,-2,10111,320,20,3,-9999,-9999
596,2017,3,16,18,14,-12,10142,330,20,7,-9999,-9999
597,2017,3,16,21,-11,-21,10155,310,10,0,-9999,-9999
598,2017,3,17,0,-33,-36,10162,0,-9999,0,-9999,-9999
599,2017,3,17,3,-35,-38,10165,300,10,0,-9999,-9999
600,2017,3,17,6,-1,-6,10164,220,10,3,-9999,-9999
601,2017,3,17,9,65,-5,10148,240,20,6,-9999,-9999
602,2017,3,17,12,74,-42,10126,240,20,7,-9999,-9999
603,2017,3,17,15,71,-50,10106,220,20,2,-9999,-9999
604,2017,3,17,18,28,-42,10092,170,20,0,-9999,-9999
605,2017,3,17,21,27,-35,10074,170,30,8,-9999,-9999
606,2017,3,18,0,10,-33,10057,170,20,5,-9999,-9999
607,2017,3,18,3,14,-27,10034,170,30,7,-9999,-9999
608,2017,3,18,6,17,-29,10023,170,30,8,-9999,-9999
609,2017,3,18,9,42,-22,10007,180,40,8,-9999,-9999
610,2017,3,18,12,24,8,9997,180,30,8,-9999,-9999
611,2017,3,18,15,11,6,9991,160,30,8,-9999,-9999
612,2017,3,18,18,3,0,9989,170,10,8,-9999,-9999
613,2017,3,18,21,-3,-7,9987,230,10,8,-9999,-9999
614,2017,3,19,0,-3,-7,9990,230,10,8,-9999,-9999
615,2017,3,19,3,-12,-15,9992,160,10,8,-9999,-9999
616,2017,3,19,6,-13,-15,9999,90,20,8,-9999,-9999
617,2017,3,19,9,9,-6,10005,110,30,7,-9999,-9999
618,2017,3,19,12,39,-14,10007,50,20,6,-9999,-9999
619,2017,3,19,15,24,-17,10023,10,20,6,-9999,-9999
620,2017,3,19,18,5,-14,10039,350,20,0,-9999,-9999
621,2017,3,19,21,-12,-22,10046,350,10,0,-9999,-9999
622,2017,3,20,0,-23,-30,10053,320,10,0,-9999,-9999
623,2017,3,20,3,-45,-48,10065,0,-9999,4,-9999,-9999
624,2017,3,20,6,-15,-18,10074,310,10,8,-9999,-9999
625,2017,3,20,9,40,-22,10072,30,20,6,-9999,-9999
626,2017,3,20,12,54,-54,10077,60,10,5,-9999,-9999
627,2017,3,20,15,46,-29,10088,130,20,6,-9999,-9999
628,2017,3,20,18,-8,-29,10107,120,10,0,-9999,-9999
629,2017,3,20,21,-20,-33,10108,140,10,0,-9999,-9999
630,2017,3,21,0,-30,-36,10110,130,10,0,-9999,-9999
631,2017,3,21,3,-22,-32,10112,130,20,7,-9999,-9999
632,2017,3,21,6,-4,-27,10111,150,20,7,-9999,-9999
633,2017,3,21,9,56,-11,10103,180,30,8,-9999,-9999
634,2017,3,21,12,78,-29,10097,180,50,8,-9999,-9999
635,2017,3,21,15,56,10,10101,160,30,8,-9999,-9999
636,2017,3,21,18,63,21,10113,200,40,8,-9999,-9999
637,2017,3,21,21,52,40,10124,200,20,8,-9999,-9999
638,2017,3,22,0,51,46,10137,180,10,8,-9999,-9999
639,2017,3,22,3,52,48,10146,210,10,8,-9999,-9999
640,2017,3,22,6,55,51,10153,200,10,8,-9999,-9999
641,2017,3,22,9,72,59,10155,180,30,8,-9999,-9999
642,2017,3,22,12,100,61,10147,200,30,8,-9999,-9999
643,2017,3,22,15,105,66,10141,190,20,8,-9999,-9999
644,2017,3,22,18,56,47,10168,320,20,8,-9999,-9999
645,2017,3,22,21,36,22,10187,310,10,8,-9999,-9999
646,2017,3,23,0,13,7,10208,310,10,8,-9999,-9999
647,2017,3,23,3,-8,-11,10224,290,10,3,-9999,-9999
648,2017,3,23,6,21,-3,10242,290,10,0,-9999,-9999
649,2017,3,23,9,75,-5,10248,250,20,0,-9999,-9999
650,2017,3,23,12,100,-24,10243,260,30,0,-9999,-9999
651,2017,3,23,15,99,-56,10239,290,20,0,-9999,-9999
652,2017,3,23,18,35,-33,10252,270,10,0,-9999,-9999
653,2017,3,23,21,4,-32,10257,220,10,0,-9999,-9999
654,2017,3,24,0,0,-28,10227,360,0,7,-9999,-9999
655,2017,3,24,3,-1,-28,10227,0,-9999,7,-9999,-9999
656,2017,3,24,6,13,-21,10214,0,-9999,8,-9999,-9999
657,2017,3,24,9,73,-17,10189,310,20,8,-9999,-9999
658,2017,3,24,12,41,18,10183,350,30,8,-9999,-9999
659,2017,3,24,15,52,-14,10175,340,30,2,-9999,-9999
660,2017,3,24,18,27,-58,10196,340,50,0,-9999,-9999
661,2017,3,24,21,-4,-68,10210,310,20,0,-9999,-9999
662,2017,3,25,0,-11,-83,10218,320,30,6,-9999,-9999
663,2017,3,25,3,-35,-78,10220,300,10,0,-9999,-9999
664,2017,3,25,6,-10,-67,10215,300,20,0,-9999,-9999
665,2017,3,25,9,30,-82,10196,280,30,4,-9999,-9999
666,2017,3,25,12,37,-88,10172,260,20,6,-9999,-9999
667,2017,3,25,15,28,-108,10155,300,10,8,-9999,-9999
668,2017,3,25,18,-8,-52,10158,280,10,8,-9999,-9999
669,2017,3,25,21,-21,-49,10167,0,-9999,6,-9999,-9999
670,2017,3,26,0,-17,-40,10175,300,10,8,-9999,-9999
671,2017,3,26,3,-7,-63,10182,350,10,8,-9999,-9999
672,2017,3,26,6,13,-54,10194,320,10,8,-9999,-9999
673,2017,3,26,9,34,-67,10195,260,20,8,-9999,-9999
674,2017,3,26,12,46,-51,10183,280,20,7,-9999,-9999
675,2017,3,26,15,34,-42,10158,270,30,8,-9999,-9999
676,2017,3,26,18,26,-17,10131,270,30,8,-9999,-9999
677,2017,3,26,21,4,-3,10077,260,40,8,-9999,-9999
678,2017,3,27,0,21,3,10029,280,40,8,-9999,-9999
679,2017,3,27,3,19,-7,10036,300,30,6,-9999,-9999
680,2017,3,27,6,35,-21,10048,320,50,5,-9999,-9999
681,2017,3,27,9,67,-53,10058,320,50,3,-9999,-9999
682,2017,3,27,12,87,-71,10061,320,60,3,-9999,-9999
683,2017,3,27,15,85,-86,10064,310,40,5,-9999,-9999
684,2017,3,27,18,65,-59,10058,270,20,7,-9999,-9999
685,2017,3,27,21,55,-1,10026,280,40,8,-9999,-9999
686,2017,3,28,0,55,20,9990,280,30,7,-9999,-9999
687,2017,3,28,3,52,-7,9986,300,60,4,-9999,-9999
688,2017,3,28,6,30,-46,10023,310,50,7,-9999,-9999
689,2017,3,28,9,51,-65,10054,330,50,6,-9999,-9999
690,2017,3,28,12,62,-76,10078,310,40,6,-9999,-9999
691,2017,3,28,15,46,-84,10095,310,40,6,-9999,-9999
692,2017,3,28,18,16,-74,10111,290,10,5,-9999,-9999
693,2017,3,28,21,12,-64,10111,290,20,7,-9999,-9999
694,2017,3,29,0,10,-75,10123,330,30,0,-9999,-9999
695,2017,3,29,3,-19,-91,10146,310,20,0,-9999,-9999
696,2017,3,29,6,-3,-83,10161,340,20,2,-9999,-9999
697,2017,3,29,9,17,-105,10162,300,20,6,-9999,-9999
698,2017,3,29,12,35,-140,10140,320,20,8,-9999,-9999
699,2017,3,29,15,27,-133,10122,230,10,8,-9999,-9999
700,2017,3,29,18,11,-94,10125,320,20,8,-9999,-9999
701,2017,3,29,21,3,-76,10121,340,20,8,-9999,-9999
702,2017,3,30,0,-9,-46,10135,330,30,8,-9999,-9999
703,2017,3,30,3,-24,-54,10163,310,20,2,-9999,-9999
704,2017,3,30,6,-9,-72,10194,350,30,4,-9999,-9999
705,2017,3,30,9,19,-133,10219,340,30,6,-9999,-9999
706,2017,3,30,12,18,-148,10237,350,30,6,-9999,-9999
707,2017,3,30,15,26,-138,10246,320,30,4,-9999,-9999
708,2017,3,30,18,-23,-105,10266,240,10,0,-9999,-9999
709,2017,3,30,21,-27,-87,10275,220,10,-9999,-9999,-9999
710,2017,3,31,0,-15,-89,10264,210,10,0,-9999,-9999
711,2017,3,31,3,-12,-84,10240,190,30,8,-9999,-9999
712,2017,3,31,6,3,-66,10216,200,20,8,-9999,-9999
713,2017,3,31,9,-4,-11,10178,160,40,8,-9999,-9999
714,2017,3,31,12,7,3,10146,180,30,8,-9999,-9999
715,2017,3,31,15,7,4,10134,230,10,8,-9999,-9999
716,2017,3,31,18,9,7,10157,330,30,8,-9999,-9999
717,2017,3,31,21,6,0,10186,330,10,8,-9999,-9999
718,2017,4,1,0,4,-4,10204,360,10,8,-9999,-9999
719,2017,4,1,3,2,-11,10221,0,-9999,8,-9999,-9999
720,2017,4,1,6,8,-29,10239,100,30,8,-9999,-9999
721,2017,4,1,9,17,-26,10250,160,20,8,-9999,-9999
722,2017,4,1,12,23,-16,10246,160,30,8,-9999,-9999
723,2017,4,1,15,29,-10,10226,170,30,8,-9999,-9999
724,2017,4,1,18,23,1,10211,170,30,8,-9999,-9999
725,2017,4,1,21,16,3,10193,180,30,8,-9999,-9999
726,2017,4,2,0,26,17,10179,190,30,8,-9999,-9999
727,2017,4,2,3,32,24,10165,210,20,8,-9999,-9999
728,2017,4,2,6,69,54,10161,230,20,5,-9999,-9999
729,2017,4,2,9,144,80,10153,230,20,5,-9999,-9999
730,2017,4,2,12,201,79,10139,240,40,3,-9999,-9999
731,2017,4,2,15,195,57,10134,260,20,3,-9999,-9999
732,2017,4,2,18,137,56,10144,230,10,5,-9999,-9999
733,2017,4,2,21,104,49,10143,280,10,6,-9999,-9999
734,2017,4,3,0,56,38,10142,0,-9999,5,-9999,-9999
735,2017,4,3,3,76,56,10149,290,20,7,-9999,-9999
736,2017,4,3,6,95,80,10144,320,20,8,-9999,-9999
737,2017,4,3,9,128,86,10152,310,40,7,-9999,-9999
738,2017,4,3,12,145,50,10164,320,20,8,-9999,-9999
739,2017,4,3,15,146,29,10176,320,20,8,-9999,-9999
740,2017,4,3,18,103,38,10206,350,30,7,-9999,-9999
741,2017,4,3,21,51,20,10235,360,10,0,-9999,-9999
742,2017,4,4,0,56,15,10244,360,20,0,-9999,-9999
743,2017,4,4,3,51,8,10255,310,10,8,-9999,-9999
744,2017,4,4,6,59,27,10272,10,10,8,-9999,-9999
745,2017,4,4,9,82,31,10280,50,10,7,-9999,-9999
746,2017,4,4,12,94,16,10278,330,10,6,-9999,-9999
747,2017,4,4,15,99,20,10271,100,20,3,-9999,-9999
748,2017,4,4,18,48,22,10271,120,10,0,-9999,-9999
749,2017,4,4,21,23,13,10267,130,10,0,-9999,-9999
750,2017,4,5,0,12,7,10255,150,10,0,-9999,-9999
751,2017,4,5,3,5,2,10239,170,10,0,-9999,-9999
752,2017,4,5,6,31,28,10226,180,20,9,-9999,-9999
753,2017,4,5,9,131,11,10193,220,30,1,-9999,-9999
754,2017,4,5,12,159,21,10158,200,40,2,-9999,-9999
755,2017,4,5,15,137,55,10134,190,40,6,-9999,-9999
756,2017,4,5,18,97,57,10127,180,20,6,-9999,-9999
757,2017,4,5,21,74,61,10112,180,20,7,-9999,-9999
758,2017,4,6,0,60,53,10092,170,20,8,-9999,-9999
759,2017,4,6,3,59,52,10070,170,20,7,-9999,-9999
760,2017,4,6,6,101,64,10059,210,20,6,-9999,-9999
761,2017,4,6,9,157,55,10047,160,40,4,-9999,-9999
762,2017,4,15,6,35,-63,10061,310,20,6,-9999,-9999
763,2017,4,16,12,61,25,9967,240,40,6,-9999,-9999
764,2017,4,20,0,-7,-91,10296,20,10,8,-9999,-9999
765,2017,4,25,18,77,-8,10121,140,30,-9999,-9999,-9999
766,2017,5,9,15,39,-19,10056,150,-9999,7,-9999,-9999
767,2017,5,22,6,130,23,-9999,290,-9999,6,-9999,-9999
768,2017,6,2,15,67,-10,10077,270,10,4,-9999,-9999
769,2017,6,23,0,92,84,10086,270,10,8,-9999,-9999
770,2017,6,26,15,165,120,10052,280,10,3,-9999,-9999
771,2017,6,26,18,165,120,10052,280,10,3,-9999,-9999
772,2017,7,6,12,167,28,10131,310,50,2,-9999,-9999
773,2017,7,10,6,170,117,10138,290,10,6,-9999,-9999
774,2017,7,15,6,117,103,10108,290,10,8,-9999,-9999
775,2017,7,24,0,92,87,10162,360,0,0,-9999,-9999
776,2017,7,27,12,241,128,10077,260,20,-9999,-9999,-9999
777,2017,8,21,18,162,132,10134,360,10,4,-9999,-9999
778,2017,8,24,3,120,104,10005,180,30,8,-9999,-9999
779,2017,8,25,3,115,101,10111,290,20,8,-9999,-9999
780,2017,8,28,6,102,95,10073,340,30,8,-9999,-9999
781,2017,8,29,18,102,85,10211,340,10,8,-9999,-9999
782,2017,8,30,3,86,77,10224,360,0,8,-9999,-9999
783,2017,9,1,3,45,39,10211,360,0,0,-9999,-9999
784,2017,9,3,18,147,126,10147,80,20,7,-9999,-9999
785,2017,9,4,15,152,142,10159,90,20,8,-9999,-9999
786,2017,9,15,0,142,138,10030,210,20,8,-9999,-9999
787,2017,9,15,3,148,142,10021,200,10,7,-9999,-9999
788,2017,9,18,18,120,82,10028,210,40,8,-9999,-9999
789,2017,9,19,0,107,71,10043,230,40,8,-9999,-9999
790,2017,9,22,12,177,92,10244,100,60,0,-9999,-9999
791,2017,9,22,18,116,79,10267,90,40,0,-9999,-9999
792,2017,9,24,9,157,78,10333,90,50,0,-9999,-9999
793,2017,9,24,15,115,62,10347,90,30,0,-9999,-9999
794,2017,9,25,3,70,55,10372,80,30,0,-9999,-9999
795,2017,10,1,3,55,48,10319,340,10,8,-9999,-9999
796,2017,10,6,18,62,50,9995,240,10,2,-9999,-9999
797,2017,10,8,0,67,54,10141,180,20,7,-9999,-9999
798,2017,10,8,21,71,61,10102,80,20,8,-9999,-9999
799,2017,10,15,0,50,43,10102,210,20,-9999,-9999,-9999
800,2017,10,15,15,97,24,10115,330,50,5,-9999,-9999
801,2017,10,16,3,72,59,10186,310,20,8,-9999,-9999
802,2017,10,23,3,-59,-63,10217,360,0,-9999,-9999,-9999
803,2017,10,26,12,1,-3,10101,150,20,8,-9999,-9999
804,2017,10,26,15,2,0,10089,180,10,9,-9999,-9999
805,2017,10,26,18,11,9,10074,210,20,8,-9999,-9999
806,2017,10,26,21,19,16,10062,230,10,8,-9999,-9999
807,2017,10,27,0,35,32,10056,270,10,8,-9999,-9999
808,2017,10,27,3,34,31,10056,300,20,8,-9999,-9999
809,2017,10,27,6,22,20,10054,150,-9999,1,-9999,-9999
810,2017,10,27,9,46,26,10053,180,20,8,-9999,-9999
811,2017,10,27,12,54,46,10050,220,10,8,-9999,-9999
812,2017,10,27,15,47,39,10056,330,20,8,-9999,-9999
813,2017,10,27,18,5,1,10071,0,-9999,7,-9999,-9999
814,2017,10,27,21,-6,-8,10074,260,10,0,-9999,-9999
815,2017,10,28,0,-19,-21,10074,300,10,0,-9999,-9999
816,2017,10,28,3,-22,-24,10064,230,10,3,-9999,-9999
817,2017,10,28,6,-9,-12,10056,210,10,2,-9999,-9999
818,2017,10,28,9,23,12,10037,180,20,6,-9999,-9999
819,2017,10,28,12,32,16,10012,180,20,8,-9999,-9999
820,2017,10,28,15,25,17,9982,180,10,8,-9999,-9999
821,2017,10,28,18,22,19,9955,200,10,8,-9999,-9999
822,2017,10,28,21,17,8,9925,190,30,8,-9999,-9999
823,2017,10,29,0,17,13,9886,170,30,8,-9999,-9999
824,2017,10,29,3,26,22,9849,170,30,8,-9999,-9999
825,2017,10,29,6,42,37,9820,180,30,8,-9999,-9999
826,2017,10,29,9,62,49,9817,200,20,8,-9999,-9999
827,2017,10,29,12,71,50,9807,180,20,6,-9999,-9999
828,2017,10,29,15,61,51,9803,160,30,8,-9999,-9999
829,2017,10,29,18,57,48,9807,160,40,8,-9999,-9999
830,2017,10,29,21,53,45,9802,140,30,8,-9999,-9999
831,2017,10,30,0,48,41,9791,130,30,8,-9999,-9999
832,2017,10,30,3,43,37,9782,100,30,8,-9999,-9999
833,2017,10,30,6,41,36,9782,80,20,8,-9999,-9999
834,2017,10,30,9,49,42,9779,0,-9999,8,-9999,-9999
835,2017,10,30,12,52,44,9783,0,-9999,8,-9999,-9999
836,2017,10,30,15,39,33,9798,350,10,8,-9999,-9999
837,2017,10,30,18,38,31,9811,330,30,7,-9999,-9999
838,2017,10,30,21,32,24,9827,320,30,8,-9999,-9999
839,2017,10,31,0,24,20,9841,310,30,8,-9999,-9999
840,2017,10,31,3,17,11,9857,300,40,8,-9999,-9999
841,2017,10,31,6,8,2,9879,310,40,8,-9999,-9999
842,2017,10,31,9,12,5,9898,300,30,8,-9999,-9999
843,2017,10,31,12,16,7,9925,310,50,8,-9999,-9999
844,2017,10,31,15,10,0,9959,310,50,8,-9999,-9999
845,2017,10,31,18,7,-5,9986,300,40,8,-9999,-9999
846,2017,10,31,21,4,-9,10007,300,40,8,-9999,-9999
847,2017,11,1,0,1,-20,10022,300,40,8,-9999,-9999
848,2017,11,1,3,-7,-45,10043,310,40,8,-9999,-9999
849,2017,11,1,6,-17,-49,10064,300,30,6,-9999,-9999
850,2017,11,1,9,-6,-53,10073,290,30,8,-9999,-9999
851,2017,11,1,12,2,-41,10070,280,20,8,-9999,-9999
852,2017,11,1,15,-9,-44,10066,260,20,8,-9999,-9999
853,2017,11,1,18,-9,-20,10053,250,10,8,-9999,-9999
854,2017,11,1,21,-7,-16,10041,170,10,8,-9999,-9999
855,2017,11,2,0,-9,-13,10033,120,10,8,-9999,-9999
856,2017,11,2,3,-9,-13,10032,110,10,8,-9999,-9999
857,2017,11,2,6,-14,-16,10040,100,20,-9999,-9999,-9999
858,2017,11,2,9,-4,-7,10045,150,20,8,-9999,-9999
859,2017,11,2,12,12,-4,10037,130,20,6,-9999,-9999
860,2017,11,2,15,8,-4,10032,120,30,8,-9999,-9999
861,2017,11,2,18,4,-1,10028,120,30,8,-9999,-9999
862,2017,11,2,21,6,3,10021,110,30,8,-9999,-9999
863,2017,11,3,0,11,8,10020,110,20,8,-9999,-9999
864,2017,11,3,3,13,11,10026,100,20,8,-9999,-9999
865,2017,11,3,6,16,13,10042,80,10,9,-9999,-9999
866,2017,11,3,9,25,22,10062,0,-9999,8,-9999,-9999
867,2017,11,3,12,34,31,10072,320,20,8,-9999,-9999
868,2017,11,3,15,34,30,10096,300,10,8,-9999,-9999
869,2017,11,3,18,26,13,10117,300,20,8,-9999,-9999
870,2017,11,3,21,12,-6,10141,300,20,8,-9999,-9999
871,2017,11,4,0,9,-9,10156,310,20,8,-9999,-9999
872,2017,11,4,3,6,1,10172,230,10,8,-9999,-9999
873,2017,11,4,6,13,9,10182,240,10,8,-9999,-9999
874,2017,11,4,9,34,24,10191,190,10,8,-9999,-9999
875,2017,11,4,12,47,38,10193,220,20,8,-9999,-9999
876,2017,11,4,15,44,38,10202,220,10,8,-9999,-9999
877,2017,11,4,18,41,34,10207,210,20,8,-9999,-9999
878,2017,11,4,21,42,34,10214,200,20,8,-9999,-9999
879,2017,11,5,0,39,31,10216,200,20,8,-9999,-9999
880,2017,11,5,3,38,30,10219,200,20,8,-9999,-9999
881,2017,11,5,6,38,30,10221,190,30,8,-9999,-9999
882,2017,11,5,9,50,37,10224,180,20,8,-9999,-9999
883,2017,11,5,12,56,36,10217,170,30,8,-9999,-9999
884,2017,11,5,15,50,31,10215,170,20,8,-9999,-9999
885,2017,11,5,18,32,24,10220,170,20,6,-9999,-9999
886,2017,11,5,21,29,24,10230,170,20,6,-9999,-9999
887,2017,11,6,0,14,11,10236,140,10,7,-9999,-9999
888,2017,11,6,3,17,14,10236,150,20,8,-9999,-9999
889,2017,11,6,6,43,39,10237,170,20,6,-9999,-9999
890,2017,11,6,9,70,47,10243,180,30,7,-9999,-9999
891,2017,11,6,12,83,35,10242,190,30,6,-9999,-9999
892,2017,11,6,18,57,19,10255,190,30,8,-9999,-9999
893,2017,11,6,21,51,18,10266,190,30,8,-9999,-9999
894,2017,11,7,0,45,17,10267,200,30,8,-9999,-9999
895,2017,11,7,3,40,17,10268,200,20,8,-9999,-9999
896,2017,11,7,6,38,21,10273,200,10,8,-9999,-9999
897,2017,11,7,9,42,33,10286,230,10,8,-9999,-9999
898,2017,11,7,12,47,40,10289,260,10,8,-9999,-9999
899,2017,11,7,15,47,43,10300,0,-9999,9,-9999,-9999
900,2017,11,7,18,48,44,10310,0,-9999,9,-9999,-9999
901,2017,11,7,21,46,43,10318,0,-9999,8,-9999,-9999
902,2017,11,8,0,38,35,10327,0,-9999,8,-9999,-9999
903,2017,11,8,3,20,11,10334,0,-9999,8,-9999,-9999
904,2017,11,8,6,26,-1,10341,60,10,6,-9999,-9999
905,2017,11,8,9,54,-2,10342,90,20,7,-9999,-9999
906,2017,11,8,12,66,-6,10336,110,10,7,-9999,-9999
907,2017,11,8,15,30,-6,10337,0,-9999,7,-9999,-9999
908,2017,11,8,18,4,-11,10337,0,-9999,3,-9999,-9999
909,2017,11,8,21,-11,-16,10337,90,10,0,-9999,-9999
910,2017,11,9,0,-13,-16,10331,90,10,7,-9999,-9999
911,2017,11,9,3,-8,-14,10318,100,10,8,-9999,-9999
912,2017,11,9,6,-8,-14,10311,110,10,6,-9999,-9999
913,2017,11,9,9,21,10,10298,140,20,8,-9999,-9999
914,2017,11,9,12,30,6,10276,170,20,8,-9999,-9999
915,2017,11,9,15,22,-9,10258,170,20,8,-9999,-9999
916,2017,11,9,18,6,-9,10247,200,20,8,-9999,-9999
917,2017,11,9,21,7,2,10232,190,10,8,-9999,-9999
918,2017,11,10,0,13,10,10209,180,20,8,-9999,-9999
919,2017,11,10,3,23,20,10189,180,20,8,-9999,-9999
920,2017,11,10,6,29,26,10171,190,30,8,-9999,-9999
921,2017,11,10,9,38,33,10162,200,30,8,-9999,-9999
922,2017,11,10,12,41,37,10143,180,30,8,-9999,-9999
923,2017,11,10,15,44,40,10135,190,30,8,-9999,-9999
924,2017,11,10,18,47,43,10126,190,20,8,-9999,-9999
925,2017,11,10,21,53,47,10117,210,20,8,-9999,-9999
926,2017,11,11,0,44,36,10108,180,20,8,-9999,-9999
927,2017,11,11,3,54,47,10089,170,30,8,-9999,-9999
928,2017,11,11,6,60,50,10075,170,40,8,-9999,-9999
929,2017,11,11,9,61,52,10058,170,40,8,-9999,-9999
930,2017,11,11,12,64,45,10040,170,40,8,-9999,-9999
931,2017,11,11,15,53,42,10039,230,30,8,-9999,-9999
932,2017,11,11,18,36,22,10044,230,20,8,-9999,-9999
933,2017,11,11,21,28,21,10040,230,10,8,-9999,-9999
934,2017,11,12,0,16,9,10037,180,10,0,-9999,-9999
935,2017,11,12,3,12,-1,10037,220,20,8,-9999,-9999
936,2017,11,12,6,3,-6,10037,180,30,6,-9999,-9999
937,2017,11,12,9,16,2,10039,200,20,8,-9999,-9999
938,2017,11,12,12,22,4,10034,180,20,8,-9999,-9999
939,2017,11,12,15,19,2,10045,190,30,8,-9999,-9999
940,2017,11,12,18,19,3,10058,210,20,8,-9999,-9999
941,2017,11,12,21,20,0,10070,230,10,8,-9999,-9999
942,2017,11,13,0,17,3,10088,210,10,8,-9999,-9999
943,2017,11,13,3,15,-3,10105,200,20,8,-9999,-9999
944,2017,11,13,6,11,-6,10122,170,10,8,-9999,-9999
945,2017,11,13,9,1,-9,10144,180,20,8,-9999,-9999
946,2017,11,13,12,22,3,10137,170,20,8,-9999,-9999
947,2017,11,13,15,12,4,10124,120,30,8,-9999,-9999
948,2017,11,13,18,2,-1,10105,130,30,8,-9999,-9999
949,2017,11,13,21,1,-1,10087,120,20,8,-9999,-9999
950,2017,11,14,0,2,0,10069,170,10,8,-9999,-9999
951,2017,11,14,3,1,-1,10061,0,-9999,8,-9999,-9999
952,2017,11,14,6,0,-1,10075,0,-9999,8,-9999,-9999
953,2017,11,14,9,2,0,10110,300,10,8,-9999,-9999
954,2017,11,14,12,2,0,10140,290,20,8,-9999,-9999
955,2017,11,14,15,2,-4,10173,280,10,8,-9999,-9999
956,2017,11,14,18,2,-4,10192,240,10,8,-9999,-9999
957,2017,11,14,21,4,-1,10203,250,10,8,-9999,-9999
958,2017,11,15,0,1,-4,10209,250,10,8,-9999,-9999
959,2017,11,15,3,1,-5,10205,220,20,8,-9999,-9999
960,2017,11,15,6,3,-4,10208,230,20,8,-9999,-9999
961,2017,11,15,9,8,-8,10210,220,30,7,-9999,-9999
962,2017,11,15,12,15,-3,10202,220,20,8,-9999,-9999
963,2017,11,15,15,9,4,10200,220,20,8,-9999,-9999
964,2017,11,15,18,16,12,10197,240,20,8,-9999,-9999
965,2017,11,15,21,23,19,10191,240,20,8,-9999,-9999
966,2017,11,16,0,27,18,10186,240,20,8,-9999,-9999
967,2017,11,16,3,36,25,10176,250,30,8,-9999,-9999
968,2017,11,16,6,33,19,10187,260,30,6,-9999,-9999
969,2017,11,16,9,43,8,10203,290,30,6,-9999,-9999
970,2017,11,16,12,44,-4,10214,280,30,5,-9999,-9999
971,2017,11,16,15,26,-2,10229,280,10,2,-9999,-9999
972,2017,11,16,18,3,-8,10239,280,10,0,-9999,-9999
973,2017,11,16,21,-6,-11,10248,280,10,0,-9999,-9999
974,2017,11,17,0,3,-3,10251,280,10,8,-9999,-9999
975,2017,11,17,3,0,-6,10250,220,10,8,-9999,-9999
976,2017,11,17,6,-1,-6,10246,200,10,8,-9999,-9999
977,2017,11,17,9,19,-7,10235,200,30,8,-9999,-9999
978,2017,11,17,12,26,-4,10217,200,30,8,-9999,-9999
979,2017,11,17,15,23,6,10204,210,30,8,-9999,-9999
980,2017,11,17,18,18,-2,10196,220,30,8,-9999,-9999
981,2017,11,17,21,11,-7,10191,230,20,8,-9999,-9999
982,2017,11,18,0,9,0,10191,250,20,8,-9999,-9999
983,2017,11,18,3,8,0,10188,200,10,8,-9999,-9999
984,2017,11,18,6,7,-1,10191,220,10,8,-9999,-9999
985,2017,11,18,9,21,-15,10185,220,20,8,-9999,-9999
986,2017,11,18,12,20,-5,10170,190,20,8,-9999,-9999
987,2017,11,18,15,13,0,10158,180,10,8,-9999,-9999
988,2017,11,18,18,4,-1,10144,180,10,8,-9999,-9999
989,2017,11,18,21,2,-2,10129,180,10,8,-9999,-9999
990,2017,11,19,0,1,-2,10112,180,20,8,-9999,-9999
991,2017,11,19,3,0,-2,10097,190,10,8,-9999,-9999
992,2017,11,19,6,0,-2,10085,150,10,8,-9999,-9999
993,2017,11,19,9,1,-1,10079,170,20,8,-9999,-9999
994,2017,11,19,12,3,0,10065,170,10,8,-9999,-9999
995,2017,11,19,15,1,-2,10062,190,20,8,-9999,-9999
996,2017,11,19,18,1,-5,10063,200,20,8,-9999,-9999
997,2017,11,19,21,4,-3,10072,220,20,8,-9999,-9999
998,2017,11,20,0,5,-1,10080,200,20,8,-9999,-9999
999,2017,11,20,3,7,1,10086,200,30,8,-9999,-9999
1000,2017,11,20,6,6,-2,10097,180,20,8,-9999,-9999
1001,2017,11,20,9,12,1,10104,180,20,8,-9999,-9999
1002,2017,11,20,12,17,-3,10103,180,20,8,-9999,-9999
1003,2017,11,20,15,-10,-19,10107,160,10,2,-9999,-9999
1004,2017,11,20,18,-9,-15,10106,130,10,7,-9999,-9999
1005,2017,11,20,21,-18,-21,10103,140,10,7,-9999,-9999
1006,2017,11,21,0,-26,-29,10098,140,10,7,-9999,-9999
1007,2017,11,21,3,-23,-25,10098,110,10,9,-9999,-9999
1008,2017,11,21,6,-22,-24,10099,260,10,9,-9999,-9999
1009,2017,11,21,9,-14,-16,10103,230,10,8,-9999,-9999
1010,2017,11,21,12,-3,-5,10100,0,-9999,7,-9999,-9999
1011,2017,11,21,15,-15,-18,10106,0,-9999,7,-9999,-9999
1012,2017,11,21,18,-10,-13,10108,0,-9999,8,-9999,-9999
1013,2017,11,21,21,-20,-23,10113,0,-9999,8,-9999,-9999
1014,2017,11,22,0,-26,-30,10117,280,10,6,-9999,-9999
1015,2017,11,22,3,-37,-40,10124,300,10,8,-9999,-9999
1016,2017,11,22,6,-40,-43,10136,330,10,9,-9999,-9999
1017,2017,11,22,9,-25,-29,10143,310,10,8,-9999,-9999
1018,2017,11,22,12,-24,-27,10150,330,10,8,-9999,-9999
1019,2017,11,22,15,-22,-25,10161,290,10,8,-9999,-9999
1020,2017,11,22,18,-15,-26,10175,320,20,8,-9999,-9999
1021,2017,11,22,21,-20,-26,10181,300,10,8,-9999,-9999
1022,2017,11,23,0,-22,-31,10191,320,30,8,-9999,-9999
1023,2017,11,23,3,-25,-44,10204,340,30,8,-9999,-9999
1024,2017,11,23,6,-23,-43,10214,310,20,8,-9999,-9999
1025,2017,11,23,9,-19,-53,10219,340,20,8,-9999,-9999
1026,2017,11,23,12,-18,-51,10222,340,10,8,-9999,-9999
1027,2017,11,23,15,-27,-55,10230,300,10,8,-9999,-9999
1028,2017,11,23,18,-57,-68,10235,130,10,8,-9999,-9999
1029,2017,11,23,21,-69,-75,10236,240,10,8,-9999,-9999
1030,2017,11,24,0,-79,-85,10239,0,-9999,0,-9999,-9999
1031,2017,11,24,3,-85,-91,10243,120,10,0,-9999,-9999
1032,2017,11,24,6,-64,-71,10244,140,10,8,-9999,-9999
1033,2017,11,24,9,-54,-60,10243,150,40,8,-9999,-9999
1034,2017,11,24,12,-46,-54,10239,150,30,8,-9999,-9999
1035,2017,11,24,15,-50,-60,10236,140,30,8,-9999,-9999
1036,2017,11,24,18,-41,-56,10227,160,30,8,-9999,-9999
1037,2017,11,24,21,-33,-52,10221,170,30,8,-9999,-9999
1038,2017,11,25,0,-31,-48,10212,170,20,8,-9999,-9999
1039,2017,11,25,3,-31,-37,10201,170,30,8,-9999,-9999
1040,2017,11,25,6,-25,-34,10193,170,20,8,-9999,-9999
1041,2017,11,25,9,-16,-25,10186,170,30,8,-9999,-9999
1042,2017,11,25,12,-11,-15,10187,170,20,8,-9999,-9999
1043,2017,11,25,15,-9,-12,10186,150,20,8,-9999,-9999
1044,2017,11,25,18,-7,-9,10184,150,30,8,-9999,-9999
1045,2017,11,25,21,-5,-7,10186,140,30,8,-9999,-9999
1046,2017,11,26,0,-5,-6,10184,150,40,9,-9999,-9999
1047,2017,11,26,3,-2,-4,10181,160,40,8,-9999,-9999
1048,2017,11,26,6,0,-2,10180,150,30,8,-9999,-9999
1049,2017,11,26,9,10,8,10180,150,40,8,-9999,-9999
1050,2017,11,26,12,14,12,10176,150,40,9,-9999,-9999
1051,2017,11,26,15,16,14,10186,150,30,9,-9999,-9999
1052,2017,11,26,18,19,17,10190,150,30,8,-9999,-9999
1053,2017,11,26,21,22,20,10195,150,30,8,-9999,-9999
1054,2017,11,27,0,21,19,10194,160,30,8,-9999,-9999
1055,2017,11,27,3,18,16,10197,160,30,8,-9999,-9999
1056,2017,11,27,6,19,14,10202,170,30,8,-9999,-9999
1057,2017,11,27,9,19,13,10209,170,40,8,-9999,-9999
1058,2017,11,27,12,13,7,10211,160,30,8,-9999,-9999
1059,2017,11,27,15,3,-1,10212,160,30,8,-9999,-9999
1060,2017,11,27,18,-4,-8,10214,170,30,8,-9999,-9999
1061,2017,11,27,21,-19,-23,10221,150,30,8,-9999,-9999
1062,2017,11,28,0,-29,-34,10222,150,30,8,-9999,-9999
1063,2017,11,28,3,-30,-35,10223,160,20,8,-9999,-9999
1064,2017,11,28,6,-30,-34,10227,140,10,8,-9999,-9999
1065,2017,11,28,9,-20,-27,10226,160,20,8,-9999,-9999
1066,2017,11,28,12,-18,-22,10219,140,20,8,-9999,-9999
1067,2017,11,28,15,-21,-26,10218,140,20,8,-9999,-9999
1068,2017,11,28,18,-22,-26,10210,140,30,8,-9999,-9999
1069,2017,11,28,21,-24,-32,10205,140,30,8,-9999,-9999
1070,2017,11,29,0,-32,-43,10199,140,30,8,-9999,-9999
1071,2017,11,29,3,-39,-51,10195,150,30,8,-9999,-9999
1072,2017,11,29,6,-46,-61,10195,150,30,8,-9999,-9999
1073,2017,11,29,9,-45,-66,10202,140,40,8,-9999,-9999
1074,2017,11,29,12,-55,-69,10200,130,30,8,-9999,-9999
1075,2017,11,29,15,-53,-64,10200,130,40,8,-9999,-9999
1076,2017,11,29,18,-45,-53,10194,130,40,8,-9999,-9999
1077,2017,11,29,21,-37,-44,10189,130,30,8,-9999,-9999
1078,2017,11,30,0,-29,-39,10185,150,40,8,-9999,-9999
1079,2017,11,30,3,-27,-31,10186,150,40,8,-9999,-9999
1080,2017,11,30,6,-26,-33,10190,140,40,8,-9999,-9999
1081,2017,11,30,9,-17,-28,10200,140,30,8,-9999,-9999
1082,2017,11,30,12,-12,-22,10199,130,40,8,-9999,-9999
1083,2017,11,30,15,-10,-20,10198,130,40,8,-9999,-9999
1084,2017,11,30,18,-10,-18,10188,130,50,8,-9999,-9999
1085,2017,11,30,21,-10,-17,10175,110,60,8,-9999,-9999
1086,2017,12,1,0,3,-3,10144,110,70,8,-9999,-9999
1087,2017,12,1,3,6,1,10110,120,60,8,-9999,-9999
1088,2017,12,1,6,4,0,10106,140,40,8,-9999,-9999
1089,2017,12,1,9,10,7,10110,140,40,8,-9999,-9999
1090,2017,12,1,12,23,20,10100,150,30,8,-9999,-9999
1091,2017,12,1,15,30,27,10112,190,20,8,-9999,-9999
1092,2017,12,1,18,9,-14,10134,200,30,7,-9999,-9999
1093,2017,12,1,21,8,-12,10148,190,30,8,-9999,-9999
1094,2017,12,2,0,-2,-17,10161,200,20,0,-9999,-9999
1095,2017,12,2,3,-1,-16,10176,210,20,7,-9999,-9999
1096,2017,12,2,6,-10,-21,10195,200,20,6,-9999,-9999
1097,2017,12,2,9,3,-13,10206,220,30,6,-9999,-9999
1098,2017,12,2,12,15,-7,10218,230,20,8,-9999,-9999
1099,2017,12,2,15,8,-7,10232,240,10,8,-9999,-9999
1100,2017,12,2,18,2,-6,10240,230,10,8,-9999,-9999
1101,2017,12,2,21,-10,-12,10242,0,-9999,8,-9999,-9999
1102,2017,12,3,0,-7,-9,10239,300,10,8,-9999,-9999
1103,2017,12,3,3,-5,-7,10235,0,-9999,8,-9999,-9999
1104,2017,12,3,6,-6,-7,10237,270,10,8,-9999,-9999
1105,2017,12,3,9,1,-1,10237,270,10,8,-9999,-9999
1106,2017,12,3,12,5,-32,10226,260,10,8,-9999,-9999
1107,2017,12,3,15,-2,-29,10219,240,10,8,-9999,-9999
1108,2017,12,3,18,-6,-35,10203,0,-9999,8,-9999,-9999
1109,2017,12,3,21,-9,-34,10184,150,10,8,-9999,-9999
1110,2017,12,4,0,-12,-35,10149,110,20,8,-9999,-9999
1111,2017,12,4,3,-21,-26,10112,0,-9999,8,-9999,-9999
1112,2017,12,4,6,-21,-27,10088,340,10,8,-9999,-9999
1113,2017,12,4,9,-17,-26,10079,290,20,8,-9999,-9999
1114,2017,12,4,12,-20,-30,10074,270,10,8,-9999,-9999
1115,2017,12,4,15,-23,-34,10077,250,20,8,-9999,-9999
1116,2017,12,4,18,-28,-59,10083,270,30,8,-9999,-9999
1117,2017,12,4,21,-33,-56,10087,230,10,8,-9999,-9999
1118,2017,12,5,0,-30,-39,10089,220,10,8,-9999,-9999
1119,2017,12,5,3,-29,-35,10092,240,10,8,-9999,-9999
1120,2017,12,5,6,-21,-26,10103,290,10,8,-9999,-9999
1121,2017,12,5,9,-10,-22,10118,300,20,8,-9999,-9999
1122,2017,12,5,12,-10,-19,10122,300,10,8,-9999,-9999
1123,2017,12,5,15,-17,-39,10130,280,20,8,-9999,-9999
1124,2017,12,5,18,-34,-40,10132,260,10,8,-9999,-9999
1125,2017,12,5,21,-32,-41,10111,210,10,8,-9999,-9999
1126,2017,12,6,0,-33,-41,10082,190,30,8,-9999,-9999
1127,2017,12,6,3,-31,-36,10024,170,30,8,-9999,-9999
1128,2017,12,6,6,-19,-23,9992,210,20,8,-9999,-9999
1129,2017,12,6,9,-4,-8,9991,290,30,8,-9999,-9999
1130,2017,12,6,12,-9,-27,10017,310,40,8,-9999,-9999
1131,2017,12,6,15,-16,-36,10052,320,40,8,-9999,-9999
1132,2017,12,6,18,-21,-41,10066,290,10,6,-9999,-9999
1133,2017,12,6,21,-23,-33,10073,290,20,8,-9999,-9999
1134,2017,12,7,0,-17,-30,10076,290,20,5,-9999,-9999
1135,2017,12,7,3,-21,-49,10088,290,20,6,-9999,-9999
1136,2017,12,7,6,-31,-58,10104,310,20,8,-9999,-9999
1137,2017,12,7,9,-31,-57,10115,290,10,8,-9999,-9999
1138,2017,12,7,12,-25,-72,10118,340,10,8,-9999,-9999
1139,2017,12,7,15,-58,-74,10131,0,-9999,6,-9999,-9999
1140,2017,12,7,18,-67,-76,10137,120,10,6,-9999,-9999
1141,2017,12,7,21,-60,-79,10132,140,10,6,-9999,-9999
1142,2017,12,8,0,-48,-72,10121,150,20,8,-9999,-9999
1143,2017,12,8,3,-38,-45,10105,150,30,8,-9999,-9999
1144,2017,12,8,6,-32,-38,10090,160,30,8,-9999,-9999
1145,2017,12,8,9,-22,-24,10086,160,30,9,-9999,-9999
1146,2017,12,8,12,-8,-10,10072,170,20,9,-9999,-9999
1147,2017,12,8,15,1,-4,10069,190,30,8,-9999,-9999
1148,2017,12,8,18,1,-5,10072,200,40,8,-9999,-9999
1149,2017,12,8,21,3,-4,10076,190,20,8,-9999,-9999
1150,2017,12,9,0,3,-1,10079,200,20,8,-9999,-9999
1151,2017,12,9,3,5,1,10089,220,20,8,-9999,-9999
1152,2017,12,9,6,5,3,10092,190,10,8,-9999,-9999
1153,2017,12,9,9,6,3,10102,160,20,8,-9999,-9999
1154,2017,12,9,12,10,3,10096,130,20,8,-9999,-9999
1155,2017,12,9,15,-1,-5,10094,140,30,8,-9999,-9999
1156,2017,12,9,18,-6,-8,10090,130,40,8,-9999,-9999
1157,2017,12,9,21,-10,-14,10087,140,40,8,-9999,-9999
1158,2017,12,10,0,1,-7,10074,130,40,8,-9999,-9999
1159,2017,12,10,3,0,-9,10058,140,40,8,-9999,-9999
1160,2017,12,10,6,-2,-8,10053,150,40,8,-9999,-9999
1161,2017,12,10,9,1,-2,10042,120,20,8,-9999,-9999
1162,2017,12,10,12,2,-1,10022,110,10,8,-9999,-9999
1163,2017,12,10,15,0,-2,10018,110,10,8,-9999,-9999
1164,2017,12,10,18,1,-1,10012,320,10,8,-9999,-9999
1165,2017,12,10,21,0,-2,10005,320,10,8,-9999,-9999
1166,2017,12,11,0,-6,-8,9998,310,20,8,-9999,-9999
1167,2017,12,11,3,-9,-11,10005,290,20,8,-9999,-9999
1168,2017,12,11,6,-18,-20,10026,280,20,8,-9999,-9999
1169,2017,12,11,9,-18,-20,10026,250,20,8,-9999,-9999
1170,2017,12,11,12,-30,-41,10061,170,10,6,-9999,-9999
1171,2017,12,11,15,-37,-43,10074,150,20,8,-9999,-9999
1172,2017,12,11,18,-28,-33,10086,160,10,8,-9999,-9999
1173,2017,12,11,21,-24,-28,10096,160,20,8,-9999,-9999
1174,2017,12,12,0,-20,-23,10103,130,20,8,-9999,-9999
1175,2017,12,12,3,-13,-15,10095,130,30,8,-9999,-9999
1176,2017,12,12,6,-12,-14,10088,120,30,8,-9999,-9999
1177,2017,12,12,9,-2,-7,10082,130,30,8,-9999,-9999
1178,2017,12,12,12,4,-1,10068,150,30,8,-9999,-9999
1179,2017,12,12,15,6,2,10066,170,40,8,-9999,-9999
1180,2017,12,12,18,7,4,10064,160,30,8,-9999,-9999
1181,2017,12,12,21,16,8,10071,180,30,8,-9999,-9999
1182,2017,12,13,0,11,8,10075,180,20,8,-9999,-9999
1183,2017,12,13,3,17,14,10083,200,20,-9999,-9999,-9999
1184,2017,12,13,6,22,1,10102,250,20,8,-9999,-9999
1185,2017,12,13,9,20,-11,10114,260,20,8,-9999,-9999
1186,2017,12,13,12,16,-15,10124,240,20,8,-9999,-9999
1187,2017,12,13,15,5,-17,10136,250,20,8,-9999,-9999
1188,2017,12,13,18,-12,-23,10144,240,10,8,-9999,-9999
1189,2017,12,13,21,-42,-45,10147,0,-9999,8,-9999,-9999
1190,2017,12,14,0,-70,-77,10143,360,0,0,-9999,-9999
1191,2017,12,14,3,-87,-95,10130,0,-9999,0,-9999,-9999
1192,2017,12,14,6,-69,-75,10114,100,10,8,-9999,-9999
1193,2017,12,14,9,-47,-51,10099,120,10,8,-9999,-9999
1194,2017,12,14,12,-33,-36,10072,110,10,9,-9999,-9999
1195,2017,12,14,15,-23,-25,10066,140,10,9,-9999,-9999
1196,2017,12,14,18,-9,-11,10049,150,20,8,-9999,-9999
1197,2017,12,14,21,-5,-6,10037,160,20,8,-9999,-9999
1198,2017,12,15,0,-6,-7,10035,170,20,8,-9999,-9999
1199,2017,12,15,3,-4,-5,10031,180,30,8,-9999,-9999
1200,2017,12,15,6,1,-1,10060,180,20,8,-9999,-9999
1201,2017,12,15,9,7,-2,10072,180,30,8,-9999,-9999
1202,2017,12,15,12,8,-6,10087,180,30,8,-9999,-9999
1203,2017,12,15,15,1,-12,10096,170,30,8,-9999,-9999
1204,2017,12,15,18,-6,-18,10096,140,30,8,-9999,-9999
1205,2017,12,15,21,-4,-9,10084,130,50,8,-9999,-9999
1206,2017,12,16,0,0,-3,10057,130,50,8,-9999,-9999
1207,2017,12,16,3,9,7,10045,160,40,8,-9999,-9999
1208,2017,12,16,6,16,13,10048,170,20,8,-9999,-9999
1209,2017,12,16,9,18,16,10050,140,10,9,-9999,-9999
1210,2017,12,16,12,20,18,10027,90,30,8,-9999,-9999
1211,2017,12,16,15,22,20,9997,80,40,8,-9999,-9999
1212,2017,12,16,18,26,24,9975,120,20,8,-9999,-9999
1213,2017,12,16,21,37,34,9981,200,20,8,-9999,-9999
1214,2017,12,17,0,23,21,9996,210,20,8,-9999,-9999
1215,2017,12,17,3,0,-1,10036,260,30,8,-9999,-9999
1216,2017,12,17,6,0,-10,10092,260,20,8,-9999,-9999
1217,2017,12,17,9,-1,-12,10132,270,20,8,-9999,-9999
1218,2017,12,17,12,-3,-11,10157,290,20,8,-9999,-9999
1219,2017,12,17,15,-6,-13,10182,280,10,8,-9999,-9999
1220,2017,12,17,18,-9,-21,10204,340,20,8,-9999,-9999
1221,2017,12,17,21,-6,-24,10222,330,10,8,-9999,-9999
1222,2017,12,18,0,-9,-20,10234,330,10,8,-9999,-9999
1223,2017,12,18,3,-12,-31,10234,40,20,8,-9999,-9999
1224,2017,12,18,6,-13,-30,10239,50,10,8,-9999,-9999
1225,2017,12,18,9,-18,-38,10243,60,30,8,-9999,-9999
1226,2017,12,18,12,-19,-41,10225,30,20,8,-9999,-9999
1227,2017,12,18,15,-18,-38,10209,20,20,8,-9999,-9999
1228,2017,12,18,18,-23,-35,10198,40,20,8,-9999,-9999
1229,2017,12,18,21,-26,-34,10177,20,20,8,-9999,-9999
1230,2017,12,19,0,-25,-33,10163,10,20,8,-9999,-9999
1231,2017,12,19,3,-26,-35,10157,10,20,8,-9999,-9999
1232,2017,12,19,6,-26,-35,10160,10,20,8,-9999,-9999
1233,2017,12,19,9,-22,-34,10169,10,20,8,-9999,-9999
1234,2017,12,19,12,-20,-30,10169,30,10,8,-9999,-9999
1235,2017,12,19,15,-18,-25,10182,20,20,8,-9999,-9999
1236,2017,12,19,18,-16,-22,10195,30,20,8,-9999,-9999
1237,2017,12,19,21,-12,-18,10210,30,10,8,-9999,-9999
1238,2017,12,20,0,-8,-15,10223,60,20,8,-9999,-9999
1239,2017,12,20,3,-9,-20,10242,70,20,8,-9999,-9999
1240,2017,12,20,6,-9,-21,10266,70,30,8,-9999,-9999
1241,2017,12,20,9,-8,-23,10287,70,20,8,-9999,-9999
1242,2017,12,20,12,-8,-24,10294,80,20,8,-9999,-9999
1243,2017,12,20,15,-10,-26,10304,80,20,8,-9999,-9999
1244,2017,12,20,18,-15,-28,10315,100,10,8,-9999,-9999
1245,2017,12,20,21,-22,-34,10316,0,-9999,8,-9999,-9999
1246,2017,12,21,0,-27,-39,10308,0,-9999,8,-9999,-9999
1247,2017,12,21,3,-30,-39,10300,0,-9999,8,-9999,-9999
1248,2017,12,21,6,-30,-36,10290,180,10,8,-9999,-9999
1249,2017,12,21,9,-25,-36,10278,180,20,8,-9999,-9999
1250,2017,12,21,12,-26,-43,10252,180,20,8,-9999,-9999
1251,2017,12,21,15,-28,-42,10234,180,20,8,-9999,-9999
1252,2017,12,21,18,-35,-50,10216,190,30,8,-9999,-9999
1253,2017,12,21,21,-40,-50,10199,180,20,8,-9999,-9999
1254,2017,12,22,0,-43,-52,10186,170,20,8,-9999,-9999
1255,2017,12,22,3,-49,-59,10173,170,20,8,-9999,-9999
1256,2017,12,22,6,-55,-60,10170,180,20,8,-9999,-9999
1257,2017,12,22,9,-45,-56,10166,200,20,8,-9999,-9999
1258,2017,12,22,12,-41,-54,10154,230,20,8,-9999,-9999
1259,2017,12,22,15,-45,-55,10147,220,20,8,-9999,-9999
1260,2017,12,22,18,-42,-46,10138,200,10,8,-9999,-9999
1261,2017,12,22,21,-39,-43,10128,240,10,8,-9999,-9999
1262,2017,12,23,0,-30,-34,10123,280,10,8,-9999,-9999
1263,2017,12,23,3,-25,-29,10120,300,20,8,-9999,-9999
1264,2017,12,23,6,-27,-33,10121,260,10,8,-9999,-9999
1265,2017,12,23,9,-15,-24,10122,290,10,8,-9999,-9999
1266,2017,12,23,12,-8,-29,10103,290,10,8,-9999,-9999
1267,2017,12,23,15,-18,-40,10085,250,20,8,-9999,-9999
1268,2017,12,23,18,-26,-53,10041,200,20,6,-9999,-9999
1269,2017,12,23,21,-30,-38,9977,190,50,8,-9999,-9999
1270,2017,12,24,0,-23,-28,9913,210,40,8,-9999,-9999
1271,2017,12,24,3,-4,-7,9874,250,20,8,-9999,-9999
1272,2017,12,24,6,1,-1,9858,270,10,8,-9999,-9999
1273,2017,12,24,9,1,-10,9878,300,40,7,-9999,-9999
1274,2017,12,24,12,-5,-41,9906,310,40,5,-9999,-9999
1275,2017,12,24,15,-7,-45,9941,300,30,6,-9999,-9999
1276,2017,12,24,18,-9,-43,9959,290,30,7,-9999,-9999
1277,2017,12,24,21,-18,-39,9971,280,30,0,-9999,-9999
1278,2017,12,25,0,-11,-36,9984,280,30,6,-9999,-9999
1279,2017,12,25,3,-13,-36,9993,290,20,6,-9999,-9999
1280,2017,12,25,6,-15,-35,10011,300,20,7,-9999,-9999
1281,2017,12,25,9,-10,-43,10042,290,20,6,-9999,-9999
1282,2017,12,25,12,-9,-50,10072,300,20,3,-9999,-9999
1283,2017,12,25,15,-47,-56,10103,280,10,0,-9999,-9999
1284,2017,12,25,18,-52,-56,10118,240,10,8,-9999,-9999
1285,2017,12,25,21,-26,-32,10109,200,20,8,-9999,-9999
1286,2017,12,26,0,-5,-9,10077,180,30,8,-9999,-9999
1287,2017,12,26,3,22,19,10057,240,30,8,-9999,-9999
1288,2017,12,26,6,33,27,10056,250,30,8,-9999,-9999
1289,2017,12,26,9,35,27,10069,250,30,8,-9999,-9999
1290,2017,12,26,12,31,23,10071,240,30,8,-9999,-9999
1291,2017,12,26,15,27,11,10067,230,20,8,-9999,-9999
1292,2017,12,26,18,23,8,10065,200,20,8,-9999,-9999
1293,2017,12,26,21,23,10,10050,220,20,8,-9999,-9999
1294,2017,12,27,0,12,4,10042,210,20,8,-9999,-9999
1295,2017,12,27,3,1,-2,10033,210,30,8,-9999,-9999
1296,2017,12,27,6,0,-2,10029,210,20,8,-9999,-9999
1297,2017,12,27,9,1,0,10039,210,20,9,-9999,-9999
1298,2017,12,27,12,4,2,10041,220,20,8,-9999,-9999
1299,2017,12,27,15,2,0,10048,190,10,8,-9999,-9999
1300,2017,12,27,18,-1,-2,10056,210,10,8,-9999,-9999
1301,2017,12,27,21,-3,-5,10066,240,20,8,-9999,-9999
1302,2017,12,28,0,-2,-3,10078,200,20,8,-9999,-9999
1303,2017,12,28,3,-1,-3,10077,170,20,8,-9999,-9999
1304,2017,12,28,6,-6,-7,10093,160,30,8,-9999,-9999
1305,2017,12,28,9,-8,-9,10100,150,40,9,-9999,-9999
1306,2017,12,28,12,-8,-9,10099,130,40,9,-9999,-9999
1307,2017,12,28,15,-6,-7,10106,130,40,9,-9999,-9999
1308,2017,12,28,18,-4,-5,10112,130,40,8,-9999,-9999
1309,2017,12,28,21,2,1,10115,120,30,8,-9999,-9999
1310,2017,12,29,0,11,10,10109,120,40,8,-9999,-9999
1311,2017,12,29,3,20,18,10097,130,30,8,-9999,-9999
1312,2017,12,29,6,31,29,10099,140,40,9,-9999,-9999
1313,2017,12,29,9,36,33,10100,140,30,8,-9999,-9999
1314,2017,12,29,12,47,27,10091,140,30,8,-9999,-9999
1315,2017,12,29,15,49,26,10088,140,30,8,-9999,-9999
1316,2017,12,29,18,48,23,10086,150,40,8,-9999,-9999
1317,2017,12,29,21,40,25,10089,130,40,8,-9999,-9999
1318,2017,12,30,0,30,23,10094,150,30,8,-9999,-9999
1319,2017,12,30,3,25,21,10095,140,30,8,-9999,-9999
1320,2017,12,30,6,21,17,10100,140,30,8,-9999,-9999
1321,2017,12,30,9,3,0,10107,130,10,8,-9999,-9999
1322,2017,12,30,12,2,0,10102,140,10,8,-9999,-9999
1323,2017,12,30,15,1,-1,10107,250,10,8,-9999,-9999
1324,2017,12,30,18,2,0,10113,310,20,8,-9999,-9999
1325,2017,12,30,21,2,-1,10126,300,10,8,-9999,-9999
1326,2017,12,31,0,0,-3,10130,290,10,8,-9999,-9999
1327,2017,12,31,3,-3,-6,10126,270,10,8,-9999,-9999
1328,2017,12,31,6,-5,-13,10125,180,10,8,-9999,-9999
1329,2017,12,31,9,-2,-8,10126,170,10,8,-9999,-9999
1330,2017,12,31,12,0,-24,10119,170,10,8,-9999,-9999
1331,2017,12,31,15,-17,-25,10120,140,10,8,-9999,-9999
1332,2017,12,31,18,-25,-27,10126,140,10,2,-9999,-9999
1333,2017,12,31,21,-31,-34,10125,160,20,2,-9999,-9999
