,YEAR,MONTH,DAY,HOUR,AIR-TEMP,DEW-POINT-TEMP,SEA-LEVEL-PRESSURE,WIND-DIRECTION,WIND-SPEED,SKY-CONDITION,RAIN-1HR,RAIN-6HR
0,2017,1,1,6,220,96,-9999,90,46,2,-9999,-9999
1,2017,1,1,9,220,114,-9999,140,41,3,-9999,-9999
2,2017,1,2,3,124,90,-9999,0,0,0,-9999,-9999
3,2017,1,2,5,200,120,-9999,90,41,-9999,-9999,-9999
4,2017,1,2,6,224,106,-9999,90,57,2,-9999,-9999
5,2017,1,2,8,220,100,-9999,100,51,-9999,-9999,-9999
6,2017,1,2,9,234,97,-9999,50,46,4,-9999,-9999
7,2017,1,3,3,126,92,-9999,0,0,1,-9999,-9999
8,2017,1,3,5,200,120,-9999,100,41,-9999,-9999,-9999
9,2017,1,3,6,220,114,-9999,140,21,5,-9999,-9999
10,2017,1,3,9,222,108,-9999,90,41,4,-9999,-9999
11,2017,1,4,3,90,74,-9999,0,0,2,-9999,-9999
12,2017,1,4,5,200,120,-9999,80,15,-9999,-9999,-9999
13,2017,1,4,6,206,108,10522,320,15,2,-9999,-9999
14,2017,1,4,7,210,70,-9999,230,15,-9999,-9999,-9999
15,2017,1,4,9,204,79,-9999,180,31,6,-9999,-9999
16,2017,1,5,3,90,70,-9999,0,0,0,-9999,-9999
17,2017,1,5,4,170,100,-9999,-9999,10,0,-9999,-9999
18,2017,1,5,5,190,120,-9999,-9999,10,0,-9999,-9999
19,2017,1,5,6,198,115,-9999,50,21,1,-9999,-9999
20,2017,1,5,7,210,110,-9999,70,31,-9999,-9999,-9999
21,2017,1,5,9,212,90,-9999,50,26,2,-9999,-9999
22,2017,1,6,3,80,76,-9999,0,0,9,-9999,-9999
23,2017,1,6,5,170,120,-9999,110,21,-9999,-9999,-9999
24,2017,1,6,6,188,103,-9999,50,21,2,-9999,-9999
25,2017,1,6,9,210,82,-9999,50,31,5,-9999,-9999
26,2017,1,7,3,80,76,-9999,0,0,5,-9999,-9999
27,2017,1,7,5,170,110,-9999,100,36,-9999,-9999,-9999
28,2017,1,7,6,198,94,-9999,90,36,2,-9999,-9999
29,2017,1,7,9,194,97,-9999,320,26,3,-9999,-9999
30,2017,1,8,3,92,88,-9999,0,0,9,-9999,-9999
31,2017,1,8,5,180,110,-9999,140,21,-9999,-9999,-9999
32,2017,1,8,6,198,107,-9999,190,15,1,-9999,-9999
33,2017,1,8,9,202,103,-9999,360,41,2,-9999,-9999
34,2017,1,9,3,90,78,-9999,0,0,2,-9999,-9999
35,2017,1,9,5,180,100,-9999,90,15,-9999,-9999,-9999
36,2017,1,9,6,202,85,-9999,230,15,2,-9999,-9999
37,2017,1,9,9,210,82,-9999,360,31,2,-9999,-9999
38,2017,1,10,3,80,72,-9999,0,0,4,-9999,-9999
39,2017,1,10,4,150,100,-9999,0,0,-9999,-9999,-9999
40,2017,1,10,6,178,90,-9999,360,26,5,-9999,-9999
41,2017,1,10,7,190,90,-9999,300,36,-9999,-9999,-9999
42,2017,1,10,9,162,96,-9999,320,26,7,-9999,-9999
43,2017,1,11,3,92,68,-9999,0,0,0,-9999,-9999
44,2017,1,11,4,160,110,-9999,90,15,0,-9999,-9999
45,2017,1,11,6,184,45,-9999,320,36,2,-9999,-9999
46,2017,1,11,7,170,60,-9999,40,31,-9999,-9999,-9999
47,2017,1,11,9,186,53,-9999,360,26,3,-9999,-9999
48,2017,1,12,3,70,62,-9999,0,0,2,-9999,-9999
49,2017,1,12,6,172,87,-9999,90,10,4,-9999,-9999
50,2017,1,12,7,180,80,-9999,50,26,-9999,-9999,-9999
51,2017,1,12,9,174,76,-9999,360,41,4,-9999,-9999
52,2017,1,13,3,104,85,-9999,140,10,2,-9999,-9999
53,2017,1,13,5,180,90,-9999,130,31,-9999,-9999,-9999
54,2017,1,13,6,180,55,-9999,140,41,2,-9999,-9999
55,2017,1,13,9,190,49,-9999,360,5,3,-9999,-9999
56,2017,1,14,3,62,53,-9999,0,0,2,-9999,-9999
57,2017,1,14,6,180,65,-9999,140,51,3,-9999,-9999
58,2017,1,14,9,194,70,-9999,140,31,2,-9999,-9999
59,2017,1,15,3,64,58,-9999,0,0,3,-9999,-9999
60,2017,1,15,5,170,70,-9999,120,31,0,-9999,-9999
61,2017,1,15,6,192,46,-9999,140,31,0,-9999,-9999
62,2017,1,15,7,180,50,-9999,120,41,0,-9999,-9999
63,2017,1,15,9,208,60,-9999,90,10,0,-9999,-9999
64,2017,1,16,3,66,58,-9999,0,0,9,-9999,-9999
65,2017,1,16,5,180,60,-9999,90,21,-9999,-9999,-9999
66,2017,1,16,6,186,83,-9999,50,15,1,-9999,-9999
67,2017,1,16,9,206,86,-9999,320,31,0,-9999,-9999
68,2017,1,17,3,78,70,-9999,0,0,9,-9999,-9999
69,2017,1,17,6,186,48,-9999,360,5,2,-9999,-9999
70,2017,1,17,9,200,92,-9999,360,36,1,-9999,-9999
71,2017,1,18,3,90,82,-9999,0,0,9,-9999,-9999
72,2017,1,18,6,194,106,-9999,50,15,0,-9999,-9999
73,2017,1,19,3,80,68,-9999,0,0,9,-9999,-9999
74,2017,1,19,5,190,90,-9999,100,41,0,-9999,-9999
75,2017,1,19,6,208,94,-9999,90,26,0,-9999,-9999
76,2017,1,19,7,220,90,-9999,260,15,0,-9999,-9999
77,2017,1,19,9,234,83,-9999,320,46,0,-9999,-9999
78,2017,1,20,3,88,72,-9999,0,0,1,-9999,-9999
79,2017,1,20,5,170,110,-9999,70,21,0,-9999,-9999
80,2017,1,20,6,200,101,-9999,50,26,1,-9999,-9999
81,2017,1,20,9,230,172,10157,190,494,3,-9999,-9999
82,2017,1,21,3,88,80,-9999,0,0,9,-9999,-9999
83,2017,1,21,5,190,100,-9999,100,36,-9999,-9999,-9999
84,2017,1,21,6,206,86,-9999,90,36,1,-9999,-9999
85,2017,1,21,7,210,90,-9999,100,46,-9999,-9999,-9999
86,2017,1,21,9,228,89,-9999,180,15,0,-9999,-9999
87,2017,1,22,3,80,76,-9999,0,0,9,-9999,-9999
88,2017,1,22,5,180,100,-9999,70,31,0,-9999,-9999
89,2017,1,22,6,230,67,-9999,140,31,0,-9999,-9999
90,2017,1,22,7,220,60,-9999,50,26,0,-9999,-9999
91,2017,1,22,9,240,61,-9999,0,0,0,-9999,-9999
92,2017,1,23,3,102,33,-9999,0,0,2,-9999,-9999
93,2017,1,23,5,190,110,-9999,130,21,0,-9999,-9999
94,2017,1,23,6,210,101,-9999,50,26,0,-9999,-9999
95,2017,1,23,9,228,103,-9999,320,51,0,-9999,-9999
96,2017,1,24,3,98,86,-9999,0,0,9,-9999,-9999
97,2017,1,24,4,170,120,-9999,-9999,10,0,-9999,-9999
98,2017,1,24,5,190,110,-9999,120,26,0,-9999,-9999
99,2017,1,24,6,212,55,-9999,90,46,0,-9999,-9999
100,2017,1,24,7,220,60,-9999,50,36,0,-9999,-9999
101,2017,1,24,9,230,87,-9999,140,26,0,-9999,-9999
102,2017,1,25,3,100,84,-9999,0,0,0,-9999,-9999
103,2017,1,25,5,180,100,-9999,80,46,0,-9999,-9999
104,2017,1,25,6,244,68,-9999,90,57,0,-9999,-9999
105,2017,1,25,7,230,70,-9999,60,36,0,-9999,-9999
106,2017,1,25,9,248,52,-9999,50,51,0,-9999,-9999
107,2017,1,26,3,96,59,-9999,0,0,0,-9999,-9999
108,2017,1,26,6,248,69,-9999,90,46,0,-9999,-9999
109,2017,1,26,9,264,62,-9999,320,41,0,-9999,-9999
110,2017,1,27,3,118,103,-9999,0,0,4,-9999,-9999
111,2017,1,27,9,218,99,-9999,320,15,5,-9999,-9999
112,2017,1,28,3,128,106,-9999,50,5,6,-9999,-9999
113,2017,1,28,6,156,114,-9999,230,21,6,-9999,-9999
114,2017,1,28,9,198,103,-9999,320,36,4,-9999,-9999
115,2017,1,29,3,90,86,-9999,0,0,2,-9999,-9999
116,2017,1,29,4,140,100,-9999,200,15,0,-9999,-9999
117,2017,1,29,5,180,120,-9999,60,31,0,-9999,-9999
118,2017,1,29,6,202,103,-9999,50,15,1,-9999,-9999
119,2017,1,29,9,204,126,-9999,320,36,5,-9999,-9999
120,2017,1,30,3,106,102,-9999,140,15,9,-9999,-9999
121,2017,1,30,5,180,110,-9999,350,10,-9999,-9999,-9999
122,2017,1,30,6,210,101,-9999,320,10,1,-9999,-9999
123,2017,1,30,7,210,100,-9999,0,0,-9999,-9999,-9999
124,2017,1,30,9,208,131,-9999,320,51,6,-9999,-9999
125,2017,1,31,3,112,105,-9999,0,0,9,-9999,-9999
126,2017,1,31,5,200,130,-9999,160,26,-9999,-9999,-9999
127,2017,1,31,6,210,118,-9999,0,0,4,-9999,-9999
128,2017,1,31,7,220,120,-9999,70,26,-9999,-9999,-9999
129,2017,1,31,9,200,125,-9999,360,36,6,-9999,-9999
130,2017,2,1,3,92,84,-9999,0,0,2,-9999,-9999
131,2017,2,1,6,214,53,-9999,290,0,3,-9999,-9999
132,2017,2,1,9,206,104,-9999,320,26,2,-9999,-9999
133,2017,2,2,3,94,86,-9999,0,0,9,-9999,-9999
134,2017,2,2,5,200,90,-9999,50,26,0,-9999,-9999
135,2017,2,2,6,206,46,-9999,90,26,0,-9999,-9999
136,2017,2,2,7,220,40,-9999,20,21,0,-9999,-9999
137,2017,2,2,9,226,32,-9999,50,15,1,-9999,-9999
138,2017,2,3,3,102,94,-9999,0,0,9,-9999,-9999
139,2017,2,3,4,140,100,-9999,210,10,-9999,-9999,-9999
140,2017,2,3,5,180,120,-9999,100,15,0,-9999,-9999
141,2017,2,3,6,212,99,-9999,50,15,1,-9999,-9999
142,2017,2,3,7,220,60,-9999,150,36,-9999,-9999,-9999
143,2017,2,3,9,236,71,-9999,90,51,2,-9999,-9999
144,2017,2,4,3,104,89,-9999,0,0,1,-9999,-9999
145,2017,2,4,4,150,120,-9999,-9999,10,-9999,-9999,-9999
146,2017,2,4,5,210,120,-9999,90,51,0,-9999,-9999
147,2017,2,4,6,230,101,-9999,140,26,0,-9999,-9999
148,2017,2,4,7,240,100,-9999,100,26,0,-9999,-9999
149,2017,2,4,9,254,116,-9999,320,15,0,-9999,-9999
150,2017,2,5,3,98,82,-9999,0,0,1,-9999,-9999
151,2017,2,5,5,210,100,-9999,140,21,-9999,-9999,-9999
152,2017,2,5,6,240,78,-9999,50,15,1,-9999,-9999
153,2017,2,5,9,244,73,-9999,320,51,4,-9999,-9999
154,2017,2,6,3,112,81,-9999,0,0,0,-9999,-9999
155,2017,2,6,5,210,90,-9999,150,26,0,-9999,-9999
156,2017,2,6,6,232,80,-9999,140,15,0,-9999,-9999
157,2017,2,6,9,246,81,-9999,320,41,0,-9999,-9999
158,2017,2,7,3,118,92,-9999,0,0,0,-9999,-9999
159,2017,2,7,5,220,110,-9999,20,21,0,-9999,-9999
160,2017,2,7,6,220,94,-9999,270,31,0,-9999,-9999
161,2017,2,7,9,216,108,-9999,320,36,3,-9999,-9999
162,2017,2,8,3,132,103,-9999,0,0,2,-9999,-9999
163,2017,2,8,5,200,100,-9999,-9999,-9999,0,-9999,-9999
164,2017,2,8,6,224,102,-9999,140,26,1,-9999,-9999
165,2017,2,8,9,226,121,-9999,360,46,4,-9999,-9999
166,2017,2,9,3,130,101,-9999,0,0,2,-9999,-9999
167,2017,2,9,6,226,66,-9999,0,0,0,-9999,-9999
168,2017,2,9,9,234,115,-9999,320,46,2,-9999,-9999
169,2017,2,10,3,100,81,-9999,0,0,1,-9999,-9999
170,2017,2,10,6,226,55,-9999,270,51,0,-9999,-9999
171,2017,2,10,7,230,60,-9999,300,62,0,-9999,-9999
172,2017,2,10,9,230,45,-9999,320,57,0,-9999,-9999
173,2017,2,11,3,116,77,-9999,0,0,2,-9999,-9999
174,2017,2,11,4,150,100,-9999,160,10,0,-9999,-9999
175,2017,2,11,5,190,100,-9999,350,15,0,-9999,-9999
176,2017,2,11,6,224,68,-9999,360,15,0,-9999,-9999
177,2017,2,11,9,224,58,-9999,320,26,1,-9999,-9999
178,2017,2,12,3,114,103,-9999,0,0,4,-9999,-9999
179,2017,2,12,5,200,80,-9999,90,21,-9999,-9999,-9999
180,2017,2,12,6,230,87,-9999,50,21,3,-9999,-9999
181,2017,2,12,7,240,90,-9999,70,15,-9999,-9999,-9999
182,2017,2,13,3,116,85,-9999,0,0,2,-9999,-9999
183,2017,2,13,6,230,77,-9999,50,15,1,-9999,-9999
184,2017,2,13,9,240,77,-9999,360,21,2,-9999,-9999
185,2017,2,14,3,122,84,-9999,0,0,2,-9999,-9999
186,2017,2,14,5,220,110,-9999,0,0,-9999,-9999,-9999
187,2017,2,14,9,226,61,-9999,320,21,2,-9999,-9999
188,2017,2,15,3,102,91,-9999,0,0,2,-9999,-9999
189,2017,2,15,5,200,110,-9999,80,46,-9999,-9999,-9999
190,2017,2,15,6,234,97,-9999,90,31,2,-9999,-9999
191,2017,2,15,9,240,114,-9999,360,21,2,-9999,-9999
192,2017,2,16,3,114,97,-9999,0,0,2,-9999,-9999
193,2017,2,16,4,170,110,-9999,0,0,-9999,-9999,-9999
194,2017,2,16,5,220,100,-9999,0,0,-9999,-9999,-9999
195,2017,2,16,6,248,69,-9999,0,0,2,-9999,-9999
196,2017,2,16,7,250,80,-9999,350,57,-9999,-9999,-9999
197,2017,2,16,9,246,109,-9999,360,15,2,-9999,-9999
198,2017,2,17,3,132,107,-9999,0,0,2,-9999,-9999
199,2017,2,17,5,200,120,-9999,120,10,-9999,-9999,-9999
200,2017,2,17,6,250,82,-9999,0,0,0,-9999,-9999
201,2017,2,17,9,252,122,-9999,320,15,0,-9999,-9999
202,2017,2,18,3,136,107,-9999,0,0,2,-9999,-9999
203,2017,2,18,4,190,120,-9999,240,15,-9999,-9999,-9999
204,2017,2,18,5,210,120,-9999,0,0,-9999,-9999,-9999
205,2017,2,18,6,258,108,-9999,360,15,2,-9999,-9999
206,2017,2,18,7,250,100,-9999,0,0,-9999,-9999,-9999
207,2017,2,18,9,264,108,-9999,90,31,3,-9999,-9999
208,2017,2,19,3,156,117,-9999,0,0,0,-9999,-9999
209,2017,2,19,5,220,100,-9999,330,15,0,-9999,-9999
210,2017,2,19,6,250,77,-9999,0,0,0,-9999,-9999
211,2017,2,19,9,238,112,-9999,50,15,6,-9999,-9999
212,2017,2,20,3,122,100,-9999,0,0,5,-9999,-9999
213,2017,2,20,5,190,110,-9999,100,15,-9999,-9999,-9999
214,2017,2,20,6,234,106,-9999,0,0,5,-9999,-9999
215,2017,2,20,7,220,120,-9999,0,0,-9999,-9999,-9999
216,2017,2,20,9,232,133,-9999,360,15,6,-9999,-9999
217,2017,2,21,3,216,108,-9999,270,26,5,-9999,-9999
218,2017,2,21,4,240,110,-9999,260,41,-9999,-9999,-9999
219,2017,2,21,5,240,130,-9999,270,98,-9999,-9999,-9999
220,2017,2,21,6,276,92,-9999,270,88,5,-9999,-9999
221,2017,2,21,7,260,100,-9999,280,93,-9999,-9999,-9999
222,2017,2,21,8,260,110,-9999,240,93,-9999,-9999,-9999
223,2017,2,21,9,262,95,-9999,230,88,4,-9999,-9999
224,2017,2,22,3,238,124,-9999,270,36,4,-9999,-9999
225,2017,2,22,4,260,120,-9999,250,46,-9999,-9999,-9999
226,2017,2,22,5,260,130,-9999,260,62,-9999,-9999,-9999
227,2017,2,22,6,266,106,-9999,270,88,3,-9999,-9999
228,2017,2,22,7,260,110,-9999,250,98,-9999,-9999,-9999
229,2017,2,22,9,268,80,-9999,270,62,5,-9999,-9999
230,2017,2,23,3,190,105,-9999,230,5,0,-9999,-9999
231,2017,2,23,5,250,120,-9999,340,21,-9999,-9999,-9999
232,2017,2,23,6,252,70,-9999,360,51,2,-9999,-9999
233,2017,2,23,7,260,70,-9999,-9999,-9999,-9999,-9999,-9999
234,2017,2,23,9,252,95,-9999,270,21,2,-9999,-9999
235,2017,2,24,3,134,67,-9999,0,0,0,-9999,-9999
236,2017,2,24,4,190,120,-9999,170,15,0,-9999,-9999
237,2017,2,24,5,220,100,-9999,-9999,10,0,-9999,-9999
238,2017,2,24,6,224,58,-9999,270,31,0,-9999,-9999
239,2017,2,24,7,230,60,-9999,320,26,0,-9999,-9999
240,2017,2,24,9,238,41,-9999,320,21,0,-9999,-9999
241,2017,2,25,3,126,67,-9999,0,0,0,-9999,-9999
242,2017,2,25,4,160,130,-9999,0,0,0,-9999,-9999
243,2017,2,25,5,190,110,-9999,80,41,0,-9999,-9999
244,2017,2,25,6,224,28,-9999,0,0,0,-9999,-9999
245,2017,2,25,7,230,30,-9999,0,0,0,-9999,-9999
246,2017,2,25,9,224,83,-9999,360,36,1,-9999,-9999
247,2017,2,26,3,134,89,-9999,0,0,-9999,-9999,-9999
248,2017,2,26,4,170,100,-9999,0,0,-9999,-9999,-9999
249,2017,2,26,5,180,110,-9999,0,0,-9999,-9999,-9999
250,2017,2,26,6,222,60,-9999,90,26,2,-9999,-9999
251,2017,2,26,9,224,78,-9999,360,15,3,-9999,-9999
252,2017,2,27,3,130,93,-9999,0,0,2,-9999,-9999
253,2017,2,27,6,222,70,-9999,270,26,2,-9999,-9999
254,2017,2,27,9,218,98,-9999,320,31,5,-9999,-9999
255,2017,2,28,3,120,102,-9999,90,15,3,-9999,-9999
256,2017,2,28,6,236,95,-9999,0,0,2,-9999,-9999
257,2017,2,28,9,244,111,-9999,320,31,3,-9999,-9999
258,2017,3,1,3,152,124,-9999,0,0,2,-9999,-9999
259,2017,3,1,5,180,130,-9999,110,10,0,-9999,-9999
260,2017,3,1,6,236,126,-9999,90,15,2,-9999,-9999
261,2017,3,1,7,230,130,-9999,10,15,-9999,-9999,-9999
262,2017,3,1,8,230,130,-9999,20,10,-9999,-9999,-9999
263,2017,3,1,9,234,123,-9999,360,26,5,-9999,-9999
264,2017,3,2,3,140,111,-9999,0,0,1,-9999,-9999
265,2017,3,2,6,242,90,-9999,320,15,2,-9999,-9999
266,2017,3,2,9,256,101,-9999,320,15,2,-9999,-9999
267,2017,3,3,3,232,99,-9999,300,67,0,-9999,-9999
268,2017,3,3,5,250,80,-9999,320,46,-9999,-9999,-9999
269,2017,3,3,6,260,111,-9999,320,41,1,-9999,-9999
270,2017,3,3,9,284,18,-9999,270,21,2,-9999,-9999
271,2017,3,4,3,226,100,-9999,270,62,4,-9999,-9999
272,2017,3,4,6,256,66,-9999,270,72,5,-9999,-9999
273,2017,3,4,9,246,60,-9999,230,57,5,-9999,-9999
274,2017,3,5,3,218,111,-9999,270,41,7,-9999,-9999
275,2017,3,5,6,264,78,-9999,270,88,3,-9999,-9999
276,2017,3,5,9,260,72,-9999,270,77,6,-9999,-9999
277,2017,3,6,3,216,100,-9999,0,0,0,-9999,-9999
278,2017,3,6,5,240,80,-9999,10,31,-9999,-9999,-9999
279,2017,3,6,6,254,58,-9999,270,51,1,-9999,-9999
280,2017,3,7,3,170,85,-9999,0,0,0,-9999,-9999
281,2017,3,7,6,230,20,-9999,320,36,0,-9999,-9999
282,2017,3,7,9,240,44,-9999,230,10,3,-9999,-9999
283,2017,3,8,3,146,110,-9999,0,0,2,-9999,-9999
284,2017,3,8,6,244,33,-9999,320,21,1,-9999,-9999
285,2017,3,8,7,240,50,-9999,340,26,-9999,-9999,-9999
286,2017,3,8,9,228,146,-9999,360,31,6,-9999,-9999
287,2017,3,9,3,162,135,-9999,0,0,0,-9999,-9999
288,2017,3,9,6,216,113,-9999,320,36,6,-9999,-9999
289,2017,3,9,9,198,131,-9999,230,10,7,-9999,-9999
290,2017,3,10,3,168,138,-9999,0,0,2,-9999,-9999
291,2017,3,10,4,200,140,-9999,50,15,0,-9999,-9999
292,2017,3,10,5,220,120,-9999,0,0,-9999,-9999,-9999
293,2017,3,10,6,232,131,-9999,50,21,4,-9999,-9999
294,2017,3,10,9,228,143,-9999,320,21,6,-9999,-9999
295,2017,3,11,3,162,142,-9999,0,0,4,-9999,-9999
296,2017,3,11,5,210,150,-9999,0,0,-9999,-9999,-9999
297,2017,3,11,6,200,155,-9999,180,41,6,-9999,-9999
298,2017,3,11,9,164,147,-9999,320,21,7,-9999,1
299,2017,3,12,3,168,130,-9999,0,0,5,-9999,-9999
300,2017,3,12,6,210,150,-9999,320,26,4,-9999,-9999
301,2017,3,12,7,210,100,-9999,270,26,-9999,-9999,-9999
302,2017,3,12,9,226,86,-9999,270,51,5,-9999,-9999
303,2017,3,13,3,166,61,-9999,0,0,0,-9999,-9999
304,2017,3,13,6,226,38,-9999,0,0,1,-9999,-9999
305,2017,3,13,9,230,34,-9999,50,26,4,-9999,-9999
306,2017,3,14,3,156,89,-9999,0,0,0,-9999,-9999
307,2017,3,14,4,200,70,-9999,100,10,0,-9999,-9999
308,2017,3,14,5,210,70,-9999,0,0,0,-9999,-9999
309,2017,3,14,6,232,42,-9999,50,10,0,-9999,-9999
310,2017,3,14,7,240,30,-9999,0,0,0,-9999,-9999
311,2017,3,14,9,250,61,-9999,230,10,1,-9999,-9999
312,2017,3,15,3,146,73,-9999,0,0,0,-9999,-9999
313,2017,3,15,4,190,60,-9999,140,21,0,-9999,-9999
314,2017,3,15,5,210,70,-9999,120,15,0,-9999,-9999
315,2017,3,15,6,226,61,-9999,90,31,1,-9999,-9999
316,2017,3,15,9,228,144,-9999,50,51,4,-9999,-9999
317,2017,3,16,3,150,107,-9999,0,0,2,-9999,-9999
318,2017,3,16,5,220,80,-9999,50,10,-9999,-9999,-9999
319,2017,3,16,6,240,50,-9999,270,10,2,-9999,-9999
320,2017,3,16,7,240,50,-9999,50,31,-9999,-9999,-9999
321,2017,3,16,9,232,70,-9999,360,36,6,-9999,-9999
322,2017,3,17,3,168,103,-9999,0,0,0,-9999,-9999
323,2017,3,17,6,238,47,-9999,90,31,1,-9999,-9999
324,2017,3,17,9,240,150,-9999,0,0,5,-9999,-9999
325,2017,3,18,3,156,121,-9999,0,0,5,-9999,-9999
326,2017,3,18,4,190,100,-9999,270,51,-9999,-9999,-9999
327,2017,3,18,5,220,90,-9999,240,77,-9999,-9999,-9999
328,2017,3,18,6,222,134,-9999,270,36,6,-9999,-9999
329,2017,3,18,9,242,80,-9999,270,41,4,-9999,-9999
330,2017,3,19,3,146,118,-9999,0,0,4,-9999,-9999
331,2017,3,19,5,190,100,-9999,0,0,-9999,-9999,-9999
332,2017,3,19,6,218,89,-9999,360,21,5,-9999,-9999
333,2017,3,19,7,230,90,-9999,350,46,-9999,-9999,-9999
334,2017,3,19,9,230,110,-9999,320,10,4,-9999,-9999
335,2017,3,20,3,154,126,-9999,0,0,7,-9999,-9999
336,2017,3,20,5,170,130,-9999,0,0,-9999,-9999,-9999
337,2017,3,20,6,174,109,-9999,180,15,8,-9999,-9999
338,2017,3,20,7,180,120,-9999,140,46,-9999,-9999,-9999
339,2017,3,20,9,158,112,-9999,50,10,7,-9999,4
340,2017,3,21,3,166,105,-9999,0,0,1,-9999,-9999
341,2017,3,21,4,190,90,-9999,0,0,-9999,-9999,-9999
342,2017,3,21,5,210,90,-9999,0,0,-9999,-9999,-9999
343,2017,3,21,6,222,85,-9999,320,10,4,-9999,-9999
344,2017,3,21,7,230,90,-9999,50,41,-9999,-9999,-9999
345,2017,3,21,9,152,106,-9999,360,10,5,-9999,-9999
346,2017,3,22,3,156,128,-9999,0,0,4,-9999,-9999
347,2017,3,22,4,180,120,-9999,330,15,-9999,-9999,-9999
348,2017,3,22,5,210,120,-9999,60,10,-9999,-9999,-9999
349,2017,3,22,6,218,156,-9999,360,10,5,-9999,-9999
350,2017,3,22,9,218,106,-9999,320,21,7,-9999,-9999
351,2017,3,23,3,158,134,-9999,0,0,3,-9999,-9999
352,2017,3,23,6,250,160,-9999,180,10,2,-9999,-9999
353,2017,3,23,9,244,111,-9999,50,26,7,-9999,-9999
354,2017,3,24,3,170,136,-9999,0,0,4,-9999,-9999
355,2017,3,24,5,220,140,-9999,0,0,-9999,-9999,-9999
356,2017,3,24,6,240,135,-9999,0,0,6,-9999,-9999
357,2017,3,24,9,244,136,-9999,320,10,5,-9999,-9999
358,2017,3,25,3,200,158,-9999,0,0,4,-9999,-9999
359,2017,3,25,5,190,110,-9999,240,46,-9999,-9999,-9999
360,2017,3,25,6,184,122,-9999,140,31,6,-9999,-9999
361,2017,3,25,9,208,127,-9999,140,62,6,-9999,0
362,2017,3,26,3,176,143,-9999,0,0,6,-9999,-9999
363,2017,3,26,4,200,140,-9999,0,0,-9999,-9999,-9999
364,2017,3,26,5,230,140,-9999,120,10,-9999,-9999,-9999
365,2017,3,26,6,242,153,-9999,320,21,6,-9999,-9999
366,2017,3,26,9,248,152,-9999,90,46,6,-9999,-9999
367,2017,3,27,3,204,176,-9999,0,0,4,-9999,-9999
368,2017,3,27,6,250,162,-9999,320,15,6,-9999,-9999
369,2017,3,27,9,240,194,-9999,50,21,6,-9999,-9999
370,2017,3,28,3,190,181,-9999,0,0,6,-9999,-9999
371,2017,3,28,4,220,190,-9999,0,0,-9999,-9999,-9999
372,2017,3,28,5,230,180,-9999,330,26,-9999,-9999,-9999
373,2017,3,28,6,248,167,-9999,320,15,6,-9999,-9999
374,2017,3,28,7,250,170,-9999,300,31,-9999,-9999,-9999
375,2017,3,28,9,242,177,-9999,0,0,7,-9999,-9999
376,2017,3,29,3,194,175,-9999,0,0,6,-9999,-9999
377,2017,3,29,5,220,180,-9999,0,0,-9999,-9999,-9999
378,2017,3,29,6,210,192,-9999,140,31,7,-9999,-9999
379,2017,3,29,7,200,190,-9999,120,21,-9999,-9999,-9999
380,2017,3,29,9,196,192,-9999,0,0,8,-9999,100
381,2017,3,30,3,184,181,-9999,0,0,8,-9999,-9999
382,2017,3,30,4,180,180,-9999,0,0,-9999,-9999,-9999
383,2017,3,30,5,190,180,-9999,0,0,-9999,-9999,-9999
384,2017,3,30,6,194,188,-9999,0,0,7,-9999,-9999
385,2017,3,30,7,190,180,-9999,0,0,-9999,-9999,-9999
386,2017,3,30,9,194,188,-9999,0,0,8,-9999,160
387,2017,3,31,3,184,181,-9999,140,10,8,-9999,-9999
388,2017,3,31,5,190,180,-9999,0,0,-9999,-9999,-9999
389,2017,3,31,6,198,192,-9999,0,0,8,-9999,-9999
390,2017,3,31,7,200,190,-9999,0,0,-9999,-9999,-9999
391,2017,3,31,9,198,192,-9999,0,0,8,-9999,40
392,2017,4,1,3,176,173,-9999,0,0,7,-9999,-9999
393,2017,4,1,4,190,170,-9999,0,0,-9999,-9999,-9999
394,2017,4,1,5,210,190,-9999,0,0,-9999,-9999,-9999
395,2017,4,1,6,232,199,-9999,0,0,6,-9999,-9999
396,2017,4,1,7,240,200,-9999,0,0,-9999,-9999,-9999
397,2017,4,1,9,214,196,-9999,0,0,7,-9999,2
398,2017,4,2,3,196,171,-9999,0,0,7,-9999,-9999
399,2017,4,2,4,260,180,-9999,0,0,-9999,-9999,-9999
400,2017,4,2,6,264,161,-9999,230,72,7,-9999,-9999
401,2017,4,2,9,224,196,-9999,50,31,6,-9999,-9999
402,2017,4,3,3,140,133,-9999,250,36,8,-9999,-9999
403,2017,4,3,4,150,130,-9999,0,0,-9999,-9999,-9999
404,2017,4,3,5,160,140,-9999,270,51,-9999,-9999,-9999
405,2017,4,3,6,160,140,-9999,200,31,8,-9999,-9999
406,2017,4,3,7,160,140,-9999,0,0,-9999,-9999,-9999
407,2017,4,3,9,162,142,-9999,0,0,8,-9999,6
408,2017,4,4,3,144,141,-9999,0,0,8,-9999,-9999
409,2017,4,4,5,170,150,-9999,0,0,-9999,-9999,-9999
410,2017,4,4,6,202,150,-9999,0,0,5,-9999,-9999
411,2017,4,4,9,206,154,-9999,0,0,6,-9999,-9999
412,2017,4,5,3,182,173,-9999,0,0,8,-9999,-9999
413,2017,4,5,6,216,176,-9999,0,0,7,-9999,-9999
414,2017,4,5,7,220,180,-9999,0,0,-9999,-9999,-9999
415,2017,4,5,9,236,171,-9999,110,36,6,-9999,-9999
416,2017,4,6,3,196,193,-9999,0,0,7,-9999,-9999
417,2017,4,6,5,210,200,-9999,0,0,-9999,-9999,-9999
418,2017,4,6,6,216,176,-9999,0,0,7,-9999,-9999
419,2017,4,6,9,250,186,-9999,290,26,5,-9999,-9999
420,2017,4,7,3,216,189,-9999,0,0,2,-9999,-9999
421,2017,4,7,4,220,190,-9999,330,26,-9999,-9999,-9999
422,2017,4,7,6,248,191,-9999,0,0,3,-9999,-9999
423,2017,4,7,9,268,197,-9999,270,26,6,-9999,-9999
424,2017,4,8,3,210,185,-9999,0,0,5,-9999,-9999
425,2017,4,8,6,278,170,-9999,320,36,2,-9999,-9999
426,2017,4,8,7,300,170,-9999,310,21,-9999,-9999,-9999
427,2017,4,8,9,306,153,-9999,320,46,2,-9999,-9999
428,2017,4,9,3,270,157,-9999,320,41,0,-9999,-9999
429,2017,4,9,6,302,178,-9999,320,51,4,-9999,-9999
430,2017,4,9,9,296,113,-9999,290,72,4,-9999,-9999
431,2017,4,10,3,260,92,-9999,290,62,0,-9999,-9999
432,2017,4,10,5,290,110,-9999,300,41,0,-9999,-9999
433,2017,4,10,6,300,114,-9999,290,57,0,-9999,-9999
434,2017,4,10,7,300,100,-9999,300,67,0,-9999,-9999
435,2017,4,10,9,304,81,-9999,290,62,0,-9999,-9999
436,2017,4,11,3,240,96,-9999,290,67,0,-9999,-9999
437,2017,4,11,5,-9999,-9999,-9999,0,0,-9999,-9999,-9999
438,2017,4,11,6,290,31,-9999,360,57,1,-9999,-9999
439,2017,4,11,9,290,154,-9999,20,36,1,-9999,-9999
440,2017,4,12,3,200,148,-9999,0,0,0,-9999,-9999
441,2017,4,12,5,220,130,-9999,150,15,0,-9999,-9999
442,2017,4,12,6,264,89,-9999,270,26,0,-9999,-9999
443,2017,4,12,7,290,50,-9999,20,26,0,-9999,-9999
444,2017,4,12,8,290,40,-9999,340,10,0,-9999,-9999
445,2017,4,12,9,294,39,-9999,50,21,0,-9999,-9999
446,2017,4,13,3,214,142,-9999,0,0,0,-9999,-9999
447,2017,4,13,6,280,62,-9999,290,26,0,-9999,-9999
448,2017,4,13,9,282,76,-9999,340,36,4,-9999,-9999
449,2017,4,14,3,216,148,-9999,0,0,0,-9999,-9999
450,2017,4,14,6,284,131,-9999,290,31,2,-9999,-9999
451,2017,4,14,9,260,120,-9999,230,31,7,-9999,-9999
452,2017,4,15,3,234,147,-9999,90,15,1,-9999,-9999
453,2017,4,15,5,260,130,-9999,30,36,-9999,-9999,-9999
454,2017,4,15,6,264,129,-9999,0,0,4,-9999,-9999
455,2017,4,15,7,270,130,-9999,0,0,-9999,-9999,-9999
456,2017,4,15,9,274,162,-9999,0,0,3,-9999,-9999
457,2017,4,16,3,182,156,-9999,0,0,6,-9999,-9999
458,2017,4,16,6,224,160,-9999,0,0,6,-9999,-9999
459,2017,4,16,9,238,169,-9999,70,21,6,-9999,-9999
460,2017,4,17,3,214,149,-9999,110,31,4,-9999,-9999
461,2017,4,17,5,250,100,-9999,150,31,-9999,-9999,-9999
462,2017,4,17,6,264,103,-9999,110,26,3,-9999,-9999
463,2017,4,17,7,270,110,-9999,90,10,-9999,-9999,-9999
464,2017,4,17,9,286,117,-9999,0,0,1,-9999,-9999
465,2017,4,18,3,232,163,-9999,0,0,0,-9999,-9999
466,2017,4,18,6,276,164,-9999,340,21,2,-9999,-9999
467,2017,4,18,9,272,167,-9999,320,41,6,-9999,-9999
468,2017,4,19,3,226,193,-9999,230,26,7,-9999,-9999
469,2017,4,19,5,240,190,-9999,0,0,-9999,-9999,-9999
470,2017,4,19,6,254,152,-9999,270,46,6,-9999,-9999
471,2017,4,19,7,260,150,-9999,290,36,-9999,-9999,-9999
472,2017,4,19,9,238,190,-9999,0,0,7,-9999,-1
473,2017,4,20,3,220,163,-9999,0,0,6,-9999,-9999
474,2017,4,20,5,240,160,-9999,320,10,-9999,-9999,-9999
475,2017,4,20,6,230,160,-9999,290,36,7,-9999,-9999
476,2017,4,20,9,230,178,-9999,0,0,4,-9999,-9999
477,2017,4,21,3,198,176,-9999,0,0,7,-9999,-9999
478,2017,4,21,5,200,190,-9999,70,21,-9999,-9999,-9999
479,2017,4,21,6,222,189,-9999,0,0,8,-9999,-9999
480,2017,4,21,7,220,190,-9999,0,0,-9999,-9999,-9999
481,2017,4,21,9,214,193,-9999,0,0,8,-9999,20
482,2017,4,22,3,194,185,-9999,0,0,8,-9999,-9999
483,2017,4,22,6,190,170,-9999,0,0,-9999,-9999,-9999
484,2017,4,22,9,198,192,-9999,140,36,8,-9999,90
485,2017,4,23,3,210,179,-9999,0,0,6,-9999,-9999
486,2017,4,23,4,220,170,-9999,300,21,-9999,-9999,-9999
487,2017,4,23,5,230,170,-9999,280,10,-9999,-9999,-9999
488,2017,4,23,6,230,181,-9999,270,36,7,-9999,-9999
489,2017,4,23,7,240,180,-9999,350,36,-9999,-9999,-9999
490,2017,4,23,9,248,181,-9999,320,36,5,-9999,-9999
491,2017,4,24,3,204,186,-9999,320,36,7,-9999,-9999
492,2017,4,24,4,220,160,-9999,290,51,-9999,-9999,-9999
493,2017,4,24,5,240,160,-9999,300,51,-9999,-9999,-9999
494,2017,4,24,6,246,194,-9999,320,15,6,-9999,-9999
495,2017,4,24,7,260,160,-9999,270,26,-9999,-9999,-9999
496,2017,4,24,9,274,166,-9999,290,36,5,-9999,-9999
497,2017,4,25,3,274,158,-9999,230,62,0,-9999,-9999
498,2017,4,25,5,300,140,-9999,270,82,-9999,-9999,-9999
499,2017,4,25,6,290,163,-9999,270,88,4,-9999,-9999
500,2017,4,25,9,308,139,-9999,250,103,4,-9999,-9999
501,2017,4,26,3,282,159,-9999,250,51,4,-9999,-9999
502,2017,4,26,5,300,130,-9999,260,77,-9999,-9999,-9999
503,2017,4,26,6,312,114,-9999,270,72,4,-9999,-9999
504,2017,4,26,9,312,55,-9999,270,118,3,-9999,-9999
505,2017,4,27,3,288,190,-9999,270,77,0,-9999,-9999
506,2017,4,27,5,300,100,-9999,280,88,-9999,-9999,-9999
507,2017,4,27,6,310,101,-9999,270,67,1,-9999,-9999
508,2017,4,27,9,314,40,-9999,270,103,2,-9999,-9999
509,2017,4,28,3,240,150,-9999,40,15,0,-9999,-9999
510,2017,4,28,4,260,140,-9999,130,10,0,-9999,-9999
511,2017,4,28,5,280,170,-9999,0,0,-9999,-9999,-9999
512,2017,4,28,6,290,163,-9999,270,36,6,-9999,-9999
513,2017,4,28,7,300,160,-9999,340,31,-9999,-9999,-9999
514,2017,4,28,9,274,176,-9999,320,51,6,-9999,-9999
515,2017,4,29,3,214,156,-9999,0,0,0,-9999,-9999
516,2017,4,29,5,260,170,-9999,320,31,-9999,-9999,-9999
517,2017,4,29,6,266,170,-9999,0,0,4,-9999,-9999
518,2017,4,29,9,266,181,-9999,0,0,3,-9999,-9999
519,2017,4,30,3,234,198,-9999,0,0,0,-9999,-9999
520,2017,4,30,6,274,183,-9999,0,0,6,-9999,-9999
521,2017,4,30,9,258,197,-9999,0,0,6,-9999,-9999
522,2017,5,1,3,246,175,-9999,0,0,4,-9999,-9999
523,2017,5,1,4,250,170,-9999,0,0,-9999,-9999,-9999
524,2017,5,1,5,260,160,-9999,320,21,-9999,-9999,-9999
525,2017,5,1,6,268,154,-9999,270,15,3,-9999,-9999
526,2017,5,1,7,270,150,-9999,30,15,-9999,-9999,-9999
527,2017,5,1,9,274,169,-9999,320,51,5,-9999,-9999
528,2017,5,2,3,244,182,-9999,0,0,0,-9999,-9999
529,2017,5,2,4,260,150,-9999,290,21,-9999,-9999,-9999
530,2017,5,2,6,274,166,-9999,320,36,4,-9999,-9999
531,2017,5,2,9,276,189,-9999,360,31,6,-9999,-9999
532,2017,5,3,3,226,170,-9999,0,0,0,-9999,-9999
533,2017,5,3,4,240,150,-9999,280,21,-9999,-9999,-9999
534,2017,5,3,5,240,160,-9999,300,31,-9999,-9999,-9999
535,2017,5,3,6,256,158,-9999,360,36,6,-9999,-9999
536,2017,5,3,7,260,170,-9999,300,26,-9999,-9999,-9999
537,2017,5,3,9,240,185,-9999,320,10,7,-9999,-9999
538,2017,5,4,3,208,192,-9999,0,0,6,-9999,-9999
539,2017,5,4,6,234,185,-9999,0,0,4,-9999,-9999
540,2017,5,4,9,264,164,-9999,0,0,4,-9999,5
541,2017,5,5,3,208,193,-9999,0,0,7,-9999,-9999
542,2017,5,5,6,250,193,-9999,50,26,4,-9999,-9999
543,2017,5,5,9,284,174,-9999,270,51,5,-9999,20
544,2017,5,6,3,244,180,-9999,0,0,2,-9999,-9999
545,2017,5,6,5,240,180,-9999,260,31,-9999,-9999,-9999
546,2017,5,6,6,246,179,-9999,0,0,1,-9999,-9999
547,2017,5,6,9,280,202,-9999,0,0,6,-9999,-9999
548,2017,5,7,3,234,172,-9999,0,0,0,-9999,-9999
549,2017,5,7,6,264,189,-9999,0,0,6,-9999,-9999
550,2017,5,7,9,254,204,-9999,0,0,7,-9999,-9999
551,2017,5,8,3,228,201,-9999,0,0,7,-9999,-9999
552,2017,5,8,5,260,200,-9999,0,0,-9999,-9999,-9999
553,2017,5,8,6,268,200,-9999,320,21,7,-9999,-9999
554,2017,5,8,7,270,200,-9999,290,41,-9999,-9999,-9999
555,2017,5,8,9,270,200,-9999,0,0,6,-9999,-9999
556,2017,5,9,3,216,204,-9999,0,0,7,-9999,-9999
557,2017,5,9,4,230,200,-9999,0,0,9,-9999,-9999
558,2017,5,9,5,240,200,-9999,0,0,9,-9999,-9999
559,2017,5,9,6,264,199,-9999,320,26,9,-9999,-9999
560,2017,5,9,7,250,220,-9999,290,129,-9999,-9999,-9999
561,2017,5,9,9,248,200,-9999,320,51,7,-9999,20
562,2017,5,10,3,238,180,-9999,0,0,4,-9999,-9999
563,2017,5,10,6,266,174,-9999,0,0,7,-9999,-9999
564,2017,5,10,9,272,170,-9999,0,0,6,-9999,-9999
565,2017,5,11,3,218,197,-9999,0,0,7,-9999,-9999
566,2017,5,11,5,240,190,-9999,0,0,-9999,-9999,-9999
567,2017,5,11,6,244,203,-9999,0,0,6,-9999,-9999
568,2017,5,11,7,250,200,-9999,0,0,-9999,-9999,-9999
569,2017,5,11,9,250,199,-9999,0,0,7,-9999,-9999
570,2017,5,12,3,236,187,-9999,0,0,6,-9999,-9999
571,2017,5,12,6,280,190,-9999,360,21,6,-9999,-9999
572,2017,5,12,9,280,197,-9999,140,41,7,-9999,-9999
573,2017,5,13,3,230,203,-9999,0,0,6,-9999,-9999
574,2017,5,13,5,260,180,-9999,0,0,-9999,-9999,-9999
575,2017,5,13,6,282,189,-9999,0,0,5,-9999,-9999
576,2017,5,13,9,290,189,-9999,0,0,6,-9999,-9999
577,2017,5,14,3,240,223,-9999,0,0,7,-9999,-9999
578,2017,5,14,5,250,210,-9999,120,36,-9999,-9999,-9999
579,2017,5,14,6,236,219,-9999,0,0,7,-9999,-9999
580,2017,5,14,9,240,201,-9999,0,0,8,-9999,10
581,2017,5,15,3,210,198,-9999,0,0,8,-9999,-9999
582,2017,5,15,5,250,180,-9999,0,0,-9999,-9999,-9999
583,2017,5,15,6,278,205,-9999,0,0,4,-9999,-9999
584,2017,5,15,9,262,180,-9999,0,0,7,-9999,10
585,2017,5,16,3,210,201,-9999,0,0,7,-9999,-9999
586,2017,5,16,5,250,200,-9999,110,46,-9999,-9999,-9999
587,2017,5,16,6,248,197,-9999,110,10,7,-9999,-9999
588,2017,5,16,7,250,200,-9999,0,0,-9999,-9999,-9999
589,2017,5,16,9,236,197,-9999,0,0,7,-9999,6
590,2017,5,17,3,246,198,-9999,0,0,5,-9999,-9999
591,2017,5,17,5,270,200,-9999,120,21,-9999,-9999,-9999
592,2017,5,17,6,276,186,-9999,90,41,4,-9999,-9999
593,2017,5,17,7,280,170,-9999,120,26,-9999,-9999,-9999
594,2017,5,17,9,290,192,-9999,0,0,6,-9999,-9999
595,2017,5,18,3,258,211,-9999,0,0,7,-9999,-9999
596,2017,5,18,6,284,215,-9999,360,21,5,-9999,-9999
597,2017,5,18,7,290,210,-9999,300,26,-9999,-9999,-9999
598,2017,5,18,9,260,204,-9999,0,0,6,-9999,-9999
599,2017,5,19,3,248,213,-9999,0,0,7,-9999,-9999
600,2017,5,19,4,250,210,-9999,300,21,-9999,-9999,-9999
601,2017,5,19,5,260,210,-9999,320,10,-9999,-9999,-9999
602,2017,5,19,6,280,210,-9999,0,0,5,-9999,-9999
603,2017,5,19,7,280,210,-9999,0,0,-9999,-9999,-9999
604,2017,5,19,9,288,213,-9999,320,31,6,-9999,-9999
605,2017,5,20,3,264,192,-9999,0,0,2,-9999,-9999
606,2017,5,20,4,270,190,-9999,350,10,-9999,-9999,-9999
607,2017,5,20,5,280,200,-9999,330,10,-9999,-9999,-9999
608,2017,5,20,6,262,190,-9999,250,15,7,-9999,-9999
609,2017,5,20,8,270,190,-9999,0,0,-9999,-9999,-9999
610,2017,5,20,9,302,213,-9999,0,0,4,-9999,-9999
611,2017,5,21,3,250,206,-9999,0,0,7,-9999,-9999
612,2017,5,21,4,260,210,-9999,0,0,-9999,-9999,-9999
613,2017,5,21,5,270,210,-9999,0,0,-9999,-9999,-9999
614,2017,5,21,6,284,198,-9999,0,0,6,-9999,-9999
615,2017,5,21,9,298,215,-9999,290,10,4,-9999,-9999
616,2017,5,22,3,238,212,-9999,0,0,7,-9999,-9999
617,2017,5,22,5,260,220,-9999,-9999,-9999,-9999,-9999,-9999
618,2017,5,22,6,256,212,-9999,320,15,7,-9999,-9999
619,2017,5,22,9,288,203,-9999,0,0,4,-9999,-9999
620,2017,5,23,3,270,221,-9999,0,0,7,-9999,-9999
621,2017,5,23,6,286,220,-9999,0,0,6,-9999,-9999
622,2017,5,24,3,226,214,-9999,0,0,7,-9999,-9999
623,2017,5,24,6,294,220,-9999,270,31,7,-9999,-9999
624,2017,5,24,9,300,229,-9999,320,15,4,-9999,-9999
625,2017,5,25,3,250,221,-9999,0,0,7,-9999,-9999
626,2017,5,25,4,260,250,-9999,0,0,-9999,-9999,-9999
627,2017,5,25,5,270,230,-9999,0,0,-9999,-9999,-9999
628,2017,5,25,6,252,220,-9999,200,36,7,-9999,-9999
629,2017,5,25,7,250,220,-9999,0,0,-9999,-9999,-9999
630,2017,5,25,9,256,212,-9999,0,0,7,-9999,-9999
631,2017,5,26,3,238,190,-9999,0,0,6,-9999,-9999
632,2017,5,26,5,260,190,-9999,0,0,-9999,-9999,-9999
633,2017,5,26,6,248,207,-9999,0,0,7,-9999,-9999
634,2017,5,26,7,260,210,-9999,0,0,-9999,-9999,-9999
635,2017,5,26,9,282,222,10469,0,0,-9999,-9999,-9999
636,2017,5,27,3,216,213,-9999,0,0,7,-9999,-9999
637,2017,5,27,5,240,210,-9999,0,0,-9999,-9999,-9999
638,2017,5,27,6,254,210,-9999,0,0,7,-9999,-9999
639,2017,5,27,9,264,224,-9999,70,26,6,-9999,-9999
640,2017,5,28,3,248,200,-9999,0,0,6,-9999,-9999
641,2017,5,28,6,288,216,-9999,110,26,4,-9999,-9999
642,2017,5,28,9,256,233,-9999,180,10,8,-9999,10
643,2017,5,29,3,258,218,-9999,140,31,5,-9999,-9999
644,2017,5,29,6,296,222,-9999,110,51,7,-9999,-9999
645,2017,5,29,9,276,203,-9999,110,51,7,-9999,-9999
646,2017,5,30,3,210,207,-9999,110,21,8,-9999,-9999
647,2017,5,30,6,214,199,-9999,90,51,8,-9999,-9999
648,2017,5,30,7,210,200,-9999,90,72,-9999,-9999,-9999
649,2017,5,30,9,-9999,224,-9999,240,489,3,-9999,-9999
650,2017,5,31,3,214,211,-9999,0,0,7,-9999,-9999
651,2017,5,31,6,256,224,-9999,0,0,7,-9999,-9999
652,2017,5,31,9,276,221,-9999,320,21,6,-9999,-9999
653,2017,6,1,3,210,204,-9999,0,0,8,-9999,-9999
654,2017,6,1,5,220,210,-9999,50,10,-9999,-9999,-9999
655,2017,6,1,7,240,200,-9999,50,10,-9999,-9999,-9999
656,2017,6,1,9,268,210,-9999,140,10,7,-9999,20
657,2017,6,2,3,260,217,-9999,0,0,6,-9999,-9999
658,2017,6,2,6,278,201,-9999,250,41,7,-9999,-9999
659,2017,6,2,9,294,200,-9999,250,57,5,-9999,-9999
660,2017,6,3,3,226,217,-9999,0,0,7,-9999,-9999
661,2017,6,3,5,240,220,-9999,0,0,-9999,-9999,-9999
662,2017,6,3,6,274,213,-9999,50,15,6,-9999,-9999
663,2017,6,3,9,294,216,-9999,320,21,4,-9999,-9999
664,2017,6,4,3,258,218,-9999,0,0,6,-9999,-9999
665,2017,6,4,5,270,220,-9999,290,15,-9999,-9999,-9999
666,2017,6,4,6,288,225,-9999,290,26,5,-9999,-9999
667,2017,6,5,3,272,226,-9999,0,0,5,-9999,-9999
668,2017,6,5,5,270,230,-9999,310,41,-9999,-9999,-9999
669,2017,6,5,6,266,226,-9999,340,31,8,-9999,-9999
670,2017,6,6,3,252,223,-9999,0,0,3,-9999,-9999
671,2017,6,6,5,270,230,-9999,0,0,-9999,-9999,-9999
672,2017,6,6,6,302,209,-9999,0,0,4,-9999,-9999
673,2017,6,6,9,304,240,-9999,290,15,7,-9999,-9999
674,2017,6,7,3,274,225,-9999,0,0,2,-9999,-9999
675,2017,6,7,5,290,210,-9999,0,0,-9999,-9999,-9999
676,2017,6,7,6,304,212,-9999,0,0,4,-9999,-9999
677,2017,6,7,9,278,198,-9999,270,10,7,-9999,-9999
678,2017,6,8,3,276,215,-9999,0,0,4,-9999,-9999
679,2017,6,8,5,290,220,-9999,120,21,-9999,-9999,-9999
680,2017,6,8,6,300,207,-9999,0,0,7,-9999,-9999
681,2017,6,8,9,302,237,-9999,320,41,7,-9999,-9999
682,2017,6,9,3,264,196,-9999,0,0,4,-9999,-9999
683,2017,6,9,5,290,210,-9999,340,15,-9999,-9999,-9999
684,2017,6,9,6,304,228,-9999,50,26,7,-9999,-9999
685,2017,6,9,9,224,212,-9999,360,10,8,-9999,140
686,2017,6,10,3,264,230,-9999,0,0,5,-9999,-9999
687,2017,6,10,5,290,210,-9999,0,0,-9999,-9999,-9999
688,2017,6,10,6,298,224,-9999,0,0,6,-9999,-9999
689,2017,6,10,7,290,230,-9999,60,26,-9999,-9999,-9999
690,2017,6,10,9,210,207,-9999,290,15,8,-9999,300
691,2017,6,11,3,258,204,-9999,90,31,6,-9999,-9999
692,2017,6,11,5,280,210,-9999,0,0,-9999,-9999,-9999
693,2017,6,11,6,288,235,-9999,110,26,7,-9999,-9999
694,2017,6,11,9,238,229,-9999,270,10,7,-9999,-9999
695,2017,6,12,3,222,222,-9999,0,0,8,-9999,-9999
696,2017,6,12,6,230,227,-9999,110,31,8,-9999,-9999
697,2017,6,12,7,230,220,-9999,0,0,-9999,-9999,-9999
698,2017,6,12,9,222,219,-9999,90,31,8,-9999,100
699,2017,6,13,5,220,220,-9999,250,41,-9999,-9999,-9999
700,2017,6,13,6,230,227,-9999,270,62,8,-9999,-9999
701,2017,6,13,7,230,230,-9999,250,72,-9999,-9999,-9999
702,2017,6,13,9,226,217,-9999,270,77,8,-9999,140
703,2017,6,14,3,248,222,-9999,0,0,7,-9999,-9999
704,2017,6,14,6,266,240,-9999,110,15,7,-9999,-9999
705,2017,6,14,9,268,197,-9999,250,31,7,-9999,-1
706,2017,6,15,6,274,228,-9999,0,0,7,-9999,-9999
707,2017,6,15,9,240,231,-9999,0,0,7,-9999,120
708,2017,6,16,3,236,222,-9999,110,41,7,-9999,-9999
709,2017,6,16,5,250,220,-9999,-9999,-9999,-9999,-9999,-9999
710,2017,6,16,6,258,247,-9999,110,36,7,-9999,-9999
711,2017,6,17,3,216,213,-9999,0,0,7,-9999,-9999
712,2017,6,17,5,230,210,-9999,0,0,-9999,-9999,-9999
713,2017,6,17,6,234,231,-9999,0,0,7,-9999,-9999
714,2017,6,17,9,216,213,-9999,230,26,8,-9999,130
715,2017,6,18,3,244,224,-9999,0,0,4,-9999,-9999
716,2017,6,18,5,-9999,-9999,-9999,230,15,-9999,-9999,-9999
717,2017,6,18,9,274,222,-9999,0,0,4,-9999,-9999
718,2017,6,19,3,248,228,-9999,0,0,7,-9999,-9999
719,2017,6,19,6,254,216,-9999,20,15,7,-9999,-9999
720,2017,6,19,9,250,221,-9999,0,0,7,-9999,2
721,2017,6,20,3,252,208,-9999,0,0,4,-9999,-9999
722,2017,6,20,5,280,210,-9999,70,15,-9999,-9999,-9999
723,2017,6,20,6,282,216,-9999,140,21,6,-9999,-9999
724,2017,6,20,7,270,220,-9999,280,36,-9999,-9999,-9999
725,2017,6,20,9,238,215,-9999,0,0,7,-9999,30
726,2017,6,21,3,260,207,-9999,0,0,5,-9999,-9999
727,2017,6,21,6,264,221,-9999,0,0,6,-9999,-9999
728,2017,6,21,7,260,220,-9999,360,15,-9999,-9999,-9999
729,2017,6,21,9,260,226,-9999,0,0,7,-9999,-9999
730,2017,6,22,3,216,210,-9999,0,0,8,-9999,-9999
731,2017,6,22,5,240,230,-9999,0,0,-9999,-9999,-9999
732,2017,6,22,6,230,215,-9999,0,0,7,-9999,-9999
733,2017,6,22,9,238,227,-9999,0,0,7,-9999,50
734,2017,6,23,3,256,212,-9999,0,0,5,-9999,-9999
735,2017,6,23,5,290,190,-9999,0,0,-9999,-9999,-9999
736,2017,6,23,6,276,225,-9999,20,21,6,-9999,-9999
737,2017,6,23,9,232,229,-9999,0,0,7,-9999,200
738,2017,6,24,3,226,220,-9999,0,0,7,-9999,-9999
739,2017,6,24,5,250,210,-9999,0,0,-9999,-9999,-9999
740,2017,6,24,6,264,215,-9999,0,0,7,-9999,-9999
741,2017,6,24,9,294,223,-9999,110,31,6,-9999,-9999
742,2017,6,25,3,230,215,-9999,0,0,6,-9999,-9999
743,2017,6,25,5,260,200,-9999,140,15,-9999,-9999,-9999
744,2017,6,25,6,272,231,-9999,290,26,6,-9999,-9999
745,2017,6,25,9,298,236,-9999,0,0,6,-9999,-9999
746,2017,6,26,3,266,220,-9999,0,0,4,-9999,-9999
747,2017,6,26,5,280,220,-9999,110,21,-9999,-9999,-9999
748,2017,6,26,6,290,215,-9999,70,15,6,-9999,-9999
749,2017,6,26,9,296,202,-9999,160,46,5,-9999,-9999
750,2017,6,27,3,252,235,-9999,0,0,7,-9999,-9999
751,2017,6,27,5,260,220,-9999,120,10,-9999,-9999,-9999
752,2017,6,27,6,272,229,-9999,90,15,7,-9999,-9999
753,2017,6,27,7,280,230,-9999,130,36,-9999,-9999,-9999
754,2017,6,27,9,290,237,-9999,110,36,7,-9999,-9999
755,2017,6,28,3,256,233,-9999,0,0,7,-9999,-9999
756,2017,6,28,6,292,224,-9999,0,0,6,-9999,-9999
757,2017,6,28,9,274,235,-9999,320,15,7,-9999,-9999
758,2017,6,29,3,264,210,-9999,110,15,5,-9999,-9999
759,2017,6,29,5,280,210,-9999,0,0,-9999,-9999,-9999
760,2017,6,29,6,290,224,-9999,0,0,6,-9999,-9999
761,2017,6,29,9,250,227,-9999,270,15,7,-9999,30
762,2017,6,30,9,264,242,-9999,270,26,8,-9999,30
763,2017,7,1,3,242,210,-9999,0,0,7,-9999,-9999
764,2017,7,1,5,260,210,-9999,30,10,-9999,-9999,-9999
765,2017,7,1,6,274,235,-9999,0,0,7,-9999,-9999
766,2017,7,1,9,270,227,-9999,320,15,7,-9999,8
767,2017,7,2,3,242,231,-9999,0,0,8,-9999,-9999
768,2017,7,2,6,250,220,-9999,0,0,6,-9999,-9999
769,2017,7,2,9,268,216,-9999,180,41,7,-9999,30
770,2017,7,3,3,272,238,-9999,0,0,7,-9999,-9999
771,2017,7,3,5,290,230,-9999,140,26,-9999,-9999,-9999
772,2017,7,3,6,298,224,-9999,140,51,7,-9999,-9999
773,2017,7,3,9,276,228,-9999,110,51,7,-9999,-9999
774,2017,7,4,3,252,223,-9999,0,0,7,-9999,-9999
775,2017,7,4,5,260,230,-9999,140,10,-9999,-9999,-9999
776,2017,7,4,6,276,221,-9999,140,26,7,-9999,-9999
777,2017,7,4,7,260,230,-9999,100,26,-9999,-9999,-9999
778,2017,7,4,9,242,233,-9999,270,10,7,-9999,70
779,2017,7,5,3,256,236,-9999,0,0,6,-9999,-9999
780,2017,7,5,6,294,226,-9999,140,41,6,-9999,-9999
781,2017,7,5,9,300,223,-9999,140,36,6,-9999,-9999
782,2017,7,6,3,262,231,-9999,0,0,6,-9999,-9999
783,2017,7,6,6,288,225,-9999,140,36,6,-9999,-9999
784,2017,7,6,9,282,237,-9999,290,36,6,-9999,-9999
785,2017,7,7,3,262,234,-9999,0,0,7,-9999,-9999
786,2017,7,7,6,292,227,-9999,320,15,7,-9999,-9999
787,2017,7,7,9,284,236,-9999,0,0,7,-9999,-9999
788,2017,7,8,3,262,231,-9999,0,0,7,-9999,-9999
789,2017,7,8,5,280,230,-9999,40,15,-9999,-9999,-9999
790,2017,7,8,6,286,232,-9999,0,0,7,-9999,-9999
791,2017,7,8,9,306,220,-9999,180,51,7,-9999,-9999
792,2017,7,9,3,244,227,-9999,0,0,8,-9999,-9999
793,2017,7,9,6,260,237,-9999,0,0,8,-9999,-9999
794,2017,7,9,9,264,224,-9999,0,0,7,-9999,2
795,2017,7,10,3,234,222,-9999,0,0,8,-9999,-9999
796,2017,7,10,6,236,230,-9999,50,10,8,-9999,-9999
797,2017,7,10,7,240,230,-9999,50,15,-9999,-9999,-9999
798,2017,7,10,9,244,221,-9999,110,15,8,-9999,20
799,2017,7,11,3,216,213,-9999,0,0,8,-9999,-9999
800,2017,7,11,6,228,222,-9999,90,36,8,-9999,-9999
801,2017,7,11,9,234,225,-9999,90,62,8,-9999,20
802,2017,7,12,3,216,213,-9999,110,41,8,-9999,-9999
803,2017,7,12,5,220,220,-9999,100,46,-9999,-9999,-9999
804,2017,7,12,6,256,230,-9999,110,41,8,-9999,-9999
805,2017,7,12,8,270,230,-9999,120,36,-9999,-9999,-9999
806,2017,7,12,9,262,231,-9999,0,0,7,-9999,20
807,2017,7,13,3,254,210,-9999,110,21,6,-9999,-9999
808,2017,7,13,6,304,212,-9999,110,46,6,-9999,-9999
809,2017,7,13,9,280,223,-9999,270,10,6,-9999,-9999
810,2017,7,14,3,266,214,-9999,70,10,6,-9999,-9999
811,2017,7,14,6,300,220,-9999,140,10,6,-9999,-9999
812,2017,7,14,9,292,227,-9999,90,15,7,-9999,-9999
813,2017,7,15,3,252,226,-9999,0,0,6,-9999,-9999
814,2017,7,15,5,290,220,-9999,99,10,-9999,-9999,-9999
815,2017,7,15,6,294,226,-9999,140,15,5,-9999,-9999
816,2017,7,15,9,304,243,-9999,360,31,5,-9999,-9999
817,2017,7,16,3,258,218,-9999,0,0,6,-9999,-9999
818,2017,7,16,6,298,236,-9999,90,10,5,-9999,-9999
819,2017,7,16,9,314,226,-9999,90,31,5,-9999,-9999
820,2017,7,17,3,284,245,-9999,110,41,6,-9999,-9999
821,2017,7,17,5,280,240,-9999,120,82,-9999,-9999,-9999
822,2017,7,17,6,254,243,-9999,0,0,6,-9999,-9999
823,2017,7,17,7,260,240,-9999,120,57,-9999,-9999,-9999
824,2017,7,18,3,276,234,-9999,0,0,5,-9999,-9999
825,2017,7,18,6,314,233,-9999,110,51,3,-9999,-9999
826,2017,7,18,9,324,225,-9999,110,46,3,-9999,-9999
827,2017,7,19,3,246,229,-9999,0,0,8,-9999,-9999
828,2017,7,19,6,234,222,-9999,110,41,8,-9999,-9999
829,2017,7,19,7,240,220,-9999,90,36,-9999,-9999,-9999
830,2017,7,19,9,260,223,-9999,90,15,8,-9999,90
831,2017,7,20,3,260,223,-9999,110,46,7,-9999,-9999
832,2017,7,20,4,260,220,-9999,0,0,-9999,-9999,-9999
833,2017,7,20,5,270,230,-9999,90,21,-9999,-9999,-9999
834,2017,7,20,6,272,226,-9999,140,67,7,-9999,-9999
835,2017,7,20,9,278,214,-9999,140,51,7,-9999,20
836,2017,7,21,3,230,224,-9999,90,26,8,-9999,-9999
837,2017,7,21,6,278,224,-9999,140,57,7,-9999,-9999
838,2017,7,21,9,274,219,-9999,110,62,6,-9999,10
839,2017,7,22,3,246,232,-9999,0,0,6,-9999,-9999
840,2017,7,22,6,290,240,-9999,90,51,7,-9999,-9999
841,2017,7,22,9,304,234,-9999,90,31,6,-9999,-9999
842,2017,7,23,3,252,226,-9999,0,0,7,-9999,-9999
843,2017,7,23,6,280,230,-9999,90,62,7,-9999,-9999
844,2017,7,23,9,296,231,-9999,110,77,6,-9999,-9999
845,2017,7,24,3,254,213,-9999,110,46,7,-9999,-9999
846,2017,7,24,5,220,220,-9999,140,36,-9999,-9999,-9999
847,2017,7,24,6,272,211,-9999,140,72,7,-9999,-9999
848,2017,7,24,9,250,206,-9999,140,62,7,-9999,-9999
849,2017,7,25,3,240,214,-9999,0,0,7,-9999,-9999
850,2017,7,25,6,276,215,-9999,140,62,7,-9999,-9999
851,2017,7,25,9,294,210,-9999,180,46,6,-9999,-9999
852,2017,7,26,3,284,205,-9999,110,41,4,-9999,-9999
853,2017,7,26,6,304,218,-9999,160,36,4,-9999,-9999
854,2017,7,26,9,274,225,-9999,320,46,6,-9999,-9999
855,2017,7,27,3,248,222,-9999,0,0,7,-9999,-9999
856,2017,7,27,5,260,230,-9999,100,10,-9999,-9999,-9999
857,2017,7,27,6,276,225,-9999,0,0,7,-9999,-9999
858,2017,7,27,7,280,220,-9999,0,0,-9999,-9999,-9999
859,2017,7,27,9,284,230,-9999,340,15,7,-9999,-9999
860,2017,7,28,3,254,225,-9999,0,0,7,-9999,-9999
861,2017,7,28,4,270,220,-9999,0,0,-9999,-9999,-9999
862,2017,7,28,6,292,227,-9999,50,15,7,-9999,-9999
863,2017,7,29,3,246,232,-9999,0,0,7,-9999,-9999
864,2017,7,29,6,270,230,-9999,0,0,8,-9999,-9999
865,2017,7,29,7,270,230,-9999,0,0,-9999,-9999,-9999
866,2017,7,29,9,256,227,-9999,320,21,7,-9999,-9999
867,2017,7,30,3,260,220,-9999,0,0,5,-9999,-9999
868,2017,7,30,5,280,230,-9999,0,0,-9999,-9999,-9999
869,2017,7,30,6,290,224,-9999,320,21,6,-9999,-9999
870,2017,7,30,9,294,241,-9999,320,26,7,-9999,-9999
871,2017,7,31,3,266,229,-9999,0,0,6,-9999,-9999
872,2017,7,31,5,280,220,-9999,70,21,-9999,-9999,-9999
873,2017,7,31,6,294,226,-9999,340,21,6,-9999,-9999
874,2017,7,31,7,290,230,-9999,340,31,-9999,-9999,-9999
875,2017,7,31,9,246,230,-9999,230,26,7,-9999,40
876,2017,8,1,3,244,224,-9999,0,0,6,-9999,-9999
877,2017,8,1,5,270,220,-9999,0,0,-9999,-9999,-9999
878,2017,8,1,6,274,222,-9999,320,26,7,-9999,-9999
879,2017,8,1,7,290,210,-9999,10,15,-9999,-9999,-9999
880,2017,8,1,9,282,228,-9999,110,36,7,-9999,-9999
881,2017,8,2,3,258,229,-9999,0,0,5,-9999,-9999
882,2017,8,2,5,270,220,-9999,20,15,-9999,-9999,-9999
883,2017,8,2,6,300,229,-9999,320,26,6,-9999,-9999
884,2017,8,2,7,290,240,-9999,0,0,-9999,-9999,-9999
885,2017,8,3,3,266,232,-9999,0,0,4,-9999,-9999
886,2017,8,3,6,284,230,-9999,320,15,7,-9999,-9999
887,2017,8,3,9,294,241,-9999,320,15,7,-9999,-9999
888,2017,8,4,3,236,227,-9999,0,0,7,-9999,-9999
889,2017,8,4,5,260,220,-9999,120,26,-9999,-9999,-9999
890,2017,8,4,6,274,240,-9999,70,21,7,-9999,-9999
891,2017,8,4,7,280,240,-9999,60,15,-9999,-9999,-9999
892,2017,8,4,9,294,238,-9999,140,26,8,-9999,-9999
893,2017,8,5,3,252,235,-9999,0,0,7,-9999,-9999
894,2017,8,5,4,270,230,-9999,70,26,-9999,-9999,-9999
895,2017,8,5,5,280,230,-9999,110,41,-9999,-9999,-9999
896,2017,8,5,6,294,241,-9999,110,51,6,-9999,-9999
897,2017,8,5,7,300,240,-9999,0,0,-9999,-9999,-9999
898,2017,8,5,9,312,240,-9999,140,41,6,-9999,-9999
899,2017,8,6,3,270,242,-9999,0,0,6,-9999,-9999
900,2017,8,6,6,266,235,-9999,50,36,-9999,-9999,-9999
901,2017,8,6,7,270,230,-9999,70,31,-9999,-9999,-9999
902,2017,8,6,9,300,262,-9999,320,21,7,-9999,6
903,2017,8,7,3,254,234,-9999,0,0,7,-9999,-9999
904,2017,8,7,5,280,240,-9999,230,41,-9999,-9999,-9999
905,2017,8,7,6,252,246,-9999,0,0,8,-9999,-9999
906,2017,8,7,7,250,230,-9999,0,0,-9999,-9999,-9999
907,2017,8,7,9,260,238,-9999,10,15,7,-9999,110
908,2017,8,8,6,278,233,-9999,320,21,7,-9999,-9999
909,2017,8,8,9,254,231,-9999,90,15,6,-9999,20
910,2017,8,9,3,234,225,-9999,0,0,7,-9999,-9999
911,2017,8,9,5,260,220,-9999,40,15,-9999,-9999,-9999
912,2017,8,9,6,254,225,-9999,320,21,7,-9999,-9999
913,2017,8,9,7,250,230,-9999,130,15,-9999,-9999,-9999
914,2017,8,9,9,270,239,-9999,0,0,6,-9999,-9999
915,2017,8,10,3,226,223,-9999,0,0,8,-9999,-9999
916,2017,8,10,6,232,229,-9999,0,0,7,-9999,-9999
917,2017,8,10,9,232,220,-9999,0,0,8,-9999,290
918,2017,8,11,3,222,219,-9999,0,0,7,-9999,-9999
919,2017,8,11,4,240,210,-9999,0,0,-9999,-9999,-9999
920,2017,8,11,5,240,210,-9999,0,0,-9999,-9999,-9999
921,2017,8,11,6,240,240,-9999,0,0,7,-9999,-9999
922,2017,8,11,7,240,240,-9999,0,0,-9999,-9999,-9999
923,2017,8,11,8,240,240,-9999,0,0,-9999,-9999,-9999
924,2017,8,11,9,236,233,-9999,70,21,8,-9999,20
925,2017,8,12,3,220,220,-9999,0,0,8,-9999,-9999
926,2017,8,12,6,228,225,-9999,0,0,8,-9999,-9999
927,2017,8,12,9,236,233,-9999,0,0,8,-9999,80
928,2017,8,13,3,226,223,-9999,0,0,8,-9999,-9999
929,2017,8,13,5,230,230,-9999,0,0,-9999,-9999,-9999
930,2017,8,13,6,230,230,-9999,0,0,8,-9999,-9999
931,2017,8,13,7,230,230,-9999,0,0,-9999,-9999,-9999
932,2017,8,13,9,240,237,-9999,0,0,7,-9999,80
933,2017,8,14,3,220,220,-9999,0,0,7,-9999,-9999
934,2017,8,14,4,230,230,-9999,0,0,-9999,-9999,-9999
935,2017,8,14,5,230,230,-9999,0,0,-9999,-9999,-9999
936,2017,8,14,6,224,224,-9999,0,0,8,-9999,-9999
937,2017,8,14,7,230,220,-9999,0,0,-9999,-9999,-9999
938,2017,8,14,8,240,220,-9999,0,0,-9999,-9999,-9999
939,2017,8,14,9,256,233,-9999,0,0,6,-9999,130
940,2017,8,15,3,242,225,-9999,0,0,4,-9999,-9999
941,2017,8,15,6,282,225,-9999,320,21,6,-9999,-9999
942,2017,8,15,9,238,221,-9999,250,36,7,-9999,110
943,2017,8,16,3,256,230,-9999,0,0,6,-9999,-9999
944,2017,8,16,6,290,228,-9999,90,21,6,-9999,-9999
945,2017,8,16,9,270,227,-9999,110,21,7,-9999,-9999
946,2017,8,17,3,250,227,-9999,0,0,6,-9999,-9999
947,2017,8,17,4,270,230,-9999,100,31,-9999,-9999,-9999
948,2017,8,17,6,270,227,-9999,110,46,7,-9999,-9999
949,2017,8,17,9,294,232,-9999,70,31,6,-9999,-9999
950,2017,8,18,3,230,224,-9999,0,0,7,-9999,-9999
951,2017,8,18,6,264,227,-9999,110,26,7,-9999,-9999
952,2017,8,18,9,276,218,-9999,0,0,7,-9999,-9999
953,2017,8,19,3,262,225,-9999,0,0,5,-9999,-9999
954,2017,8,19,4,270,230,-9999,110,36,-9999,-9999,-9999
955,2017,8,19,5,280,220,-9999,100,36,-9999,-9999,-9999
956,2017,8,19,6,290,231,-9999,110,46,6,-9999,-9999
957,2017,8,19,7,300,230,-9999,80,31,-9999,-9999,-9999
958,2017,8,19,9,272,232,-9999,360,26,7,-9999,-9999
959,2017,8,20,3,256,224,-9999,0,0,6,-9999,-9999
960,2017,8,20,5,280,220,-9999,0,0,-9999,-9999,-9999
961,2017,8,20,6,270,233,-9999,0,0,7,-9999,-9999
962,2017,8,20,7,280,230,-9999,350,26,-9999,-9999,-9999
963,2017,8,20,9,290,221,-9999,360,15,6,-9999,-9999
964,2017,8,21,3,226,217,-9999,180,15,8,-9999,-9999
965,2017,8,21,5,250,210,-9999,140,15,-9999,-9999,-9999
966,2017,8,21,6,260,210,-9999,230,15,5,-9999,-9999
967,2017,8,21,7,270,210,-9999,0,0,-9999,-9999,-9999
968,2017,8,21,9,290,234,-9999,360,21,6,-9999,40
969,2017,8,22,3,260,217,-9999,0,0,3,-9999,-9999
970,2017,8,22,4,280,210,-9999,110,21,-9999,-9999,-9999
971,2017,8,22,5,290,210,-9999,130,31,-9999,-9999,-9999
972,2017,8,22,6,298,221,-9999,110,41,6,-9999,-9999
973,2017,8,22,8,300,230,-9999,110,31,-9999,-9999,-9999
974,2017,8,22,9,300,220,-9999,110,26,6,-9999,-9999
975,2017,8,23,3,266,223,-9999,0,0,4,-9999,-9999
976,2017,8,23,5,290,220,-9999,100,21,-9999,-9999,-9999
977,2017,8,23,6,304,228,-9999,110,46,5,-9999,-9999
978,2017,8,23,7,310,230,-9999,110,31,-9999,-9999,-9999
979,2017,8,23,9,314,226,-9999,70,36,6,-9999,-9999
980,2017,8,24,3,280,225,-9999,0,0,4,-9999,-9999
981,2017,8,24,5,300,220,-9999,20,15,-9999,-9999,-9999
982,2017,8,24,6,310,225,-9999,90,15,5,-9999,-9999
983,2017,8,24,9,256,218,-9999,270,21,6,-9999,80
984,2017,8,25,3,242,231,-9999,0,0,6,-9999,-9999
985,2017,8,25,6,280,229,-9999,320,31,7,-9999,-9999
986,2017,8,25,9,294,238,-9999,320,26,6,-9999,-9999
987,2017,8,26,3,236,227,-9999,0,0,7,-9999,-9999
988,2017,8,26,4,240,230,-9999,0,0,-9999,-9999,-9999
989,2017,8,26,5,250,230,-9999,0,0,-9999,-9999,-9999
990,2017,8,26,6,248,231,-9999,0,0,7,-9999,-9999
991,2017,8,26,7,250,230,-9999,0,0,-9999,-9999,-9999
992,2017,8,26,9,270,233,-9999,140,26,7,-9999,20
993,2017,8,27,3,246,223,-9999,0,0,7,-9999,-9999
994,2017,8,27,5,270,220,-9999,140,26,-9999,-9999,-9999
995,2017,8,27,6,284,230,-9999,110,21,6,-9999,-9999
996,2017,8,27,9,250,230,-9999,270,15,6,-9999,10
997,2017,8,28,3,232,221,-9999,0,0,6,-9999,-9999
998,2017,8,28,4,250,210,-9999,150,21,-9999,-9999,-9999
999,2017,8,28,5,260,210,-9999,0,0,-9999,-9999,-9999
1000,2017,8,28,6,278,236,-9999,0,0,5,-9999,-9999
1001,2017,8,28,7,300,230,-9999,0,0,-9999,-9999,-9999
1002,2017,8,28,8,300,230,-9999,40,26,-9999,-9999,-9999
1003,2017,8,28,9,272,232,-9999,50,31,6,-9999,-9999
1004,2017,8,29,3,282,229,-9999,140,31,6,-9999,-9999
1005,2017,8,29,4,300,220,-9999,0,0,-9999,-9999,-9999
1006,2017,8,29,5,300,230,-9999,20,10,-9999,-9999,-9999
1007,2017,8,29,6,298,218,-9999,50,15,6,-9999,-9999
1008,2017,8,29,7,290,220,-9999,0,0,-9999,-9999,-9999
1009,2017,8,29,8,290,230,-9999,0,0,-9999,-9999,-9999
1010,2017,8,29,9,294,256,-9999,50,21,6,-9999,-9999
1011,2017,8,30,3,244,224,-9999,0,0,7,-9999,-9999
1012,2017,8,30,6,296,225,-9999,0,0,6,-9999,-9999
1013,2017,8,30,9,256,227,-9999,90,15,7,-9999,-9999
1014,2017,8,31,3,236,227,-9999,0,0,6,-9999,-9999
1015,2017,8,31,5,260,230,-9999,0,0,-9999,-9999,-9999
1016,2017,8,31,6,270,233,-9999,110,36,7,-9999,-9999
1017,2017,8,31,9,284,230,-9999,140,26,6,-9999,-9999
1018,2017,9,1,3,262,225,-9999,0,0,6,-9999,-9999
1019,2017,9,1,4,280,210,-9999,0,0,-9999,-9999,-9999
1020,2017,9,1,6,248,231,-9999,0,0,7,-9999,-9999
1021,2017,9,1,9,274,235,-9999,230,31,6,-9999,-9999
1022,2017,9,2,3,240,220,-9999,0,0,7,-9999,-9999
1023,2017,9,2,5,270,210,-9999,50,21,-9999,-9999,-9999
1024,2017,9,2,6,278,218,-9999,50,26,6,-9999,-9999
1025,2017,9,2,9,270,221,-9999,0,0,6,-9999,150
1026,2017,9,3,3,222,219,-9999,0,0,8,-9999,-9999
1027,2017,9,3,6,244,224,-9999,90,21,8,-9999,-9999
1028,2017,9,3,9,244,227,-9999,230,10,8,-9999,-9999
1029,2017,9,4,3,246,217,-9999,270,26,7,-9999,-9999
1030,2017,9,4,4,250,220,-9999,0,0,-9999,-9999,-9999
1031,2017,9,4,5,250,220,-9999,260,10,-9999,-9999,-9999
1032,2017,9,4,6,260,226,-9999,290,21,6,-9999,-9999
1033,2017,9,4,9,266,226,-9999,0,0,7,-9999,80
1034,2017,9,5,3,254,216,-9999,0,0,7,-9999,-9999
1035,2017,9,5,6,264,218,-9999,140,21,7,-9999,-9999
1036,2017,9,5,9,246,214,-9999,230,26,7,-9999,30
1037,2017,9,6,3,242,210,-9999,0,0,6,-9999,-9999
1038,2017,9,6,6,280,213,-9999,0,0,6,-9999,-9999
1039,2017,9,6,9,286,214,-9999,320,15,6,-9999,-9999
1040,2017,9,7,3,256,203,-9999,0,0,6,-9999,-9999
1041,2017,9,7,6,286,204,-9999,50,15,6,-9999,-9999
1042,2017,9,7,9,274,219,-9999,250,31,7,-9999,-9999
1043,2017,9,8,3,256,203,-9999,0,0,6,-9999,-9999
1044,2017,9,8,6,280,223,-9999,290,10,6,-9999,-9999
1045,2017,9,9,3,224,218,-9999,0,0,8,-9999,-9999
1046,2017,9,9,5,250,230,-9999,0,0,-9999,-9999,-9999
1047,2017,9,9,6,240,223,-9999,0,0,8,-9999,-9999
1048,2017,9,9,9,258,205,-9999,0,0,7,-9999,-9999
1049,2017,9,10,3,224,215,-9999,0,0,7,-9999,-9999
1050,2017,9,10,6,248,216,-9999,70,10,7,-9999,-9999
1051,2017,9,10,9,224,209,-9999,290,10,8,-9999,6
1052,2017,9,11,3,238,212,-9999,0,0,5,-9999,-9999
1053,2017,9,11,6,284,215,-9999,0,0,7,-9999,-9999
1054,2017,9,11,9,228,216,-9999,0,0,7,-9999,70
1055,2017,9,12,3,230,218,-9999,0,0,8,-9999,-9999
1056,2017,9,12,5,250,220,-9999,0,0,-9999,-9999,-9999
1057,2017,9,12,6,276,218,-9999,90,15,7,-9999,-9999
1058,2017,9,12,9,230,221,-9999,0,0,7,-9999,40
1059,2017,9,13,3,240,217,-9999,0,0,7,-9999,-9999
1060,2017,9,13,6,276,209,-9999,90,10,7,-9999,-9999
1061,2017,9,13,9,244,221,-9999,0,0,7,-9999,60
1062,2017,9,14,3,244,218,-9999,0,0,7,-9999,-9999
1063,2017,9,14,6,268,222,-9999,110,36,7,-9999,-9999
1064,2017,9,14,9,284,227,-9999,20,21,7,-9999,-9999
1065,2017,9,15,3,256,209,-9999,0,0,6,-9999,-9999
1066,2017,9,15,6,290,236,-9999,0,0,6,-9999,-9999
1067,2017,9,15,9,302,213,-9999,0,0,5,-9999,-9999
1068,2017,9,16,3,264,227,-9999,0,0,5,-9999,-9999
1069,2017,9,16,5,280,230,-9999,60,26,-9999,-9999,-9999
1070,2017,9,16,6,298,224,-9999,90,15,5,-9999,-9999
1071,2017,9,16,9,312,230,-9999,90,31,4,-9999,-9999
1072,2017,9,17,3,270,236,-9999,0,0,6,-9999,-9999
1073,2017,9,17,6,306,239,-9999,90,51,7,-9999,-9999
1074,2017,9,17,9,286,244,-9999,140,129,8,-9999,-1
1075,2017,9,18,3,232,214,-9999,0,0,8,-9999,-9999
1076,2017,9,18,6,272,217,-9999,90,62,7,-9999,-9999
1077,2017,9,18,9,272,214,-9999,110,51,6,-9999,3
1078,2017,9,19,3,260,204,-9999,0,0,7,-9999,-9999
1079,2017,9,19,6,236,227,-9999,90,51,8,-9999,-9999
1080,2017,9,19,9,278,214,-9999,140,46,7,-9999,50
1081,2017,9,20,0,232,220,-9999,0,0,7,-9999,-9999
1082,2017,9,20,6,244,224,-9999,140,51,8,-9999,-9999
1083,2017,9,20,9,266,235,-9999,0,0,7,-9999,50
1084,2017,9,21,3,234,220,-9999,0,0,8,-9999,-9999
1085,2017,9,21,6,260,220,-9999,0,0,7,-9999,-9999
1086,2017,9,21,9,280,226,-9999,290,21,7,-9999,10
1087,2017,9,22,3,256,206,-9999,0,0,6,-9999,-9999
1088,2017,9,22,6,280,213,-9999,320,15,6,-9999,-9999
1089,2017,9,22,9,278,224,-9999,320,21,7,-9999,-9999
1090,2017,9,23,3,240,211,-9999,0,0,7,-9999,-9999
1091,2017,9,23,6,286,211,-9999,50,10,6,-9999,-9999
1092,2017,9,23,9,284,230,-9999,320,26,7,-9999,-9999
1093,2017,9,24,3,240,229,-9999,0,0,7,-9999,-9999
1094,2017,9,24,5,260,230,-9999,120,31,-9999,-9999,-9999
1095,2017,9,24,6,284,221,-9999,0,0,6,-9999,-9999
1096,2017,9,24,9,262,225,-9999,340,36,7,-9999,-9999
1097,2017,9,25,3,256,227,-9999,0,0,7,-9999,-9999
1098,2017,9,25,6,286,204,-9999,290,21,6,-9999,-9999
1099,2017,9,25,9,274,225,-9999,320,15,7,-9999,-9999
1100,2017,9,26,3,244,227,-9999,0,0,7,-9999,-9999
1101,2017,9,26,6,282,222,-9999,20,46,7,-9999,-9999
1102,2017,9,26,9,264,221,-9999,290,15,7,-9999,70
1103,2017,9,27,3,244,227,-9999,0,0,7,-9999,-9999
1104,2017,9,27,6,266,220,-9999,110,21,7,-9999,-9999
1105,2017,9,27,9,286,223,-9999,140,15,7,-9999,-9999
1106,2017,9,28,3,244,224,-9999,0,0,7,-9999,-9999
1107,2017,9,28,5,270,220,-9999,100,36,-9999,-9999,-9999
1108,2017,9,28,6,286,211,-9999,110,46,7,-9999,-9999
1109,2017,9,28,9,286,211,-9999,70,31,6,-9999,-9999
1110,2017,9,29,3,236,216,-9999,0,0,7,-9999,-9999
1111,2017,9,29,6,256,212,-9999,110,46,7,-9999,-9999
1112,2017,9,29,9,246,217,-9999,110,51,7,-9999,10
1113,2017,9,30,3,214,211,-9999,0,0,8,-9999,-9999
1114,2017,9,30,4,230,210,-9999,0,0,-9999,-9999,-9999
1115,2017,9,30,5,230,210,-9999,0,0,-9999,-9999,-9999
1116,2017,9,30,6,242,225,-9999,0,0,7,-9999,-9999
1117,2017,9,30,9,244,227,-9999,0,0,7,-9999,80
1118,2017,10,1,3,220,214,-9999,0,0,8,-9999,-9999
1119,2017,10,1,6,256,218,-9999,0,0,8,-9999,-9999
1120,2017,10,1,9,254,222,-9999,0,0,7,-9999,-9999
1121,2017,10,2,3,226,217,-9999,0,0,7,-9999,-9999
1122,2017,10,2,6,264,215,-9999,0,0,6,-9999,-9999
1123,2017,10,2,9,254,225,-9999,290,51,8,-9999,20
1124,2017,10,3,3,242,207,-9999,0,0,5,-9999,-9999
1125,2017,10,3,5,270,220,-9999,90,15,-9999,-9999,-9999
1126,2017,10,3,6,282,206,-9999,0,0,6,-9999,-9999
1127,2017,10,3,7,270,210,-9999,240,21,-9999,-9999,-9999
1128,2017,10,3,9,254,225,-9999,320,36,7,-9999,20
1129,2017,10,4,3,236,213,-9999,0,0,4,-9999,-9999
1130,2017,10,4,6,280,223,-9999,90,36,5,-9999,-9999
1131,2017,10,4,9,266,220,-9999,0,0,7,-9999,-9999
1132,2017,10,5,3,254,216,-9999,0,0,4,-9999,-9999
1133,2017,10,5,6,296,222,-9999,90,41,5,-9999,-9999
1134,2017,10,5,9,282,225,-9999,0,0,6,-9999,-9999
1135,2017,10,6,3,248,213,-9999,0,0,3,-9999,-9999
1136,2017,10,6,4,270,210,-9999,110,21,-9999,-9999,-9999
1137,2017,10,6,5,290,210,-9999,20,36,-9999,-9999,-9999
1138,2017,10,6,6,304,221,-9999,90,36,4,-9999,-9999
1139,2017,10,6,7,310,220,-9999,110,41,-9999,-9999,-9999
1140,2017,10,6,8,290,210,-9999,110,36,-9999,-9999,-9999
1141,2017,10,6,9,288,219,-9999,110,31,7,-9999,-9999
1142,2017,10,7,3,254,210,-9999,0,0,3,-9999,-9999
1143,2017,10,7,5,290,200,-9999,110,26,-9999,-9999,-9999
1144,2017,10,7,6,298,205,-9999,0,0,5,-9999,-9999
1145,2017,10,7,7,300,200,-9999,0,0,-9999,-9999,-9999
1146,2017,10,7,9,266,226,-9999,290,26,7,-9999,-9999
1147,2017,10,8,3,240,223,-9999,0,0,6,-9999,-9999
1148,2017,10,8,5,260,200,-9999,110,46,-9999,-9999,-9999
1149,2017,10,8,6,280,217,-9999,340,51,6,-9999,-9999
1150,2017,10,8,7,280,220,-9999,120,46,-9999,-9999,-9999
1151,2017,10,8,9,256,218,-9999,90,21,7,-9999,2
1152,2017,10,9,3,238,218,-9999,0,0,6,-9999,-9999
1153,2017,10,9,4,250,220,-9999,110,41,-9999,-9999,-9999
1154,2017,10,9,5,260,220,-9999,70,26,-9999,-9999,-9999
1155,2017,10,9,6,236,200,-9999,270,26,6,-9999,-9999
1156,2017,10,9,9,242,203,-9999,50,15,6,-9999,-9999
1157,2017,10,10,3,220,202,-9999,0,0,5,-9999,-9999
1158,2017,10,10,4,250,220,-9999,90,21,-9999,-9999,-9999
1159,2017,10,10,5,260,220,-9999,110,15,-9999,-9999,-9999
1160,2017,10,10,6,274,219,-9999,70,26,5,-9999,-9999
1161,2017,10,10,7,280,220,-9999,120,46,-9999,-9999,-9999
1162,2017,10,10,8,280,220,-9999,140,36,-9999,-9999,-9999
1163,2017,10,10,9,264,221,-9999,290,41,6,-9999,2
1164,2017,10,11,3,238,218,-9999,0,0,1,-9999,-9999
1165,2017,10,11,6,284,218,-9999,50,15,4,-9999,-9999
1166,2017,10,11,9,270,230,-9999,290,15,6,-9999,-9999
1167,2017,10,12,3,260,217,-9999,0,0,2,-9999,-9999
1168,2017,10,12,6,288,206,-9999,0,0,5,-9999,-9999
1169,2017,10,12,9,272,235,-9999,290,31,7,-9999,6
1170,2017,10,13,3,256,203,-9999,0,0,3,-9999,-9999
1171,2017,10,13,6,266,211,-9999,320,15,6,-9999,-9999
1172,2017,10,13,9,280,235,-9999,0,0,6,-9999,50
1173,2017,10,14,3,202,199,-9999,0,0,7,-9999,-9999
1174,2017,10,14,4,220,200,-9999,0,0,-9999,-9999,-9999
1175,2017,10,14,5,230,200,-9999,150,10,-9999,-9999,-9999
1176,2017,10,14,6,248,217,-9999,0,0,6,-9999,-9999
1177,2017,10,14,7,250,210,-9999,0,0,-9999,-9999,-9999
1178,2017,10,14,9,264,205,-9999,0,0,6,-9999,-9999
1179,2017,10,15,3,234,213,-9999,0,0,3,-9999,-9999
1180,2017,10,15,5,260,210,-9999,320,15,-9999,-9999,-9999
1181,2017,10,15,6,256,203,-9999,290,26,5,-9999,-9999
1182,2017,10,15,7,260,200,-9999,320,26,-9999,-9999,-9999
1183,2017,10,15,9,274,180,-9999,290,31,6,-9999,-9999
1184,2017,10,16,3,202,193,-9999,0,0,7,-9999,-9999
1185,2017,10,16,4,230,200,-9999,0,0,-9999,-9999,-9999
1186,2017,10,16,5,240,200,-9999,70,21,-9999,-9999,-9999
1187,2017,10,16,6,264,191,-9999,110,26,5,-9999,-9999
1188,2017,10,16,7,270,190,-9999,140,21,-9999,-9999,-9999
1189,2017,10,16,9,268,200,-9999,110,31,5,-9999,-9999
1190,2017,10,17,3,234,201,-9999,0,0,0,-9999,-9999
1191,2017,10,17,6,274,210,-9999,110,46,2,-9999,-9999
1192,2017,10,17,9,292,208,-9999,90,41,3,-9999,-9999
1193,2017,10,18,3,220,206,-9999,0,0,3,-9999,-9999
1194,2017,10,18,6,284,202,-9999,110,41,4,-9999,-9999
1195,2017,10,18,9,284,215,-9999,110,26,5,-9999,-9999
1196,2017,10,19,3,256,209,-9999,0,0,6,-9999,-9999
1197,2017,10,19,6,284,208,-9999,90,46,5,-9999,-9999
1198,2017,10,19,9,262,206,-9999,70,26,6,-9999,-9999
1199,2017,10,20,3,214,208,-9999,0,0,7,-9999,-9999
1200,2017,10,20,6,240,210,-9999,90,26,7,-9999,-9999
1201,2017,10,20,9,210,204,-9999,50,26,8,-9999,100
1202,2017,10,21,3,182,179,-9999,0,0,8,-9999,-9999
1203,2017,10,21,6,184,178,-9999,110,46,8,-9999,-9999
1204,2017,10,21,9,176,166,-9999,110,77,8,-9999,140
1205,2017,10,22,3,182,179,-9999,0,0,8,-9999,-9999
1206,2017,10,22,6,216,195,-9999,0,0,7,-9999,-9999
1207,2017,10,22,9,236,208,-9999,0,0,6,-9999,-9999
1208,2017,10,23,3,212,178,-9999,0,0,6,-9999,-9999
1209,2017,10,23,6,240,189,-9999,320,36,6,-9999,-9999
1210,2017,10,23,9,244,186,-9999,320,21,6,-9999,-9999
1211,2017,10,24,3,192,170,-9999,0,0,0,-9999,-9999
1212,2017,10,24,6,252,146,-9999,320,26,2,-9999,-9999
1213,2017,10,24,7,260,160,-9999,300,21,-9999,-9999,-9999
1214,2017,10,24,9,254,163,-9999,340,26,2,-9999,-9999
1215,2017,10,25,3,178,155,-9999,0,0,3,-9999,-9999
1216,2017,10,25,4,210,160,-9999,0,0,0,-9999,-9999
1217,2017,10,25,5,230,150,-9999,340,26,0,-9999,-9999
1218,2017,10,25,6,252,138,-9999,340,21,2,-9999,-9999
1219,2017,10,25,7,250,130,-9999,0,0,-9999,-9999,-9999
1220,2017,10,25,8,260,130,-9999,350,21,-9999,-9999,-9999
1221,2017,10,25,9,244,151,-9999,340,21,3,-9999,-9999
1222,2017,10,26,3,152,124,-9999,0,0,2,-9999,-9999
1223,2017,10,26,6,244,88,-9999,0,0,2,-9999,-9999
1224,2017,10,26,9,252,70,-9999,90,15,2,-9999,-9999
1225,2017,10,27,3,150,147,-9999,0,0,7,-9999,-9999
1226,2017,10,27,4,200,140,-9999,0,0,0,-9999,-9999
1227,2017,10,27,5,220,120,-9999,0,0,0,-9999,-9999
1228,2017,10,27,6,244,97,-9999,110,41,0,-9999,-9999
1229,2017,10,27,7,250,110,-9999,110,26,0,-9999,-9999
1230,2017,10,27,9,252,113,-9999,0,0,2,-9999,-9999
1231,2017,10,28,3,168,148,-9999,0,0,2,-9999,-9999
1232,2017,10,28,6,252,134,-9999,90,36,2,-9999,-9999
1233,2017,10,28,9,254,133,-9999,90,46,4,-9999,-9999
1234,2017,10,29,3,176,166,-9999,0,0,6,-9999,-9999
1235,2017,10,29,6,250,169,-9999,110,72,5,-9999,-9999
1236,2017,10,29,9,248,171,-9999,90,51,4,-9999,-9999
1237,2017,10,30,3,182,169,-9999,0,0,7,-9999,-9999
1238,2017,10,30,4,190,170,-9999,110,36,-9999,-9999,-9999
1239,2017,10,30,5,190,180,-9999,90,46,-9999,-9999,-9999
1240,2017,10,30,6,188,166,-9999,110,72,7,-9999,-9999
1241,2017,10,30,7,190,160,-9999,110,46,-9999,-9999,-9999
1242,2017,10,30,9,186,157,-9999,110,41,7,-9999,4
1243,2017,10,31,3,154,141,-9999,0,0,7,-9999,-9999
1244,2017,10,31,5,200,140,-9999,110,36,-9999,-9999,-9999
1245,2017,10,31,6,224,174,-9999,70,36,4,-9999,-9999
1246,2017,10,31,9,220,152,-9999,90,36,6,-9999,-9999
1247,2017,11,1,3,154,144,-9999,0,0,5,-9999,-9999
1248,2017,11,1,6,228,162,-9999,90,36,3,-9999,-9999
1249,2017,11,1,9,234,127,-9999,90,36,3,-9999,-9999
1250,2017,11,2,3,150,143,-9999,0,0,7,-9999,-9999
1251,2017,11,2,6,234,147,-9999,50,15,2,-9999,-9999
1252,2017,11,2,9,244,128,-9999,110,26,2,-9999,-9999
1253,2017,11,3,3,158,148,-9999,0,0,4,-9999,-9999
1254,2017,11,3,6,242,153,-9999,140,36,2,-9999,-9999
1255,2017,11,3,9,254,152,-9999,90,41,2,-9999,-9999
1256,2017,11,4,3,180,151,-9999,0,0,3,-9999,-9999
1257,2017,11,4,6,254,177,-9999,50,15,3,-9999,-9999
1258,2017,11,4,9,256,166,-9999,70,36,5,-9999,-9999
1259,2017,11,5,3,186,87,-9999,0,0,0,-9999,-9999
1260,2017,11,5,5,220,90,-9999,80,41,-9999,-9999,-9999
1261,2017,11,5,6,256,151,-9999,90,41,2,-9999,-9999
1262,2017,11,5,7,260,160,-9999,80,36,-9999,-9999,-9999
1263,2017,11,5,9,264,153,-9999,90,41,2,-9999,-9999
1264,2017,11,6,3,180,133,-9999,0,0,0,-9999,-9999
1265,2017,11,6,6,254,140,-9999,70,10,0,-9999,-9999
1266,2017,11,6,7,250,140,-9999,0,0,0,-9999,-9999
1267,2017,11,6,9,264,117,-9999,0,0,2,-9999,-9999
1268,2017,11,7,3,158,145,-9999,0,0,7,-9999,-9999
1269,2017,11,7,5,190,150,-9999,70,31,0,-9999,-9999
1270,2017,11,7,6,246,126,-9999,110,31,0,-9999,-9999
1271,2017,11,7,7,250,130,-9999,60,31,0,-9999,-9999
1272,2017,11,7,9,256,143,-9999,90,36,0,-9999,-9999
1273,2017,11,8,3,170,136,-9999,90,21,2,-9999,-9999
1274,2017,11,8,6,254,111,-9999,110,51,0,-9999,-9999
1275,2017,11,8,9,-9999,113,-9999,90,41,-9999,-9999,-9999
1276,2017,11,9,3,178,141,-9999,0,0,0,-9999,-9999
1277,2017,11,9,6,260,120,-9999,90,31,2,-9999,-9999
1278,2017,11,9,9,262,90,-9999,110,36,2,-9999,-9999
1279,2017,11,10,3,158,127,-9999,0,0,2,-9999,-9999
1280,2017,11,10,6,246,146,-9999,90,51,2,-9999,-9999
1281,2017,11,10,9,254,137,-9999,90,51,0,-9999,-9999
1282,2017,11,11,3,154,130,-9999,90,10,3,-9999,-9999
1283,2017,11,11,6,254,145,-9999,70,26,2,-9999,-9999
1284,2017,11,11,9,264,153,-9999,50,10,2,-9999,-9999
1285,2017,11,12,3,160,136,-9999,0,0,3,-9999,-9999
1286,2017,11,12,6,244,151,-9999,90,15,2,-9999,-9999
1287,2017,11,12,9,238,159,-9999,20,26,5,-9999,-9999
1288,2017,11,13,3,176,132,-9999,0,0,5,-9999,-9999
1289,2017,11,13,6,244,115,-9999,50,10,3,-9999,-9999
1290,2017,11,13,9,234,139,-9999,70,41,6,-9999,-9999
1291,2017,11,14,3,158,131,-9999,0,0,6,-9999,-9999
1292,2017,11,14,6,234,111,-9999,90,36,6,-9999,-9999
1293,2017,11,14,9,240,123,-9999,110,31,6,-9999,-9999
1294,2017,11,15,3,134,120,-9999,0,0,6,-9999,-9999
1295,2017,11,15,6,220,130,-9999,50,15,7,-9999,-9999
1296,2017,11,15,9,218,143,-9999,0,0,7,-9999,-9999
1297,2017,11,16,3,180,151,-9999,0,0,7,-9999,-9999
1298,2017,11,16,6,212,124,-9999,70,26,7,-9999,-9999
1299,2017,11,16,9,210,159,-9999,140,15,7,-9999,-9999
1300,2017,11,17,3,186,177,-9999,0,0,8,-9999,-9999
1301,2017,11,17,6,206,184,-9999,110,26,8,-9999,-9999
1302,2017,11,17,9,214,186,-9999,110,15,8,-9999,-9999
1303,2017,11,18,3,202,187,-9999,0,0,8,-9999,-9999
1304,2017,11,18,6,240,204,-9999,0,0,7,-9999,-9999
1305,2017,11,18,9,236,181,-9999,320,31,7,-9999,-9999
1306,2017,11,19,6,248,171,-9999,0,0,5,-9999,-9999
1307,2017,11,19,9,250,173,-9999,290,36,5,-9999,-9999
1308,2017,11,20,3,162,155,-9999,0,0,7,-9999,-9999
1309,2017,11,20,6,238,103,-9999,290,10,3,-9999,-9999
1310,2017,11,20,9,244,144,-9999,320,31,3,-9999,-9999
1311,2017,11,21,3,164,133,-9999,0,0,6,-9999,-9999
1312,2017,11,21,6,228,151,-9999,0,0,3,-9999,-9999
1313,2017,11,21,9,230,122,-9999,270,26,3,-9999,-9999
1314,2017,11,22,3,150,129,-9999,0,0,6,-9999,-9999
1315,2017,11,22,6,218,131,-9999,70,10,3,-9999,-9999
1316,2017,11,22,9,230,114,-9999,90,21,2,-9999,-9999
1317,2017,11,23,3,138,124,-9999,0,0,7,-9999,-9999
1318,2017,11,23,6,214,123,-9999,90,10,3,-9999,-9999
1319,2017,11,23,9,230,101,-9999,110,15,2,-9999,-9999
1320,2017,11,24,3,126,123,-9999,0,0,9,-9999,-9999
1321,2017,11,24,6,210,105,-9999,0,0,2,-9999,-9999
1322,2017,11,24,9,226,113,-9999,320,36,3,-9999,-9999
1323,2017,11,25,3,134,127,-9999,0,0,9,-9999,-9999
1324,2017,11,25,6,216,121,-9999,140,31,3,-9999,-9999
1325,2017,11,25,9,226,95,-9999,70,31,2,-9999,-9999
1326,2017,11,26,3,132,114,-9999,0,0,2,-9999,-9999
1327,2017,11,26,6,224,93,-9999,110,46,3,-9999,-9999
1328,2017,11,27,3,168,138,-9999,0,0,5,-9999,-9999
1329,2017,11,27,6,212,-9999,-9999,0,0,6,-9999,-9999
1330,2017,11,27,9,206,140,-9999,360,26,6,-9999,-9999
1331,2017,11,28,3,146,121,-9999,0,0,6,-9999,-9999
1332,2017,11,28,6,198,107,-9999,290,26,6,-9999,-9999
1333,2017,11,28,9,186,124,-9999,290,41,7,-9999,-9999
1334,2017,11,29,3,134,127,-9999,0,0,9,-9999,-9999
1335,2017,11,29,6,202,112,-9999,90,10,3,-9999,-9999
1336,2017,11,29,9,208,111,-9999,50,15,6,-9999,-9999
1337,2017,11,30,3,116,47,-9999,0,0,3,-9999,-9999
1338,2017,11,30,6,194,97,-9999,160,51,2,-9999,-9999
1339,2017,11,30,8,210,90,-9999,-9999,-9999,-9999,-9999,-9999
1340,2017,11,30,9,224,106,-9999,140,15,2,-9999,-9999
1341,2017,12,1,3,102,94,-9999,0,0,7,-9999,-9999
1342,2017,12,1,5,180,120,-9999,0,0,0,-9999,-9999
1343,2017,12,1,6,204,106,-9999,70,15,0,-9999,-9999
1344,2017,12,1,7,220,100,-9999,80,26,-9999,-9999,-9999
1345,2017,12,1,9,222,85,-9999,90,15,2,-9999,-9999
1346,2017,12,2,3,96,88,-9999,0,0,7,-9999,-9999
1347,2017,12,2,5,180,120,-9999,90,15,0,-9999,-9999
1348,2017,12,2,6,194,106,-9999,100,82,0,-9999,-9999
1349,2017,12,2,9,224,83,-9999,360,15,2,-9999,-9999
1350,2017,12,3,3,120,105,-9999,0,0,3,-9999,-9999
1351,2017,12,3,6,194,102,-9999,0,0,2,-9999,-9999
1352,2017,12,3,9,226,56,-9999,0,0,2,-9999,-9999
1353,2017,12,4,3,112,108,-9999,0,0,7,-9999,-9999
1354,2017,12,4,6,194,166,-9999,110,26,2,-9999,-9999
1355,2017,12,4,9,216,86,-9999,140,31,3,-9999,-9999
1356,2017,12,5,3,88,84,-9999,0,0,5,-9999,-9999
1357,2017,12,5,6,194,97,-9999,90,51,0,-9999,-9999
1358,2017,12,5,9,220,77,-9999,50,15,0,-9999,-9999
1359,2017,12,6,3,92,88,-9999,0,0,4,-9999,-9999
1360,2017,12,6,6,202,66,-9999,70,21,3,-9999,-9999
1361,2017,12,6,9,220,101,-9999,320,15,0,-9999,-9999
1362,2017,12,7,3,108,97,-9999,0,0,7,-9999,-9999
1363,2017,12,7,6,200,83,-9999,110,21,0,-9999,-9999
1364,2017,12,7,9,230,87,-9999,0,0,3,-9999,-9999
1365,2017,12,8,3,138,117,-9999,0,0,6,-9999,-9999
1366,2017,12,8,6,214,118,-9999,90,31,6,-9999,-9999
1367,2017,12,8,9,224,115,-9999,20,15,6,-9999,-9999
1368,2017,12,9,3,142,132,-9999,0,0,6,-9999,-9999
1369,2017,12,9,6,204,134,-9999,0,0,6,-9999,-9999
1370,2017,12,9,9,210,139,-9999,0,0,7,-9999,-9999
1371,2017,12,10,3,176,166,10527,0,0,7,-9999,-9999
1372,2017,12,10,6,204,176,-9999,0,0,6,-9999,-9999
1373,2017,12,10,9,214,180,-9999,0,0,7,-9999,-9999
1374,2017,12,11,3,188,182,-9999,0,0,7,-9999,-9999
1375,2017,12,11,6,224,187,-9999,70,15,6,-9999,-9999
1376,2017,12,11,9,224,187,-9999,250,26,6,-9999,-9999
1377,2017,12,12,3,202,103,-9999,230,15,2,-9999,-9999
1378,2017,12,12,6,228,143,-9999,340,26,5,-9999,-9999
1379,2017,12,12,9,218,146,-9999,340,31,5,-9999,-9999
1380,2017,12,13,3,124,109,-9999,0,0,6,-9999,-9999
1381,2017,12,13,6,208,89,-9999,320,31,3,-9999,-9999
1382,2017,12,13,9,214,102,-9999,320,41,3,-9999,-9999
1383,2017,12,14,3,116,105,-9999,0,0,5,-9999,-9999
1384,2017,12,14,6,216,77,-9999,320,15,0,-9999,-9999
1385,2017,12,14,9,220,101,-9999,320,26,0,-9999,-9999
1386,2017,12,15,3,120,116,-9999,0,0,9,-9999,-9999
1387,2017,12,15,6,194,110,-9999,0,0,0,-9999,-9999
1388,2017,12,15,9,210,113,-9999,320,26,3,-9999,-9999
1389,2017,12,16,3,120,116,-9999,0,0,9,-9999,-9999
1390,2017,12,16,6,194,130,-9999,110,26,4,-9999,-9999
1391,2017,12,16,9,204,114,-9999,50,15,4,-9999,-9999
1392,2017,12,17,3,114,107,-9999,0,0,9,-9999,-9999
1393,2017,12,17,6,194,130,-9999,110,21,0,-9999,-9999
1394,2017,12,17,9,218,111,-9999,110,15,2,-9999,-9999
1395,2017,12,18,3,120,116,-9999,0,0,9,-9999,-9999
1396,2017,12,18,6,182,102,-9999,110,36,2,-9999,-9999
1397,2017,12,18,9,226,104,-9999,110,31,3,-9999,-9999
1398,2017,12,19,3,112,108,-9999,0,0,7,-9999,-9999
1399,2017,12,19,6,208,115,-9999,90,46,3,-9999,-9999
1400,2017,12,19,9,212,116,-9999,0,0,5,-9999,-9999
1401,2017,12,20,3,98,90,-9999,0,0,5,-9999,-9999
1402,2017,12,20,6,214,110,-9999,90,46,2,-9999,-9999
1403,2017,12,20,9,218,89,-9999,70,15,3,-9999,-9999
1404,2017,12,21,3,114,103,-9999,0,0,5,-9999,-9999
1405,2017,12,21,6,214,123,-9999,110,31,3,-9999,-9999
1406,2017,12,21,9,202,124,-9999,360,31,6,-9999,-9999
1407,2017,12,22,3,124,120,-9999,0,0,7,-9999,-9999
1408,2017,12,22,6,204,122,-9999,70,15,5,-9999,-9999
1409,2017,12,22,9,198,119,-9999,320,31,6,-9999,-9999
1410,2017,12,23,3,128,117,-9999,0,0,5,-9999,-9999
1411,2017,12,23,6,196,117,-9999,70,15,4,-9999,-9999
1412,2017,12,23,9,192,128,-9999,360,31,6,-9999,-9999
1413,2017,12,24,3,114,114,-9999,0,0,9,-9999,-9999
1414,2017,12,24,6,198,127,-9999,50,15,3,-9999,-9999
1415,2017,12,24,9,204,118,-9999,90,21,1,-9999,-9999
1416,2017,12,25,3,104,104,-9999,0,0,5,-9999,-9999
1417,2017,12,25,6,202,124,-9999,110,31,2,-9999,-9999
1418,2017,12,26,3,100,92,-9999,0,0,7,-9999,-9999
1419,2017,12,26,6,214,93,-9999,140,51,0,-9999,-9999
1420,2017,12,26,9,220,96,-9999,0,0,3,-9999,-9999
1421,2017,12,27,3,118,88,-9999,0,0,3,-9999,-9999
1422,2017,12,27,6,214,106,-9999,110,26,0,-9999,-9999
1423,2017,12,27,7,220,100,-9999,120,21,0,-9999,-9999
1424,2017,12,27,9,230,138,-9999,320,26,2,-9999,-9999
1425,2017,12,28,3,106,102,-9999,0,0,7,-9999,-9999
1426,2017,12,28,6,214,106,-9999,90,46,0,-9999,-9999
1427,2017,12,28,9,232,99,-9999,110,26,0,-9999,-9999
1428,2017,12,29,3,116,81,-9999,0,0,0,-9999,-9999
1429,2017,12,29,6,224,83,-9999,70,15,0,-9999,-9999
1430,2017,12,29,9,224,153,-9999,320,41,3,-9999,-9999
1431,2017,12,30,3,118,114,-9999,0,0,9,-9999,-9999
1432,2017,12,30,6,216,66,-9999,140,31,0,-9999,-9999
1433,2017,12,30,9,234,97,-9999,140,31,4,-9999,-9999
1434,2017,12,31,6,218,164,-9999,70,21,2,-9999,-9999
1435,2017,12,31,9,228,140,-9999,340,31,4,-9999,-9999
