,YEAR,MONTH,DAY,HOUR,AIR-TEMP,DEW-POINT-TEMP,SEA-LEVEL-PRESSURE,WIND-DIRECTION,WIND-SPEED,SKY-CONDITION,RAIN-1HR,RAIN-6HR
0,2017,1,1,3,205,174,10207,0,0,8,-9999,-9999
1,2017,1,1,6,195,184,10193,0,0,8,-9999,5
2,2017,1,1,9,190,182,10167,0,0,8,-9999,-9999
3,2017,1,1,12,190,187,10172,0,0,8,-9999,-9999
4,2017,1,1,15,185,182,10194,0,0,8,2,-9999
5,2017,1,1,18,180,177,10194,0,0,8,-9999,-9999
6,2017,1,1,21,185,180,10175,0,0,8,-9999,-9999
7,2017,1,2,0,184,179,10188,0,0,8,-9999,-9999
8,2017,1,2,3,200,192,10190,0,0,8,-9999,-9999
9,2017,1,2,6,235,196,10169,0,0,8,-9999,-9999
10,2017,1,2,9,265,196,10149,0,0,6,-9999,-9999
11,2017,1,2,12,225,202,10165,0,0,2,-9999,-9999
12,2017,1,2,15,215,199,10177,0,0,0,-9999,-9999
13,2017,1,2,18,210,197,10179,0,0,2,-9999,-9999
14,2017,1,2,21,200,192,10162,0,0,2,-9999,-9999
15,2017,1,3,0,187,180,10168,0,0,6,-9999,-9999
16,2017,1,3,3,240,193,10170,0,0,6,-9999,-9999
17,2017,1,3,6,277,201,10133,0,0,5,-9999,-9999
18,2017,1,3,9,270,210,10112,0,0,7,-9999,-9999
19,2017,1,3,12,235,214,10128,0,0,7,-9999,-9999
20,2017,1,3,15,221,212,10148,0,0,6,-9999,-9999
21,2017,1,3,18,216,192,10144,0,0,7,-9999,-9999
22,2017,1,3,21,213,208,10135,0,0,7,-9999,-9999
23,2017,1,4,0,206,203,10141,0,0,7,-9999,-9999
24,2017,1,4,3,188,178,10177,0,0,8,60,-9999
25,2017,1,4,6,194,179,10157,0,0,8,-9999,70
26,2017,1,4,9,198,170,10145,0,0,8,-9999,-9999
27,2017,1,4,12,190,174,10157,0,0,8,-9999,-9999
28,2017,1,4,15,184,176,10176,0,0,8,-9999,-9999
29,2017,1,4,18,177,174,10164,0,0,8,-9999,-9999
30,2017,1,4,21,175,172,10155,0,0,8,-9999,-9999
31,2017,1,5,0,175,170,10159,0,0,8,-9999,-9999
32,2017,1,5,3,182,174,10172,0,0,8,-9999,-9999
33,2017,1,5,6,192,179,10150,0,0,8,2,6
34,2017,1,5,9,193,183,10135,0,0,8,-9999,-9999
35,2017,1,5,12,188,183,10146,0,0,8,-9999,-9999
36,2017,1,5,15,186,181,10160,0,0,8,-9999,-9999
37,2017,1,5,18,187,180,10155,0,0,8,-9999,-9999
38,2017,1,5,21,180,173,10141,0,0,8,-9999,-9999
39,2017,1,6,0,183,180,10139,0,0,8,2,-9999
40,2017,1,6,3,193,188,10160,0,0,8,-9999,-9999
41,2017,1,6,6,205,172,10133,0,0,8,-9999,1
42,2017,1,6,9,210,191,10117,0,0,6,-9999,-9999
43,2017,1,6,12,197,192,10128,0,0,8,2,-9999
44,2017,1,6,15,180,173,10145,0,0,3,-9999,-9999
45,2017,1,6,18,176,171,10138,0,0,3,-9999,-9999
46,2017,1,6,21,170,163,10131,0,0,3,-9999,-9999
47,2017,1,7,0,170,167,10134,0,0,9,-9999,-9999
48,2017,1,7,3,190,182,10150,0,0,8,-9999,-9999
49,2017,1,7,6,210,178,10119,0,0,8,-9999,-9999
50,2017,1,7,9,233,166,10101,0,0,8,-9999,-9999
51,2017,1,7,12,210,178,10115,0,0,0,-9999,-9999
52,2017,1,7,18,162,153,10130,0,0,0,-9999,-9999
53,2017,1,7,21,158,153,10123,0,0,0,-9999,-9999
54,2017,1,8,0,160,156,10136,0,0,9,-9999,-9999
55,2017,1,8,3,180,173,10152,0,0,8,-9999,-9999
56,2017,1,8,6,220,188,10121,0,0,5,-9999,-9999
57,2017,1,8,9,270,226,10090,0,0,0,-9999,-9999
58,2017,1,8,12,220,180,10107,0,0,0,-9999,-9999
59,2017,1,8,15,197,182,10127,0,0,0,-9999,-9999
60,2017,1,8,18,185,177,10129,0,0,0,-9999,-9999
61,2017,1,8,21,178,173,10118,0,0,0,-9999,-9999
62,2017,1,9,0,170,167,10129,0,0,6,-9999,-9999
63,2017,1,9,3,200,184,10142,0,0,7,-9999,-9999
64,2017,1,9,6,251,188,10109,0,0,7,-9999,-9999
65,2017,1,9,9,282,191,10079,0,0,2,-9999,-9999
66,2017,1,9,12,231,216,10096,0,0,2,-9999,-9999
67,2017,1,9,15,211,203,10116,0,0,2,-9999,-9999
68,2017,1,9,18,211,203,10113,0,0,7,-9999,-9999
69,2017,1,9,21,210,196,10100,0,0,8,2,-9999
70,2017,1,10,3,211,206,10135,0,0,8,-9999,-9999
71,2017,1,10,6,217,212,10114,0,0,8,-9999,60
72,2017,1,10,9,219,211,10101,0,0,8,-9999,-9999
73,2017,1,10,12,211,208,10109,0,0,8,-9999,-9999
74,2017,1,10,15,210,207,10128,0,0,8,-9999,-9999
75,2017,1,10,18,210,207,10116,0,0,8,-9999,-9999
76,2017,1,10,21,207,204,10101,0,0,8,-9999,-9999
77,2017,1,11,0,210,207,10135,0,0,8,-9999,-9999
78,2017,1,11,3,215,210,10127,0,0,8,-9999,-9999
79,2017,1,11,6,222,219,10105,0,0,8,-9999,70
80,2017,1,11,9,225,217,10086,0,0,8,-9999,-9999
81,2017,1,11,12,218,213,10096,0,0,8,20,-9999
82,2017,1,11,15,215,212,10105,0,0,8,-9999,-9999
83,2017,1,11,18,213,208,10101,0,0,8,-9999,-9999
84,2017,1,11,21,214,209,10095,0,0,8,-9999,-9999
85,2017,1,12,0,211,208,10094,0,0,8,-9999,-9999
86,2017,1,12,3,222,219,10112,0,0,8,-9999,-9999
87,2017,1,12,6,233,218,10090,0,0,8,-9999,4
88,2017,1,12,9,242,227,10071,0,0,7,-9999,-9999
89,2017,1,12,12,233,224,10077,0,0,4,-9999,-9999
90,2017,1,12,15,220,214,10091,0,0,3,-9999,-9999
91,2017,1,12,18,218,212,10097,0,0,3,-9999,-9999
92,2017,1,12,21,214,209,10088,0,0,6,-9999,-9999
93,2017,1,13,0,216,213,10098,0,0,8,-9999,-9999
94,2017,1,13,3,230,212,10113,0,0,8,-9999,-9999
95,2017,1,13,6,275,215,10083,0,0,5,-9999,-9999
96,2017,1,13,9,300,202,10058,0,0,4,-9999,-9999
97,2017,1,13,12,250,204,10081,0,0,0,-9999,-9999
98,2017,1,13,15,210,178,10109,0,0,0,-9999,-9999
99,2017,1,13,18,190,179,10111,0,0,0,-9999,-9999
100,2017,1,13,21,180,172,10107,0,0,0,-9999,-9999
101,2017,1,14,0,165,156,10124,0,0,0,-9999,-9999
102,2017,1,14,3,220,193,10134,0,0,6,-9999,-9999
103,2017,1,14,6,270,201,10104,0,0,2,-9999,-9999
104,2017,1,14,9,295,213,10086,0,0,2,-9999,-9999
105,2017,1,14,12,220,171,10112,0,0,2,-9999,-9999
106,2017,1,14,15,190,174,10135,0,0,0,-9999,-9999
107,2017,1,14,18,170,156,10140,0,0,0,-9999,-9999
108,2017,1,14,21,160,150,10137,0,0,0,-9999,-9999
109,2017,1,15,0,158,153,10158,0,0,9,-9999,-9999
110,2017,1,15,3,190,182,10167,0,0,0,-9999,-9999
111,2017,1,15,6,268,196,10124,0,0,1,-9999,-9999
112,2017,1,15,9,302,182,10104,0,0,1,-9999,-9999
113,2017,1,15,12,235,207,10122,0,0,1,-9999,-9999
114,2017,1,15,15,200,187,10145,0,0,1,-9999,-9999
115,2017,1,15,18,173,165,10139,0,0,1,-9999,-9999
116,2017,1,15,21,162,155,10140,0,0,1,-9999,-9999
117,2017,1,16,0,155,151,10154,0,0,9,-9999,-9999
118,2017,1,16,3,211,179,10158,0,0,1,-9999,-9999
119,2017,1,16,6,267,194,10118,0,0,1,-9999,-9999
120,2017,1,16,9,295,190,10093,0,0,1,-9999,-9999
121,2017,1,16,18,181,176,10135,0,0,1,-9999,-9999
122,2017,1,16,21,177,174,10128,0,0,1,-9999,-9999
123,2017,1,17,0,173,170,10150,0,0,9,-9999,-9999
124,2017,1,17,3,228,198,10167,0,0,1,-9999,-9999
125,2017,1,17,6,272,202,10129,0,0,2,-9999,-9999
126,2017,1,17,9,303,191,10098,0,0,3,-9999,-9999
127,2017,1,17,12,253,217,10121,0,0,3,-9999,-9999
128,2017,1,17,15,212,193,10154,0,0,2,-9999,-9999
129,2017,1,17,18,190,180,10160,0,0,0,-9999,-9999
130,2017,1,17,21,180,172,10154,0,0,2,-9999,-9999
131,2017,1,18,0,175,172,10171,0,0,9,-9999,-9999
132,2017,1,18,3,220,197,10189,0,0,3,-9999,-9999
133,2017,1,18,6,282,203,10150,0,0,4,-9999,-9999
134,2017,1,18,12,254,220,10141,0,0,4,-9999,-9999
135,2017,1,18,15,223,206,10165,0,0,2,-9999,-9999
136,2017,1,18,18,208,202,10168,0,0,2,-9999,-9999
137,2017,1,18,21,190,183,10162,0,0,2,-9999,-9999
138,2017,1,19,0,195,192,10165,0,0,3,-9999,-9999
139,2017,1,19,3,232,206,10177,0,0,4,-9999,-9999
140,2017,1,19,6,281,212,10138,0,0,2,-9999,-9999
141,2017,1,19,9,306,207,10116,0,0,2,-9999,-9999
142,2017,1,19,12,250,220,10139,0,0,1,-9999,-9999
143,2017,1,19,15,211,203,10158,0,0,1,-9999,-9999
144,2017,1,19,18,195,187,10162,0,0,1,-9999,-9999
145,2017,1,19,21,182,178,10157,360,0,1,-9999,-9999
146,2017,1,20,0,189,186,10167,0,0,9,-9999,-9999
147,2017,1,20,3,226,193,10180,0,0,1,-9999,-9999
148,2017,1,20,6,275,202,10142,0,0,2,-9999,-9999
149,2017,1,20,9,295,196,10116,0,0,2,-9999,-9999
150,2017,1,20,12,240,213,10135,0,0,1,-9999,-9999
151,2017,1,20,15,205,197,10161,0,0,1,-9999,-9999
152,2017,1,20,18,190,185,10166,0,0,1,-9999,-9999
153,2017,1,20,21,180,175,10163,0,0,1,-9999,-9999
154,2017,1,21,0,181,174,10182,0,0,9,-9999,-9999
155,2017,1,21,3,214,200,10201,0,0,1,-9999,-9999
156,2017,1,21,6,285,221,10163,210,15,4,-9999,-9999
157,2017,1,21,9,305,188,10136,0,0,4,-9999,-9999
158,2017,1,21,12,255,221,10152,0,0,4,-9999,-9999
159,2017,1,21,15,210,204,10185,0,0,0,-9999,-9999
160,2017,1,21,18,193,188,10195,0,0,0,-9999,-9999
161,2017,1,21,21,185,180,10188,0,0,0,-9999,-9999
162,2017,1,22,0,175,170,10203,0,0,4,-9999,-9999
163,2017,1,22,3,218,209,10217,0,0,0,-9999,-9999
164,2017,1,22,6,278,225,10183,0,0,4,-9999,-9999
165,2017,1,22,9,292,192,10147,0,0,4,-9999,-9999
166,2017,1,22,12,249,221,10154,0,0,3,-9999,-9999
167,2017,1,22,15,211,187,10176,0,0,4,-9999,-9999
168,2017,1,22,18,200,192,10184,0,0,4,-9999,-9999
169,2017,1,22,21,198,192,10175,0,0,4,-9999,-9999
170,2017,1,23,0,182,174,10193,0,0,4,-9999,-9999
171,2017,1,23,3,228,176,10209,0,0,4,-9999,-9999
172,2017,1,23,6,265,187,10179,0,0,1,-9999,-9999
173,2017,1,23,9,281,173,10146,0,0,2,-9999,-9999
174,2017,1,23,12,226,188,10167,0,0,1,-9999,-9999
175,2017,1,23,15,188,177,10174,0,0,1,-9999,-9999
176,2017,1,23,18,173,166,10189,0,0,1,-9999,-9999
177,2017,1,23,21,165,158,10179,0,0,0,-9999,-9999
178,2017,1,24,0,160,155,10193,0,0,9,-9999,-9999
179,2017,1,24,3,221,177,10206,0,0,1,-9999,-9999
180,2017,1,24,6,256,175,10177,0,0,2,-9999,-9999
181,2017,1,24,9,274,181,10149,0,0,2,-9999,-9999
182,2017,1,24,12,230,194,10170,0,0,1,-9999,-9999
183,2017,1,24,15,191,181,10199,0,0,1,-9999,-9999
184,2017,1,24,18,175,167,10205,0,0,1,-9999,-9999
185,2017,1,24,21,165,158,10199,0,0,1,-9999,-9999
186,2017,1,25,0,162,160,10212,360,0,-9999,-9999,-9999
187,2017,1,25,3,210,184,10219,360,0,1,-9999,-9999
188,2017,1,25,6,263,188,-9999,270,26,5,-9999,-9999
189,2017,1,25,9,280,177,10155,0,0,2,-9999,-9999
190,2017,1,25,12,233,192,10170,0,0,4,-9999,-9999
191,2017,1,25,15,215,198,10190,0,0,5,-9999,-9999
192,2017,1,25,18,190,177,10194,0,0,4,-9999,-9999
193,2017,1,25,21,177,165,10188,0,0,4,-9999,-9999
194,2017,1,26,0,165,160,10209,0,0,6,-9999,-9999
195,2017,1,26,3,226,176,10214,0,0,0,-9999,-9999
196,2017,1,26,6,270,155,10174,260,26,2,-9999,-9999
197,2017,1,26,9,290,161,10143,0,0,2,-9999,-9999
198,2017,1,26,12,245,190,10154,0,0,2,-9999,-9999
199,2017,1,26,15,205,187,10172,0,0,0,-9999,-9999
200,2017,1,26,18,185,172,10168,0,0,0,-9999,-9999
201,2017,1,26,21,165,156,10163,0,0,0,-9999,-9999
202,2017,1,27,0,168,161,10173,0,0,3,-9999,-9999
203,2017,1,27,3,213,176,10188,0,0,6,-9999,-9999
204,2017,1,27,6,257,208,10164,0,0,6,-9999,-9999
205,2017,1,27,9,303,162,10120,0,0,4,-9999,-9999
206,2017,1,27,12,245,199,10140,0,0,5,-9999,-9999
207,2017,1,27,15,220,190,10157,0,0,6,-9999,-9999
208,2017,1,27,18,194,180,10154,0,0,2,-9999,-9999
209,2017,1,27,21,180,172,10149,0,0,3,-9999,-9999
210,2017,1,28,0,181,176,10153,0,0,6,-9999,-9999
211,2017,1,28,3,225,194,10162,0,0,1,-9999,-9999
212,2017,1,28,6,284,167,10117,0,0,1,-9999,-9999
213,2017,1,28,9,302,173,10089,0,0,2,-9999,-9999
214,2017,1,28,12,240,195,10109,0,0,2,-9999,-9999
215,2017,1,28,15,202,184,10129,0,0,1,-9999,-9999
216,2017,1,28,21,175,167,10126,0,0,1,-9999,-9999
217,2017,1,29,0,165,156,10143,0,0,2,-9999,-9999
218,2017,1,29,3,226,179,10154,0,0,1,-9999,-9999
219,2017,1,29,6,280,187,10122,0,0,3,-9999,-9999
220,2017,1,29,9,301,177,10102,0,0,3,-9999,-9999
221,2017,1,29,12,245,207,10115,0,0,3,-9999,-9999
222,2017,1,29,15,205,189,10131,0,0,2,-9999,-9999
223,2017,1,29,18,188,177,10135,0,0,0,-9999,-9999
224,2017,1,29,21,173,165,10137,0,0,0,-9999,-9999
225,2017,1,30,0,185,177,10145,0,0,6,-9999,-9999
226,2017,1,30,3,223,178,10161,0,0,5,-9999,-9999
227,2017,1,30,6,280,187,10121,0,0,2,-9999,-9999
228,2017,1,30,9,303,168,10090,0,0,2,-9999,-9999
229,2017,1,30,12,250,204,10112,0,0,3,-9999,-9999
230,2017,1,30,15,212,185,10126,0,0,0,-9999,-9999
231,2017,1,30,18,182,172,10129,0,0,0,-9999,-9999
232,2017,1,30,21,175,168,10124,0,0,3,-9999,-9999
233,2017,1,31,0,160,155,10146,0,0,5,-9999,-9999
234,2017,1,31,3,226,178,10154,0,0,2,-9999,-9999
235,2017,1,31,6,285,165,10116,0,0,3,-9999,-9999
236,2017,1,31,9,300,174,10095,0,0,2,-9999,-9999
237,2017,1,31,12,250,204,10121,0,0,2,-9999,-9999
238,2017,1,31,15,215,188,10140,0,0,0,-9999,-9999
239,2017,1,31,18,205,189,10141,0,0,0,-9999,-9999
240,2017,1,31,21,188,178,10135,0,0,0,-9999,-9999
241,2017,2,1,0,165,156,10158,0,0,3,-9999,-9999
242,2017,2,1,3,230,182,10175,0,0,0,-9999,-9999
243,2017,2,1,6,290,180,10137,0,0,0,-9999,-9999
244,2017,2,1,9,308,159,10116,0,0,2,-9999,-9999
245,2017,2,1,12,250,187,10138,0,0,0,-9999,-9999
246,2017,2,1,15,190,174,10163,0,0,0,-9999,-9999
247,2017,2,1,18,180,167,10164,0,0,0,-9999,-9999
248,2017,2,1,21,160,151,10157,0,0,0,-9999,-9999
249,2017,2,2,0,151,146,10180,0,0,0,-9999,-9999
250,2017,2,2,3,230,182,10185,0,0,0,-9999,-9999
251,2017,2,2,6,286,166,10143,0,0,1,-9999,-9999
252,2017,2,2,9,306,130,10109,0,0,1,-9999,-9999
253,2017,2,2,12,235,188,10131,0,0,1,-9999,-9999
254,2017,2,2,15,185,163,10156,0,0,1,-9999,-9999
255,2017,2,2,18,171,161,10161,0,0,1,-9999,-9999
256,2017,2,2,21,160,151,10154,0,0,1,-9999,-9999
257,2017,2,3,0,155,148,10160,0,0,1,-9999,-9999
258,2017,2,3,3,223,169,10164,0,0,1,-9999,-9999
259,2017,2,3,6,290,171,10128,0,0,4,-9999,-9999
260,2017,2,3,9,305,184,10093,0,0,4,-9999,-9999
261,2017,2,3,12,245,200,10119,0,0,1,-9999,-9999
262,2017,2,3,15,205,189,10138,0,0,3,-9999,-9999
263,2017,2,3,18,190,182,10136,0,0,2,-9999,-9999
264,2017,2,3,21,173,168,10134,0,0,1,-9999,-9999
265,2017,2,4,0,165,160,10157,0,0,1,-9999,-9999
266,2017,2,4,3,240,198,10160,0,0,0,-9999,-9999
267,2017,2,4,6,292,192,10121,0,0,2,-9999,-9999
268,2017,2,4,9,310,185,10095,20,10,2,-9999,-9999
269,2017,2,4,12,250,184,10118,0,0,0,-9999,-9999
270,2017,2,4,15,195,174,10142,0,0,0,-9999,-9999
271,2017,2,4,18,170,155,10143,0,0,0,-9999,-9999
272,2017,2,4,21,153,142,10140,0,0,0,-9999,-9999
273,2017,2,5,0,127,121,10155,0,0,0,-9999,-9999
274,2017,2,5,3,217,185,10161,0,0,0,-9999,-9999
275,2017,2,5,6,280,160,10121,0,0,1,-9999,-9999
276,2017,2,5,9,315,107,10080,0,0,0,-9999,-9999
277,2017,2,5,12,253,176,10099,0,0,0,-9999,-9999
278,2017,2,5,15,193,156,10122,0,0,0,-9999,-9999
279,2017,2,5,18,167,146,10120,0,0,0,-9999,-9999
280,2017,2,5,21,150,141,10112,0,0,0,-9999,-9999
281,2017,2,6,0,133,124,10128,0,0,3,-9999,-9999
282,2017,2,6,3,212,162,10133,0,0,0,-9999,-9999
283,2017,2,6,6,282,157,10095,0,0,0,-9999,-9999
284,2017,2,6,9,327,145,10051,0,0,0,-9999,-9999
285,2017,2,6,12,230,182,10083,0,0,0,-9999,-9999
286,2017,2,6,15,180,154,10104,0,0,0,-9999,-9999
287,2017,2,6,18,160,146,10109,0,0,0,-9999,-9999
288,2017,2,6,21,150,141,10099,0,0,0,-9999,-9999
289,2017,2,7,0,135,129,10123,0,0,0,-9999,-9999
290,2017,2,7,3,220,162,10126,0,0,0,-9999,-9999
291,2017,2,7,6,285,165,10094,220,15,0,-9999,-9999
292,2017,2,7,9,320,160,10060,0,0,0,-9999,-9999
293,2017,2,7,12,232,172,10085,0,0,0,-9999,-9999
294,2017,2,7,15,180,154,10107,0,0,0,-9999,-9999
295,2017,2,7,18,160,148,10110,0,0,0,-9999,-9999
296,2017,2,7,21,148,139,10113,0,0,0,-9999,-9999
297,2017,2,8,0,138,132,10131,0,0,0,-9999,-9999
298,2017,2,8,3,228,166,10141,0,0,0,-9999,-9999
299,2017,2,8,6,293,159,10105,0,0,1,-9999,-9999
300,2017,2,8,9,322,137,10075,0,0,0,-9999,-9999
301,2017,2,8,12,237,186,10094,0,0,0,-9999,-9999
302,2017,2,8,15,237,217,10118,360,0,0,-9999,-9999
303,2017,2,8,18,166,156,10123,0,0,0,-9999,-9999
304,2017,2,8,21,151,144,10122,0,0,0,-9999,-9999
305,2017,2,9,0,141,137,10139,0,0,0,-9999,-9999
306,2017,2,9,3,217,162,10146,0,0,0,-9999,-9999
307,2017,2,9,6,281,167,10112,0,0,1,-9999,-9999
308,2017,2,9,9,320,160,10068,0,0,1,-9999,-9999
309,2017,2,9,12,260,195,10090,0,0,1,-9999,-9999
310,2017,2,9,15,201,177,10117,0,0,0,-9999,-9999
311,2017,2,9,18,180,165,10124,0,0,0,-9999,-9999
312,2017,2,9,21,171,161,10119,0,0,0,-9999,-9999
313,2017,2,10,0,155,150,10139,0,0,0,-9999,-9999
314,2017,2,10,3,230,175,10147,0,0,0,-9999,-9999
315,2017,2,10,6,302,163,10103,170,26,0,-9999,-9999
316,2017,2,10,9,322,163,10076,0,0,2,-9999,-9999
317,2017,2,10,12,262,189,10101,0,0,2,-9999,-9999
318,2017,2,10,15,220,197,10126,0,0,3,-9999,-9999
319,2017,2,10,18,202,184,10126,0,0,4,-9999,-9999
320,2017,2,10,21,193,180,10134,0,0,4,-9999,-9999
321,2017,2,11,0,211,170,10165,0,0,4,-9999,-9999
322,2017,2,11,3,243,165,10176,130,21,2,-9999,-9999
323,2017,2,11,6,300,170,10147,0,0,4,-9999,-9999
324,2017,2,11,9,310,161,10118,170,15,6,-9999,-9999
325,2017,2,11,12,277,196,10137,0,0,4,-9999,-9999
326,2017,2,11,15,229,201,10165,0,0,0,-9999,-9999
327,2017,2,11,18,220,200,10165,0,0,2,-9999,-9999
328,2017,2,11,21,195,167,10166,150,15,4,-9999,-9999
329,2017,2,12,0,196,166,10177,0,0,6,-9999,-9999
330,2017,2,12,3,240,190,10203,150,15,6,-9999,-9999
331,2017,2,12,6,280,204,10176,0,0,5,-9999,-9999
332,2017,2,12,9,290,161,10148,0,0,5,-9999,-9999
333,2017,2,12,12,230,191,10159,0,0,0,-9999,-9999
334,2017,2,12,15,198,168,10188,0,0,0,-9999,-9999
335,2017,2,12,18,185,177,10198,0,0,0,-9999,-9999
336,2017,2,12,21,163,158,10193,0,0,0,-9999,-9999
337,2017,2,13,0,170,165,10217,0,0,8,-9999,-9999
338,2017,2,13,3,220,171,10218,0,0,4,-9999,-9999
339,2017,2,13,6,270,165,10185,0,0,2,-9999,-9999
340,2017,2,13,9,290,151,10155,0,0,2,-9999,-9999
341,2017,2,13,12,230,191,10168,0,0,0,-9999,-9999
342,2017,2,13,15,188,158,10201,0,0,0,-9999,-9999
343,2017,2,13,18,180,163,10200,0,0,0,-9999,-9999
344,2017,2,13,21,160,151,10198,0,0,0,-9999,-9999
345,2017,2,14,0,148,143,10219,0,0,0,-9999,-9999
346,2017,2,14,3,220,162,10225,0,0,0,-9999,-9999
347,2017,2,14,6,276,151,10188,0,0,1,-9999,-9999
348,2017,2,14,9,297,158,10160,0,0,1,-9999,-9999
349,2017,2,14,12,240,176,10177,0,0,1,-9999,-9999
350,2017,2,14,15,212,168,10205,0,0,1,-9999,-9999
351,2017,2,14,18,190,156,10204,0,0,1,-9999,-9999
352,2017,2,15,0,172,157,10208,0,0,6,-9999,-9999
353,2017,2,15,3,235,135,10216,140,15,1,-9999,-9999
354,2017,2,15,6,276,151,10184,0,0,1,-9999,-9999
355,2017,2,15,9,295,147,10149,0,0,1,-9999,-9999
356,2017,2,15,12,246,181,10167,0,0,1,-9999,-9999
357,2017,2,15,15,197,174,10191,0,0,1,-9999,-9999
358,2017,2,15,18,180,165,10194,0,0,3,-9999,-9999
359,2017,2,15,21,170,161,10189,0,0,1,-9999,-9999
360,2017,2,16,0,160,153,10197,0,0,1,-9999,-9999
361,2017,2,16,3,230,179,10200,0,0,1,-9999,-9999
362,2017,2,16,6,276,155,10164,0,0,2,-9999,-9999
363,2017,2,16,9,305,161,10120,0,0,2,-9999,-9999
364,2017,2,16,12,253,184,10134,0,0,2,-9999,-9999
365,2017,2,16,15,200,176,10160,0,0,0,-9999,-9999
366,2017,2,16,18,179,166,10161,0,0,0,-9999,-9999
367,2017,2,16,21,162,153,10162,0,0,2,-9999,-9999
368,2017,2,17,0,155,150,10177,0,0,4,-9999,-9999
369,2017,2,17,3,222,179,10191,0,0,4,-9999,-9999
370,2017,2,17,6,280,179,10152,170,21,2,-9999,-9999
371,2017,2,17,9,305,139,10118,0,0,2,-9999,-9999
372,2017,2,17,12,257,172,10137,0,0,3,-9999,-9999
373,2017,2,17,15,205,165,10159,0,0,0,-9999,-9999
374,2017,2,17,18,175,163,10164,0,0,0,-9999,-9999
375,2017,2,17,21,169,153,10164,0,0,0,-9999,-9999
376,2017,2,18,0,152,147,10183,0,0,0,-9999,-9999
377,2017,2,18,3,230,179,10190,0,0,0,-9999,-9999
378,2017,2,18,6,295,158,10152,250,26,2,-9999,-9999
379,2017,2,18,9,315,164,-9999,360,0,2,-9999,-9999
380,2017,2,18,12,240,181,10141,0,0,0,-9999,-9999
381,2017,2,18,15,208,169,10156,0,0,0,-9999,-9999
382,2017,2,18,18,175,156,10156,0,0,0,-9999,-9999
383,2017,2,18,21,172,160,10147,0,0,0,-9999,-9999
384,2017,2,19,0,155,150,10161,0,0,0,-9999,-9999
385,2017,2,19,3,228,175,10164,0,0,0,-9999,-9999
386,2017,2,19,6,300,193,10128,0,0,0,-9999,-9999
387,2017,2,19,9,320,171,10081,0,0,0,-9999,-9999
388,2017,2,19,12,270,196,10082,0,0,0,-9999,-9999
389,2017,2,19,15,220,171,10100,0,0,0,-9999,-9999
390,2017,2,19,18,195,170,10097,0,0,0,-9999,-9999
391,2017,2,19,21,178,165,10095,0,0,0,-9999,-9999
392,2017,2,20,0,180,172,10110,0,0,2,-9999,-9999
393,2017,2,20,3,280,168,10103,120,31,0,-9999,-9999
394,2017,2,20,6,315,154,10072,220,26,1,-9999,-9999
395,2017,2,20,9,326,148,10044,200,57,1,-9999,-9999
396,2017,2,20,12,270,187,10058,0,0,1,-9999,-9999
397,2017,2,20,15,226,176,10091,0,0,1,-9999,-9999
398,2017,2,20,18,205,160,10098,0,0,1,-9999,-9999
399,2017,2,20,21,180,154,10099,0,0,1,-9999,-9999
400,2017,2,21,0,162,148,10127,0,0,1,-9999,-9999
401,2017,2,21,3,266,150,10132,0,0,0,-9999,-9999
402,2017,2,21,6,312,164,10104,150,26,0,-9999,-9999
403,2017,2,21,9,328,144,10070,170,41,0,-9999,-9999
404,2017,2,21,12,276,163,10082,0,0,0,-9999,-9999
405,2017,2,21,15,212,159,10112,0,0,0,-9999,-9999
406,2017,2,21,18,185,154,10125,0,0,0,-9999,-9999
407,2017,2,21,21,166,149,10122,0,0,0,-9999,-9999
408,2017,2,22,0,155,146,10130,0,0,0,-9999,-9999
409,2017,2,22,3,235,179,10137,0,0,0,-9999,-9999
410,2017,2,22,6,317,173,10102,180,15,1,-9999,-9999
411,2017,2,22,9,338,138,10066,180,31,1,-9999,-9999
412,2017,2,22,12,290,167,10085,0,0,2,-9999,-9999
413,2017,2,22,15,222,164,10118,0,0,0,-9999,-9999
414,2017,2,22,18,188,143,10122,0,0,0,-9999,-9999
415,2017,2,22,21,176,148,10112,0,0,0,-9999,-9999
416,2017,2,23,0,154,143,10131,0,0,0,-9999,-9999
417,2017,2,23,3,248,176,10135,230,15,0,-9999,-9999
418,2017,2,23,6,332,129,10096,180,15,0,-9999,-9999
419,2017,2,23,9,355,116,10065,180,15,0,-9999,-9999
420,2017,2,23,12,298,166,10082,0,0,0,-9999,-9999
421,2017,2,23,15,228,166,10114,0,0,0,-9999,-9999
422,2017,2,23,18,220,175,10118,0,0,0,-9999,-9999
423,2017,2,23,21,172,155,10123,0,0,0,-9999,-9999
424,2017,2,24,0,155,143,10143,0,0,0,-9999,-9999
425,2017,2,24,3,250,167,10147,240,10,0,-9999,-9999
426,2017,2,24,6,325,146,10105,0,0,0,-9999,-9999
427,2017,2,24,9,355,122,10064,150,36,0,-9999,-9999
428,2017,2,24,12,295,187,10080,0,0,0,-9999,-9999
429,2017,2,24,15,235,176,10111,0,0,0,-9999,-9999
430,2017,2,24,18,205,163,10105,0,0,0,-9999,-9999
431,2017,2,24,21,190,174,10109,0,0,0,-9999,-9999
432,2017,2,25,0,164,154,10128,0,0,0,-9999,-9999
433,2017,2,25,3,260,190,10127,0,0,0,-9999,-9999
434,2017,2,25,6,330,142,10093,0,0,0,-9999,-9999
435,2017,2,25,9,345,118,10056,0,0,0,-9999,-9999
436,2017,2,25,12,285,174,10059,0,0,0,-9999,-9999
437,2017,2,25,15,250,184,10094,0,0,0,-9999,-9999
438,2017,2,25,18,225,194,10102,170,36,0,-9999,-9999
439,2017,2,25,21,200,184,10098,0,0,0,-9999,-9999
440,2017,2,26,0,180,168,10115,0,0,0,-9999,-9999
441,2017,2,26,3,276,206,10121,0,0,0,-9999,-9999
442,2017,2,26,6,317,184,10082,270,21,1,-9999,-9999
443,2017,2,26,9,340,148,10054,200,41,1,-9999,-9999
444,2017,2,26,12,290,175,10066,0,0,1,-9999,-9999
445,2017,2,26,15,265,197,10097,0,0,0,-9999,-9999
446,2017,2,26,18,240,191,10115,0,0,0,-9999,-9999
447,2017,2,26,21,235,188,10111,140,51,2,-9999,-9999
448,2017,2,27,0,227,191,10134,160,31,3,-9999,-9999
449,2017,2,27,3,277,197,10146,150,62,2,-9999,-9999
450,2017,2,27,6,315,204,10109,160,26,2,-9999,-9999
451,2017,2,27,9,325,204,10076,150,51,2,-9999,-9999
452,2017,2,27,12,291,201,10088,120,10,2,-9999,-9999
453,2017,2,27,15,256,201,10116,0,0,2,-9999,-9999
454,2017,2,27,18,255,201,10122,150,15,1,-9999,-9999
455,2017,2,27,21,235,196,10119,120,26,2,-9999,-9999
456,2017,2,28,0,231,190,10138,120,15,3,-9999,-9999
457,2017,2,28,3,278,188,10141,180,41,2,-9999,-9999
458,2017,2,28,6,320,171,10104,180,46,3,-9999,-9999
459,2017,2,28,9,340,178,10067,190,26,2,-9999,-9999
460,2017,2,28,12,300,193,10079,0,0,2,-9999,-9999
461,2017,2,28,15,248,197,10109,0,0,0,-9999,-9999
462,2017,2,28,18,225,202,10110,0,0,0,-9999,-9999
463,2017,2,28,21,215,199,10107,70,31,0,-9999,-9999
464,2017,3,1,0,205,197,10136,0,0,0,-9999,-9999
465,2017,3,1,3,270,193,10141,0,0,2,-9999,-9999
466,2017,3,1,6,320,190,10107,120,15,4,-9999,-9999
467,2017,3,1,9,340,178,10072,180,15,4,-9999,-9999
468,2017,3,1,12,301,196,10089,0,0,4,-9999,-9999
469,2017,3,1,15,248,199,10111,0,0,3,-9999,-9999
470,2017,3,1,18,228,203,10116,0,0,0,-9999,-9999
471,2017,3,1,21,236,178,10108,0,0,0,-9999,-9999
472,2017,3,2,0,232,181,10131,0,0,5,-9999,-9999
473,2017,3,2,3,258,184,10147,0,0,4,-9999,-9999
474,2017,3,2,6,305,190,10110,110,31,3,-9999,-9999
475,2017,3,2,9,318,191,10072,180,15,4,-9999,-9999
476,2017,3,2,12,285,184,10080,0,0,3,-9999,-9999
477,2017,3,2,15,262,180,10111,0,0,0,-9999,-9999
478,2017,3,2,18,225,203,10113,0,0,0,-9999,-9999
479,2017,3,2,21,197,187,10110,0,0,3,-9999,-9999
480,2017,3,3,0,220,168,10109,0,0,2,-9999,-9999
481,2017,3,3,3,270,180,10115,0,0,0,-9999,-9999
482,2017,3,3,6,315,174,10076,0,0,2,-9999,-9999
483,2017,3,3,9,340,157,10044,0,0,2,-9999,-9999
484,2017,3,3,12,295,187,10052,0,0,0,-9999,-9999
485,2017,3,3,15,255,196,10096,0,0,0,-9999,-9999
486,2017,3,3,18,232,198,10084,0,0,0,-9999,-9999
487,2017,3,3,21,225,202,10077,0,0,0,-9999,-9999
488,2017,3,4,0,187,175,10100,0,0,0,-9999,-9999
489,2017,3,4,3,255,166,10104,0,0,0,-9999,-9999
490,2017,3,4,6,325,157,10073,0,0,1,-9999,-9999
491,2017,3,4,9,347,163,10037,210,15,1,-9999,-9999
492,2017,3,4,12,285,193,10050,0,0,1,-9999,-9999
493,2017,3,4,15,234,156,10075,0,0,1,-9999,-9999
494,2017,3,4,18,210,164,10082,0,0,1,-9999,-9999
495,2017,3,4,21,230,173,10075,0,0,1,-9999,-9999
496,2017,3,5,0,185,168,10101,0,0,1,-9999,-9999
497,2017,3,5,3,255,186,10108,0,0,0,-9999,-9999
498,2017,3,5,6,335,150,10064,190,15,1,-9999,-9999
499,2017,3,5,9,351,140,10035,0,0,1,-9999,-9999
500,2017,3,5,12,300,203,10049,0,0,1,-9999,-9999
501,2017,3,5,15,246,177,10073,0,0,1,-9999,-9999
502,2017,3,5,18,225,162,10073,0,0,0,-9999,-9999
503,2017,3,5,21,221,179,10074,0,0,1,-9999,-9999
504,2017,3,6,0,186,166,10102,0,0,0,-9999,-9999
505,2017,3,6,3,262,189,10107,0,0,0,-9999,-9999
506,2017,3,6,6,335,138,10066,0,0,0,-9999,-9999
507,2017,3,6,9,350,156,10033,0,0,2,-9999,-9999
508,2017,3,6,12,302,200,10049,0,0,0,-9999,-9999
509,2017,3,6,15,245,173,10072,0,0,0,-9999,-9999
510,2017,3,6,18,208,177,10076,0,0,0,-9999,-9999
511,2017,3,6,21,180,161,10078,0,0,0,-9999,-9999
512,2017,3,7,0,182,165,10099,0,0,3,-9999,-9999
513,2017,3,7,3,253,196,10111,0,0,3,-9999,-9999
514,2017,3,7,6,325,157,10069,0,0,2,-9999,-9999
515,2017,3,7,9,350,156,10038,0,0,2,-9999,-9999
516,2017,3,7,12,305,199,10055,0,0,0,-9999,-9999
517,2017,3,7,15,255,170,10083,0,0,0,-9999,-9999
518,2017,3,7,18,210,178,10086,0,0,0,-9999,-9999
519,2017,3,7,21,187,170,10083,0,0,0,-9999,-9999
520,2017,3,8,0,175,163,10102,0,0,3,-9999,-9999
521,2017,3,8,3,247,180,10112,0,0,0,-9999,-9999
522,2017,3,8,6,310,187,10074,0,0,0,-9999,-9999
523,2017,3,8,9,345,184,10029,0,0,2,-9999,-9999
524,2017,3,8,12,285,174,10037,0,0,5,-9999,-9999
525,2017,3,8,15,240,196,10078,0,0,6,-9999,-9999
526,2017,3,8,18,235,204,10079,120,36,2,-9999,-9999
527,2017,3,8,21,230,207,10073,120,31,0,-9999,-9999
528,2017,3,9,0,240,228,10085,140,41,4,-9999,-9999
529,2017,3,9,3,290,216,10078,0,0,2,-9999,-9999
530,2017,3,9,6,330,174,10051,180,62,6,-9999,-9999
531,2017,3,9,9,335,181,10026,230,46,5,-9999,-9999
532,2017,3,9,12,305,208,10038,0,0,6,-9999,-9999
533,2017,3,9,15,277,222,10065,0,0,5,-9999,-9999
534,2017,3,9,18,255,217,10075,120,15,2,-9999,-9999
535,2017,3,9,21,245,230,10070,0,0,6,-9999,-9999
536,2017,3,10,0,238,226,10091,0,0,6,-9999,-9999
537,2017,3,10,3,270,210,10107,0,0,6,-9999,-9999
538,2017,3,10,6,325,187,10074,0,0,3,-9999,-9999
539,2017,3,10,9,342,176,10039,120,10,2,-9999,-9999
540,2017,3,10,12,304,205,10049,0,0,2,-9999,-9999
541,2017,3,10,15,275,209,10078,0,0,3,-9999,-9999
542,2017,3,10,18,250,197,10085,0,0,5,-9999,-9999
543,2017,3,10,21,235,204,10082,0,0,2,-9999,-9999
544,2017,3,11,0,220,205,10104,0,0,2,-9999,-9999
545,2017,3,11,3,285,205,10113,210,10,2,-9999,-9999
546,2017,3,11,6,340,199,10074,150,15,2,-9999,-9999
547,2017,3,11,9,352,194,10045,0,0,2,-9999,-9999
548,2017,3,11,12,300,210,10061,0,0,2,-9999,-9999
549,2017,3,11,15,270,211,10090,0,0,2,-9999,-9999
550,2017,3,11,18,255,203,10082,360,0,2,-9999,-9999
551,2017,3,11,21,235,191,10079,0,0,2,-9999,-9999
552,2017,3,12,0,211,187,10100,0,0,2,-9999,-9999
553,2017,3,12,3,306,191,10100,0,0,1,-9999,-9999
554,2017,3,12,6,345,184,10071,0,0,2,-9999,-9999
555,2017,3,12,9,355,157,10044,210,21,2,-9999,-9999
556,2017,3,12,12,315,202,10052,0,0,2,-9999,-9999
557,2017,3,12,15,280,213,10083,0,0,2,-9999,-9999
558,2017,3,12,18,250,204,10090,0,0,2,-9999,-9999
559,2017,3,12,21,232,203,10086,0,0,2,-9999,-9999
560,2017,3,13,0,215,199,10104,0,0,2,-9999,-9999
561,2017,3,13,3,310,177,10109,0,0,2,-9999,-9999
562,2017,3,13,6,340,167,10080,0,0,3,-9999,-9999
563,2017,3,13,9,360,164,10048,320,31,2,-9999,-9999
564,2017,3,13,12,310,196,10058,0,0,2,-9999,-9999
565,2017,3,13,15,255,175,10095,0,0,0,-9999,-9999
566,2017,3,13,18,232,181,10095,0,0,0,-9999,-9999
567,2017,3,13,21,197,186,10094,0,0,0,-9999,-9999
568,2017,3,14,0,185,173,10116,0,0,0,-9999,-9999
569,2017,3,14,3,280,181,10121,0,0,0,-9999,-9999
570,2017,3,14,6,328,171,10083,0,0,2,-9999,-9999
571,2017,3,14,9,350,161,10051,360,0,2,-9999,-9999
572,2017,3,14,12,312,198,10062,0,0,0,-9999,-9999
573,2017,3,14,15,257,197,10090,0,0,3,-9999,-9999
574,2017,3,14,18,242,216,10090,0,0,3,-9999,-9999
575,2017,3,14,21,198,173,10089,0,0,0,-9999,-9999
576,2017,3,15,0,182,169,10107,0,0,4,-9999,-9999
577,2017,3,15,3,275,190,10109,0,0,0,-9999,-9999
578,2017,3,15,6,337,163,10076,160,15,1,-9999,-9999
579,2017,3,15,9,358,143,10041,0,0,0,-9999,-9999
580,2017,3,15,12,302,209,10055,0,0,0,-9999,-9999
581,2017,3,15,15,240,178,10083,360,0,0,-9999,-9999
582,2017,3,15,18,215,166,10085,0,0,0,-9999,-9999
583,2017,3,15,21,190,174,10082,360,0,0,-9999,-9999
584,2017,3,16,0,173,151,10100,0,0,0,-9999,-9999
585,2017,3,16,3,270,165,10097,0,0,0,-9999,-9999
586,2017,3,16,6,355,108,10060,180,57,1,-9999,-9999
587,2017,3,16,9,360,132,10022,170,26,1,-9999,-9999
588,2017,3,16,12,290,161,10034,0,0,1,-9999,-9999
589,2017,3,16,15,270,165,10068,0,0,1,-9999,-9999
590,2017,3,16,18,271,185,10077,0,0,1,-9999,-9999
591,2017,3,16,21,261,206,10072,170,31,1,-9999,-9999
592,2017,3,17,0,250,204,10085,150,62,1,-9999,-9999
593,2017,3,17,3,293,217,10094,120,41,1,-9999,-9999
594,2017,3,17,6,337,198,10066,180,62,2,-9999,-9999
595,2017,3,17,9,355,170,10025,210,41,2,-9999,-9999
596,2017,3,17,12,310,198,10041,120,57,2,-9999,-9999
597,2017,3,17,15,283,211,10077,150,41,2,-9999,-9999
598,2017,3,17,18,266,215,10086,130,41,2,-9999,-9999
599,2017,3,17,21,255,219,10084,140,15,1,-9999,-9999
600,2017,3,18,0,248,223,10121,0,0,1,-9999,-9999
601,2017,3,18,3,300,224,10117,200,10,1,-9999,-9999
602,2017,3,18,6,332,185,10095,0,0,3,-9999,-9999
603,2017,3,18,9,352,170,10053,0,0,4,-9999,-9999
604,2017,3,18,12,318,186,10059,0,0,0,-9999,-9999
605,2017,3,18,15,267,203,10089,0,0,4,-9999,-9999
606,2017,3,18,18,258,219,10095,0,0,2,-9999,-9999
607,2017,3,18,21,230,212,10095,360,0,0,-9999,-9999
608,2017,3,19,0,233,210,10116,0,0,0,-9999,-9999
609,2017,3,19,3,305,219,10129,0,0,0,-9999,-9999
610,2017,3,19,6,346,132,10091,210,15,2,-9999,-9999
611,2017,3,19,9,360,130,10063,0,0,2,-9999,-9999
612,2017,3,19,12,296,161,10068,0,0,0,-9999,-9999
613,2017,3,19,15,265,181,10102,0,0,0,-9999,-9999
614,2017,3,19,18,228,185,10102,0,0,0,-9999,-9999
615,2017,3,19,21,204,185,10097,0,0,0,-9999,-9999
616,2017,3,20,0,186,162,10123,0,0,0,-9999,-9999
617,2017,3,20,3,270,175,10122,0,0,0,-9999,-9999
618,2017,3,20,6,335,171,10078,0,0,2,-9999,-9999
619,2017,3,20,9,355,168,10040,0,0,2,-9999,-9999
620,2017,3,20,12,295,210,10068,0,0,0,-9999,-9999
621,2017,3,20,15,245,194,10094,0,0,0,-9999,-9999
622,2017,3,20,18,240,209,10101,0,0,0,-9999,-9999
623,2017,3,20,21,235,218,10096,0,0,0,-9999,-9999
624,2017,3,21,0,220,205,10119,0,0,2,-9999,-9999
625,2017,3,21,3,310,187,10106,0,0,0,-9999,-9999
626,2017,3,21,6,350,150,10070,260,21,2,-9999,-9999
627,2017,3,21,9,345,164,10037,280,21,4,-9999,-9999
628,2017,3,21,12,305,199,10050,0,0,1,-9999,-9999
629,2017,3,21,15,248,180,10094,0,0,0,-9999,-9999
630,2017,3,21,18,235,188,10094,0,0,0,-9999,-9999
631,2017,3,21,21,220,188,10093,0,0,0,-9999,-9999
632,2017,3,22,0,190,174,10114,0,0,0,-9999,-9999
633,2017,3,22,3,280,236,10112,0,0,0,-9999,-9999
634,2017,3,22,6,326,127,10079,150,15,1,-9999,-9999
635,2017,3,22,9,347,152,10047,0,0,1,-9999,-9999
636,2017,3,22,12,285,167,10065,0,0,1,-9999,-9999
637,2017,3,22,15,221,154,10095,0,0,0,-9999,-9999
638,2017,3,22,18,185,141,10101,0,0,0,-9999,-9999
639,2017,3,22,21,167,139,10095,0,0,0,-9999,-9999
640,2017,3,23,0,161,140,10125,0,0,0,-9999,-9999
641,2017,3,23,3,242,160,10129,0,0,0,-9999,-9999
642,2017,3,23,6,322,159,10082,0,0,0,-9999,-9999
643,2017,3,23,9,359,178,10047,0,0,0,-9999,-9999
644,2017,3,23,12,290,197,10065,0,0,1,-9999,-9999
645,2017,3,23,15,242,195,10096,0,0,1,-9999,-9999
646,2017,3,23,18,220,180,10096,0,0,1,-9999,-9999
647,2017,3,23,21,205,174,10093,0,0,0,-9999,-9999
648,2017,3,24,0,192,179,10114,0,0,0,-9999,-9999
649,2017,3,24,3,273,191,10117,0,0,0,-9999,-9999
650,2017,3,24,6,347,198,10078,240,15,0,-9999,-9999
651,2017,3,24,9,370,179,10039,230,15,4,-9999,-9999
652,2017,3,24,12,312,193,10062,0,0,4,-9999,-9999
653,2017,3,24,15,275,193,10094,0,0,3,-9999,-9999
654,2017,3,24,18,255,201,10100,110,15,2,-9999,-9999
655,2017,3,24,21,242,192,10101,0,0,4,-9999,-9999
656,2017,3,25,0,238,203,10116,150,21,4,-9999,-9999
657,2017,3,25,3,287,204,10134,180,15,6,-9999,-9999
658,2017,3,25,6,341,191,10104,0,0,6,-9999,-9999
659,2017,3,25,9,360,185,10048,0,0,4,-9999,-9999
660,2017,3,25,12,308,190,10063,0,0,3,-9999,-9999
661,2017,3,25,15,273,201,10102,0,0,2,-9999,-9999
662,2017,3,25,18,242,194,10110,0,0,0,-9999,-9999
663,2017,3,25,21,235,203,10100,0,0,0,-9999,-9999
664,2017,3,26,0,217,195,10113,0,0,3,-9999,-9999
665,2017,3,26,3,300,202,10131,0,0,0,-9999,-9999
666,2017,3,26,6,358,143,10090,0,0,2,-9999,-9999
667,2017,3,26,9,365,126,10066,0,0,2,-9999,-9999
668,2017,3,26,12,300,184,10073,0,0,0,-9999,-9999
669,2017,3,26,15,295,203,10113,0,0,0,-9999,-9999
670,2017,3,26,18,270,210,10130,100,21,0,-9999,-9999
671,2017,3,26,21,255,217,10137,0,0,4,-9999,-9999
672,2017,3,27,0,248,232,10153,140,31,8,-9999,-9999
673,2017,3,27,3,270,210,10172,0,0,8,-9999,-9999
674,2017,3,27,6,315,211,10134,130,62,5,-9999,-9999
675,2017,3,27,9,330,193,10096,110,26,3,-9999,-9999
676,2017,3,27,12,305,199,10103,150,36,5,-9999,-9999
677,2017,3,27,15,275,210,10146,100,26,2,-9999,-9999
678,2017,3,27,18,257,216,10146,110,26,0,-9999,-9999
679,2017,3,27,21,245,215,10136,130,21,0,-9999,-9999
680,2017,3,28,0,238,223,10149,120,26,0,-9999,-9999
681,2017,3,28,3,280,213,10147,100,26,5,-9999,-9999
682,2017,3,28,6,320,220,10107,200,41,2,-9999,-9999
683,2017,3,28,9,335,218,10071,60,26,2,-9999,-9999
684,2017,3,28,12,300,219,10087,0,0,5,-9999,-9999
685,2017,3,28,15,280,204,10110,80,15,4,-9999,-9999
686,2017,3,28,18,276,206,10107,150,51,6,-9999,-9999
687,2017,3,28,21,252,221,10103,0,0,6,3,-9999
688,2017,3,29,0,248,213,10129,0,0,8,-9999,-9999
689,2017,3,29,3,276,215,10135,210,15,4,-9999,-9999
690,2017,3,29,6,330,220,10101,110,10,2,-9999,-9999
691,2017,3,29,9,352,212,10073,130,15,6,-9999,-9999
692,2017,3,29,12,306,217,10075,0,0,2,-9999,-9999
693,2017,3,29,15,261,222,10110,0,0,2,-9999,-9999
694,2017,3,29,18,276,206,10116,0,0,2,-9999,-9999
695,2017,3,29,21,241,202,10115,0,0,6,-9999,-9999
696,2017,3,30,0,240,209,10131,140,51,3,-9999,-9999
697,2017,3,30,3,300,202,10143,160,15,3,-9999,-9999
698,2017,3,30,6,343,165,10097,90,15,4,-9999,-9999
699,2017,3,30,9,358,172,10065,170,21,4,-9999,-9999
700,2017,3,30,12,319,212,10078,0,0,4,-9999,-9999
701,2017,3,30,15,270,194,10111,0,0,0,-9999,-9999
702,2017,3,30,18,262,222,10121,80,15,0,-9999,-9999
703,2017,3,30,21,255,209,10113,0,0,0,-9999,-9999
704,2017,3,31,0,224,202,10119,0,0,3,-9999,-9999
705,2017,3,31,3,316,201,10117,0,0,0,-9999,-9999
706,2017,3,31,6,350,167,10084,0,0,4,-9999,-9999
707,2017,3,31,9,362,194,10048,0,0,4,-9999,-9999
708,2017,3,31,12,312,207,10069,0,0,6,-9999,-9999
709,2017,3,31,15,287,191,10102,0,0,6,-9999,-9999
710,2017,3,31,18,262,202,10105,0,0,6,-9999,-9999
711,2017,3,31,21,237,203,10106,120,15,8,-9999,-9999
712,2017,4,1,0,240,213,10116,0,0,6,-9999,-9999
713,2017,4,1,3,268,214,10142,0,0,7,-9999,-9999
714,2017,4,1,6,240,217,10150,130,21,8,-9999,90
715,2017,4,1,9,255,209,10112,0,0,6,-9999,-9999
716,2017,4,1,12,242,216,10127,0,0,4,-9999,-9999
717,2017,4,1,15,230,215,10149,0,0,5,-9999,-9999
718,2017,4,1,18,220,205,10144,0,0,5,-9999,-9999
719,2017,4,1,21,218,206,10139,0,0,6,-9999,-9999
720,2017,4,2,0,215,207,10160,0,0,8,-9999,-9999
721,2017,4,2,3,222,203,10172,260,21,8,-9999,-9999
722,2017,4,2,6,245,207,10161,0,0,8,-9999,-9999
723,2017,4,2,9,270,210,10128,0,0,7,-9999,-9999
724,2017,4,2,12,245,223,10133,0,0,8,-9999,-9999
725,2017,4,2,15,232,214,10153,0,0,8,-9999,-9999
726,2017,4,2,18,220,205,10148,0,0,8,-9999,-9999
727,2017,4,2,21,215,207,10142,0,0,8,-9999,-9999
728,2017,4,3,0,212,201,10159,0,0,3,-9999,-9999
729,2017,4,3,3,265,212,10155,210,26,5,-9999,-9999
730,2017,4,3,6,310,198,10119,120,41,2,-9999,-9999
731,2017,4,3,9,327,206,10085,210,26,2,-9999,-9999
732,2017,4,3,12,296,200,10088,160,15,2,-9999,-9999
733,2017,4,3,15,261,208,10132,340,41,6,-9999,-9999
734,2017,4,3,18,220,206,10142,360,0,7,-9999,-9999
735,2017,4,3,21,216,196,10134,0,0,5,-9999,-9999
736,2017,4,4,0,210,202,10150,0,0,6,-9999,-9999
737,2017,4,4,3,288,203,10159,0,0,6,-9999,-9999
738,2017,4,4,6,291,226,10118,290,15,6,-9999,-9999
739,2017,4,4,9,319,234,10072,0,0,5,-9999,-9999
740,2017,4,4,12,266,186,10101,30,77,7,-9999,-9999
741,2017,4,4,15,210,202,10146,0,0,7,-9999,-9999
742,2017,4,4,18,206,183,10137,0,0,6,-9999,-9999
743,2017,4,4,21,205,197,10119,0,0,4,-9999,-9999
744,2017,4,5,0,201,196,10129,0,0,7,-9999,-9999
745,2017,4,5,3,221,188,10140,0,0,8,-9999,-9999
746,2017,4,5,6,262,219,10101,250,15,3,-9999,-9999
747,2017,4,5,9,312,221,10056,50,15,2,-9999,-9999
748,2017,4,5,12,286,209,10068,0,0,3,-9999,-9999
749,2017,4,5,15,257,216,10092,0,0,6,20,-9999
750,2017,4,5,18,237,219,10093,0,0,6,-9999,-9999
751,2017,4,5,21,227,210,10091,0,0,8,-9999,-9999
752,2017,4,6,0,210,202,10102,0,0,4,-9999,-9999
753,2017,4,6,3,275,217,10119,0,0,0,-9999,-9999
754,2017,4,6,6,326,230,10073,240,15,2,-9999,-9999
755,2017,4,6,9,350,210,10049,0,0,3,-9999,-9999
756,2017,4,6,12,302,200,10051,0,0,3,-9999,-9999
757,2017,4,6,15,255,209,10086,0,0,5,-9999,-9999
758,2017,4,6,18,260,215,10081,0,0,5,-9999,-9999
759,2017,4,6,21,260,243,10074,0,0,5,-9999,-9999
760,2017,4,7,0,260,223,10088,150,21,3,-9999,-9999
761,2017,4,7,3,310,230,10094,140,26,0,-9999,-9999
762,2017,4,7,6,347,220,10060,40,15,0,-9999,-9999
763,2017,4,7,9,365,220,10025,80,21,2,-9999,-9999
764,2017,4,7,12,329,221,10051,130,26,2,-9999,-9999
765,2017,4,7,15,290,216,10083,160,26,0,-9999,-9999
766,2017,4,7,18,280,221,10079,140,26,0,-9999,-9999
767,2017,4,7,21,265,220,10071,150,15,0,-9999,-9999
768,2017,4,8,0,260,231,10098,150,57,0,-9999,-9999
769,2017,4,8,3,320,217,10106,160,26,0,-9999,-9999
770,2017,4,8,6,355,198,10076,150,36,2,-9999,-9999
771,2017,4,8,9,375,175,10043,210,41,3,-9999,-9999
772,2017,4,8,12,330,203,10050,100,26,2,-9999,-9999
773,2017,4,8,15,305,208,10075,180,31,0,-9999,-9999
774,2017,4,8,18,290,224,10073,0,0,0,-9999,-9999
775,2017,4,8,21,270,241,10065,0,0,0,-9999,-9999
776,2017,4,9,0,265,243,10087,160,46,0,-9999,-9999
777,2017,4,9,3,315,240,10091,120,31,0,-9999,-9999
778,2017,4,9,6,365,228,10056,0,0,2,-9999,-9999
779,2017,4,9,9,380,212,10020,0,0,2,-9999,-9999
780,2017,4,9,12,330,238,10028,0,0,2,-9999,-9999
781,2017,4,9,15,310,238,10054,0,0,2,-9999,-9999
782,2017,4,9,18,296,238,10051,0,0,2,-9999,-9999
783,2017,4,9,21,286,230,10041,0,0,2,-9999,-9999
784,2017,4,10,0,280,229,10061,140,26,2,-9999,-9999
785,2017,4,10,3,325,241,10071,110,26,2,-9999,-9999
786,2017,4,10,6,374,234,10039,150,26,2,-9999,-9999
787,2017,4,10,9,385,227,9998,90,26,2,-9999,-9999
788,2017,4,10,12,340,237,10014,210,51,3,-9999,-9999
789,2017,4,10,15,320,233,10043,0,0,2,-9999,-9999
790,2017,4,10,18,293,230,10043,80,26,2,-9999,-9999
791,2017,4,10,21,278,222,10036,0,0,2,-9999,-9999
792,2017,4,11,0,272,225,10062,110,15,2,-9999,-9999
793,2017,4,11,3,332,236,10067,110,26,2,-9999,-9999
794,2017,4,11,6,370,213,10038,150,15,2,-9999,-9999
795,2017,4,11,9,386,236,10004,0,0,2,-9999,-9999
796,2017,4,11,12,342,239,10023,0,0,2,-9999,-9999
797,2017,4,11,15,305,219,10041,0,0,3,-9999,-9999
798,2017,4,11,18,296,230,10051,0,0,3,-9999,-9999
799,2017,4,11,21,280,221,10049,0,0,3,-9999,-9999
800,2017,4,12,0,276,241,10064,0,0,2,-9999,-9999
801,2017,4,12,3,333,247,10071,0,0,0,-9999,-9999
802,2017,4,12,6,372,234,10042,300,15,2,-9999,-9999
803,2017,4,12,9,300,224,10033,120,21,6,-9999,-9999
804,2017,4,12,12,300,227,10035,0,0,4,-9999,-9999
805,2017,4,12,15,282,223,10076,0,0,4,-9999,-9999
806,2017,4,12,18,272,220,10081,120,15,4,-9999,-9999
807,2017,4,12,21,270,218,10076,130,15,3,-9999,-9999
808,2017,4,13,0,266,223,10097,80,21,6,-9999,-9999
809,2017,4,13,3,298,206,10128,130,26,4,-9999,-9999
810,2017,4,13,6,340,232,10079,110,62,4,-9999,-9999
811,2017,4,13,9,270,218,10075,330,46,6,-9999,-9999
812,2017,4,13,12,245,218,10123,170,41,8,-9999,-9999
813,2017,4,13,15,233,221,10136,170,21,8,-9999,-9999
814,2017,4,13,18,220,205,10140,260,15,6,-9999,-9999
815,2017,4,13,21,218,206,10130,0,0,6,-9999,-9999
816,2017,4,14,0,215,207,10140,0,0,3,-9999,-9999
817,2017,4,14,3,245,223,10144,0,0,6,-9999,-9999
818,2017,4,14,6,310,222,10114,0,0,5,-9999,-9999
819,2017,4,14,9,318,218,10072,0,0,6,-9999,-9999
820,2017,4,14,12,215,199,10111,280,21,8,50,-9999
821,2017,4,14,15,210,197,10140,100,26,8,-9999,-9999
822,2017,4,14,18,208,195,10131,0,0,8,-9999,-9999
823,2017,4,14,21,205,197,10107,0,0,8,-9999,-9999
824,2017,4,15,0,207,199,10120,0,0,8,-9999,-9999
825,2017,4,15,3,260,223,10121,0,0,7,-9999,-9999
826,2017,4,15,6,290,216,10097,0,0,7,-9999,-9999
827,2017,4,15,9,300,235,10065,170,15,8,-9999,-9999
828,2017,4,15,12,277,248,10082,0,0,8,-9999,-9999
829,2017,4,15,15,250,223,10099,0,0,8,-9999,-9999
830,2017,4,15,18,240,233,10102,360,0,8,-9999,-9999
831,2017,4,15,21,235,223,10092,0,0,8,2,-9999
832,2017,4,16,0,230,215,10101,0,0,8,-9999,-9999
833,2017,4,16,3,250,223,10115,360,0,8,-9999,-9999
834,2017,4,16,6,291,225,10095,330,15,8,-9999,-1
835,2017,4,16,9,283,221,10071,240,10,5,-9999,-9999
836,2017,4,16,12,262,222,10085,0,0,6,-9999,-9999
837,2017,4,16,15,246,217,10113,0,0,7,-9999,-9999
838,2017,4,16,18,240,218,10101,360,0,8,-9999,-9999
839,2017,4,16,21,230,216,10093,0,0,7,-9999,-9999
840,2017,4,17,0,228,217,10104,0,0,8,-9999,-9999
841,2017,4,17,3,242,226,10116,0,0,8,1,-9999
842,2017,4,17,6,270,221,10091,150,15,8,-9999,2
843,2017,4,17,9,266,220,10076,140,15,5,-9999,-9999
844,2017,4,17,12,262,225,10075,150,21,6,-9999,-9999
845,2017,4,17,15,247,222,10107,0,0,6,-9999,-9999
846,2017,4,17,18,237,223,10099,0,0,6,-9999,-9999
847,2017,4,17,21,232,211,10091,0,0,6,-9999,-9999
848,2017,4,18,0,225,217,10098,0,0,6,-9999,-9999
849,2017,4,18,3,293,217,10096,20,15,2,-9999,-9999
850,2017,4,18,6,320,220,10073,120,15,4,-9999,-9999
851,2017,4,18,9,340,215,10037,190,15,5,-9999,-9999
852,2017,4,18,12,293,222,10056,0,0,5,-9999,-9999
853,2017,4,18,15,265,214,10077,0,0,3,-9999,-9999
854,2017,4,18,18,250,214,10075,110,15,3,-9999,-9999
855,2017,4,18,21,240,213,10072,0,0,3,-9999,-9999
856,2017,4,19,0,224,212,10087,0,0,2,-9999,-9999
857,2017,4,19,3,306,200,10091,340,15,1,-9999,-9999
858,2017,4,19,6,340,206,10064,100,10,2,-9999,-9999
859,2017,4,19,9,350,181,10046,210,15,3,-9999,-9999
860,2017,4,19,12,297,208,10058,0,0,2,-9999,-9999
861,2017,4,19,15,254,210,10079,0,0,0,-9999,-9999
862,2017,4,19,18,245,223,10072,0,0,0,-9999,-9999
863,2017,4,19,21,250,231,10062,140,26,0,-9999,-9999
864,2017,4,20,0,242,230,10096,0,0,3,-9999,-9999
865,2017,4,20,3,310,222,10094,200,21,2,-9999,-9999
866,2017,4,20,6,345,221,10054,180,26,3,-9999,-9999
867,2017,4,20,9,350,210,10028,140,36,4,-9999,-9999
868,2017,4,20,12,305,208,10055,200,21,4,-9999,-9999
869,2017,4,20,15,280,229,10072,0,0,0,-9999,-9999
870,2017,4,20,18,245,223,10078,0,0,0,-9999,-9999
871,2017,4,20,21,225,210,10074,0,0,0,-9999,-9999
872,2017,4,21,0,230,215,10094,0,0,3,-9999,-9999
873,2017,4,21,3,310,196,10089,0,0,0,-9999,-9999
874,2017,4,21,6,350,193,10059,120,15,2,-9999,-9999
875,2017,4,21,9,356,201,10026,120,15,2,-9999,-9999
876,2017,4,21,12,316,187,10038,120,10,2,-9999,-9999
877,2017,4,21,15,280,214,10079,310,26,2,-9999,-9999
878,2017,4,21,18,255,217,10091,360,0,1,-9999,-9999
879,2017,4,21,21,238,218,10081,0,0,1,-9999,-9999
880,2017,4,22,0,228,216,10097,0,0,1,-9999,-9999
881,2017,4,22,3,295,237,10096,0,0,1,-9999,-9999
882,2017,4,22,6,348,220,10056,0,0,2,-9999,-9999
883,2017,4,22,9,358,230,10027,0,0,2,-9999,-9999
884,2017,4,22,12,325,223,10029,0,0,2,-9999,-9999
885,2017,4,22,15,255,222,10086,330,26,4,-9999,-9999
886,2017,4,22,18,242,224,10089,360,0,8,-9999,-9999
887,2017,4,22,21,231,223,10080,0,0,8,-9999,-9999
888,2017,4,23,0,230,222,10100,0,0,8,-9999,-9999
889,2017,4,23,3,270,235,10110,0,0,6,-9999,-9999
890,2017,4,23,6,305,228,10084,210,15,6,-9999,-9999
891,2017,4,23,9,286,209,10056,280,15,7,-9999,-9999
892,2017,4,23,12,267,211,10065,0,0,6,-9999,-9999
893,2017,4,23,15,242,221,10093,0,0,5,-9999,-9999
894,2017,4,23,18,235,215,10089,0,0,6,-9999,-9999
895,2017,4,23,21,228,211,10085,0,0,6,-9999,-9999
896,2017,4,24,0,220,211,10103,0,0,6,-9999,-9999
897,2017,4,24,3,273,232,10109,210,21,5,-9999,-9999
898,2017,4,24,6,325,218,10077,0,0,5,-9999,-9999
899,2017,4,24,9,338,228,10037,90,15,5,-9999,-9999
900,2017,4,24,12,291,217,10042,0,0,6,-9999,-9999
901,2017,4,24,15,265,214,10074,50,10,6,-9999,-9999
902,2017,4,24,18,238,214,10075,0,0,6,-9999,-9999
903,2017,4,24,21,227,213,10082,0,0,6,-9999,-9999
904,2017,4,25,0,228,219,10088,0,0,6,-9999,-9999
905,2017,4,25,3,290,219,10096,270,15,6,-9999,-9999
906,2017,4,25,6,338,207,10065,190,31,5,-9999,-9999
907,2017,4,25,9,340,206,10031,360,0,5,-9999,-9999
908,2017,4,25,12,295,213,10049,0,0,3,-9999,-9999
909,2017,4,25,15,285,218,10068,130,15,6,-9999,-9999
910,2017,4,25,18,260,223,10069,0,0,0,-9999,-9999
911,2017,4,25,21,240,225,10072,0,0,6,-9999,-9999
912,2017,4,26,0,230,218,10095,0,0,0,-9999,-9999
913,2017,4,26,3,290,232,10095,160,10,0,-9999,-9999
914,2017,4,26,6,345,231,10067,170,15,2,-9999,-9999
915,2017,4,26,9,315,202,10047,0,0,6,-9999,-9999
916,2017,4,26,12,285,210,10055,0,0,4,-9999,-9999
917,2017,4,26,15,265,228,10080,0,0,0,-9999,-9999
918,2017,4,26,18,250,228,10081,0,0,0,-9999,-9999
919,2017,4,26,21,240,225,10076,0,0,0,-9999,-9999
920,2017,4,27,0,235,221,10099,0,0,0,-9999,-9999
921,2017,4,27,3,310,246,10103,200,26,0,-9999,-9999
922,2017,4,27,6,349,244,10073,170,15,2,-9999,-9999
923,2017,4,27,9,331,230,10041,210,26,5,-9999,-9999
924,2017,4,27,12,310,243,10056,0,0,5,-9999,-9999
925,2017,4,27,15,290,229,10079,0,0,5,-9999,-9999
926,2017,4,27,18,280,236,10077,360,0,6,-9999,-9999
927,2017,4,27,21,277,222,10069,110,15,5,-9999,-9999
928,2017,4,28,0,272,228,10090,0,0,3,-9999,-9999
929,2017,4,28,3,315,244,10104,0,0,6,-9999,-9999
930,2017,4,28,6,353,252,10064,220,41,6,-9999,-9999
931,2017,4,28,9,282,206,10062,90,67,8,-9999,-9999
932,2017,4,28,12,230,215,10086,190,41,7,-9999,-9999
933,2017,4,28,15,230,218,10138,0,0,8,-9999,-9999
934,2017,4,28,18,231,222,10096,90,26,8,-9999,-9999
935,2017,4,28,21,226,218,10115,0,0,8,-9999,-9999
936,2017,4,29,0,229,221,10132,0,0,8,-9999,-9999
937,2017,4,29,3,275,231,10137,0,0,6,-9999,-9999
938,2017,4,29,6,305,234,10111,200,15,6,-9999,-9999
939,2017,4,29,9,320,232,10090,160,21,3,-9999,-9999
940,2017,4,29,12,290,236,10092,0,0,3,-9999,-9999
941,2017,4,29,15,265,231,10120,0,0,4,-9999,-9999
942,2017,4,29,18,232,186,10119,0,0,5,-9999,-9999
943,2017,4,29,21,222,211,10109,0,0,6,-9999,-9999
944,2017,4,30,0,227,218,10114,0,0,4,-9999,-9999
945,2017,4,30,3,287,207,10132,130,15,5,-9999,-9999
946,2017,4,30,6,326,210,10104,140,15,5,-9999,-9999
947,2017,4,30,9,353,210,10072,0,0,4,-9999,-9999
948,2017,4,30,12,312,221,10070,0,0,4,-9999,-9999
949,2017,4,30,15,275,226,10094,0,0,3,-9999,-9999
950,2017,4,30,18,270,223,10090,130,15,4,-9999,-9999
951,2017,4,30,21,258,243,10085,90,10,5,-9999,-9999
952,2017,5,1,0,250,235,10105,0,0,2,-9999,-9999
953,2017,5,1,3,310,247,10110,210,15,0,-9999,-9999
954,2017,5,1,6,356,254,10082,190,21,3,-9999,-9999
955,2017,5,1,9,350,244,10050,220,21,2,-9999,-9999
956,2017,5,1,12,260,231,10083,190,36,6,-9999,-9999
957,2017,5,1,15,245,215,10096,0,0,6,-9999,-9999
958,2017,5,1,18,240,217,10088,0,0,0,-9999,-9999
959,2017,5,1,21,225,210,10088,0,0,0,-9999,-9999
960,2017,5,2,0,235,223,10107,0,0,0,-9999,-9999
961,2017,5,2,3,300,243,10107,200,26,0,-9999,-9999
962,2017,5,2,6,350,219,10076,280,15,2,-9999,-9999
963,2017,5,2,9,360,213,10047,190,26,5,-9999,-9999
964,2017,5,2,12,260,231,10078,60,26,6,-9999,-9999
965,2017,5,2,15,235,212,10093,0,0,0,-9999,-9999
966,2017,5,2,18,232,214,10087,0,0,0,-9999,-9999
967,2017,5,2,21,227,212,10085,0,0,0,-9999,-9999
968,2017,5,3,0,240,230,10095,0,0,0,-9999,-9999
969,2017,5,3,3,310,254,10099,0,0,0,-9999,-9999
970,2017,5,3,6,375,205,10068,0,0,2,-9999,-9999
971,2017,5,3,9,381,220,10042,0,0,2,-9999,-9999
972,2017,5,3,12,326,240,10051,0,0,2,-9999,-9999
973,2017,5,3,15,281,237,10083,0,0,2,-9999,-9999
974,2017,5,3,18,271,225,10075,0,0,2,-9999,-9999
975,2017,5,3,21,267,227,10066,0,0,1,-9999,-9999
976,2017,5,4,0,250,229,10096,0,0,2,-9999,-9999
977,2017,5,4,3,317,243,10098,0,0,1,-9999,-9999
978,2017,5,4,6,363,251,10072,0,0,2,-9999,-9999
979,2017,5,4,9,380,223,10038,0,0,2,-9999,-9999
980,2017,5,4,12,315,237,10052,0,0,3,-9999,-9999
981,2017,5,4,15,290,229,10084,140,51,6,-9999,-9999
982,2017,5,4,18,266,220,10080,120,41,4,-9999,-9999
983,2017,5,4,21,256,226,10090,0,0,4,-9999,-9999
984,2017,5,5,0,256,217,10110,0,0,6,-9999,-9999
985,2017,5,5,3,315,228,10111,160,10,4,-9999,-9999
986,2017,5,5,6,338,241,10091,130,26,6,-9999,-9999
987,2017,5,5,9,352,161,10057,130,15,5,-9999,-9999
988,2017,5,5,12,311,245,10076,140,26,6,-9999,-9999
989,2017,5,5,15,295,229,10114,0,0,6,-9999,-9999
990,2017,5,5,18,273,232,10114,180,10,6,-9999,-9999
991,2017,5,5,21,235,201,10119,0,0,6,-9999,-9999
992,2017,5,6,0,240,220,10139,0,0,6,-9999,-9999
993,2017,5,6,3,300,222,10147,300,15,3,-9999,-9999
994,2017,5,6,6,342,219,10114,210,15,3,-9999,-9999
995,2017,5,6,9,355,228,10079,170,15,3,-9999,-9999
996,2017,5,6,12,323,224,10087,190,15,7,-9999,-9999
997,2017,5,6,15,290,224,10115,120,15,2,-9999,-9999
998,2017,5,6,18,265,220,10115,0,0,4,-9999,-9999
999,2017,5,6,21,257,213,10105,0,0,5,-9999,-9999
1000,2017,5,7,0,252,219,10118,0,0,8,-9999,-9999
1001,2017,5,7,3,282,221,10142,0,0,6,-9999,-9999
1002,2017,5,7,6,330,245,10102,170,77,6,-9999,-9999
1003,2017,5,7,9,310,217,10067,170,51,6,-9999,-9999
1004,2017,5,7,12,280,221,10078,0,0,6,-9999,-9999
1005,2017,5,7,15,270,233,10111,0,0,8,-9999,-9999
1006,2017,5,7,18,240,217,10106,0,0,8,-9999,-9999
1007,2017,5,7,21,230,215,10104,0,0,0,-9999,-9999
1008,2017,5,8,0,235,212,10118,0,0,0,-9999,-9999
1009,2017,5,8,3,280,221,10115,170,26,0,-9999,-9999
1010,2017,5,8,6,330,211,10077,160,21,3,-9999,-9999
1011,2017,5,8,9,360,195,10035,250,15,5,-9999,-9999
1012,2017,5,8,12,310,222,10045,0,0,6,-9999,-9999
1013,2017,5,8,15,290,232,10067,160,26,0,-9999,-9999
1014,2017,5,8,18,270,226,10068,0,0,0,-9999,-9999
1015,2017,5,8,21,258,241,10062,0,0,0,-9999,-9999
1016,2017,5,9,0,250,228,10091,0,0,0,-9999,-9999
1017,2017,5,9,3,310,238,10094,200,26,0,-9999,-9999
1018,2017,5,9,6,358,240,10061,170,26,2,-9999,-9999
1019,2017,5,9,9,328,223,10040,210,21,7,-9999,-9999
1020,2017,5,9,12,300,217,10061,0,0,8,-9999,-9999
1021,2017,5,9,15,270,226,10088,0,0,6,-9999,-9999
1022,2017,5,9,18,265,228,10083,0,0,6,-9999,-9999
1023,2017,5,9,21,260,223,10087,0,0,6,-9999,-9999
1024,2017,5,10,0,250,228,10108,150,21,8,-9999,-9999
1025,2017,5,10,3,269,234,10125,170,26,7,-9999,-9999
1026,2017,5,10,6,305,242,10099,250,10,6,-9999,5
1027,2017,5,10,9,328,233,10060,180,26,5,-9999,-9999
1028,2017,5,10,12,310,240,10077,0,0,6,-9999,-9999
1029,2017,5,10,18,262,245,10105,0,0,6,-9999,-9999
1030,2017,5,10,21,261,238,10102,0,0,6,-9999,-9999
1031,2017,5,11,0,255,240,10117,0,0,7,-9999,-9999
1032,2017,5,11,3,304,247,10124,0,0,4,-9999,-9999
1033,2017,5,11,6,322,258,10097,30,15,6,-9999,-9999
1034,2017,5,11,9,310,241,10070,10,15,7,-9999,-9999
1035,2017,5,11,12,291,254,10084,0,0,6,-9999,-9999
1036,2017,5,11,15,272,243,10113,0,0,4,-9999,-9999
1037,2017,5,11,18,264,221,10112,0,0,5,-9999,-9999
1038,2017,5,11,21,253,222,10105,0,0,6,-9999,-9999
1039,2017,5,12,0,265,234,10111,130,15,6,-9999,-9999
1040,2017,5,12,3,288,233,10121,0,0,6,-9999,-9999
1041,2017,5,12,6,272,234,10105,330,36,8,-9999,-9999
1042,2017,5,12,9,265,239,10069,230,10,7,3,-9999
1043,2017,5,12,12,276,240,10081,0,0,6,-9999,-9999
1044,2017,5,12,15,257,239,10105,0,0,4,-9999,-9999
1045,2017,5,12,21,240,225,10094,0,0,5,-9999,-9999
1046,2017,5,13,0,242,232,10099,0,0,7,-9999,-9999
1047,2017,5,13,3,287,236,10112,160,10,6,-9999,-9999
1048,2017,5,13,6,320,233,10069,0,0,6,-9999,-9999
1049,2017,5,13,9,315,244,10041,110,26,6,-9999,-9999
1050,2017,5,13,12,276,235,10056,150,31,6,-9999,-9999
1051,2017,5,13,15,260,231,10086,110,51,7,-9999,-9999
1052,2017,5,13,18,250,228,10091,140,31,7,-9999,-9999
1053,2017,5,13,21,240,225,10076,0,0,6,-9999,-9999
1054,2017,5,14,0,245,233,10087,90,15,7,-9999,-9999
1055,2017,5,14,3,295,229,10090,140,21,4,-9999,-9999
1056,2017,5,14,6,310,205,10062,170,36,5,-9999,-9999
1057,2017,5,14,9,320,208,10030,0,0,5,-9999,-9999
1058,2017,5,14,12,300,219,10042,160,21,3,-9999,-9999
1059,2017,5,14,15,276,223,10067,150,26,2,-9999,-9999
1060,2017,5,14,18,270,226,10063,0,0,3,-9999,-9999
1061,2017,5,14,21,260,231,10056,0,0,6,-9999,-9999
1062,2017,5,15,0,260,243,10069,0,0,6,-9999,-9999
1063,2017,5,15,3,315,236,10067,190,31,5,-9999,-9999
1064,2017,5,15,6,324,255,10044,110,82,6,-9999,-9999
1065,2017,5,15,9,305,247,10026,60,10,7,-9999,-9999
1066,2017,5,15,12,267,245,10046,0,0,8,-9999,-9999
1067,2017,5,15,15,256,247,10073,0,0,8,-9999,-9999
1068,2017,5,15,18,252,245,10063,0,0,8,-9999,-9999
1069,2017,5,15,21,248,242,10053,0,0,7,-9999,-9999
1070,2017,5,16,0,246,243,10065,0,0,8,-9999,-9999
1071,2017,5,16,3,236,232,10089,0,0,8,-9999,-9999
1072,2017,5,16,6,237,233,10070,0,0,8,-9999,1190
1073,2017,5,16,9,249,239,10048,0,0,8,-9999,-9999
1074,2017,5,16,12,250,243,10061,0,0,8,-9999,-9999
1075,2017,5,16,15,241,237,10076,0,0,8,-9999,-9999
1076,2017,5,16,18,240,237,10068,0,0,8,-9999,-9999
1077,2017,5,16,21,235,230,10062,0,0,8,-9999,-9999
1078,2017,5,17,0,221,218,10074,0,0,8,-9999,-9999
1079,2017,5,17,3,221,218,10083,300,10,8,-9999,-9999
1080,2017,5,17,6,222,219,10065,0,0,8,-9999,300
1081,2017,5,17,9,221,218,10052,310,15,8,-9999,-9999
1082,2017,5,17,12,215,212,10066,0,0,8,-9999,-9999
1083,2017,5,17,15,218,213,10084,0,0,8,-9999,-9999
1084,2017,5,17,18,208,205,10082,0,0,8,-9999,-9999
1085,2017,5,17,21,208,205,10074,0,0,8,-9999,-9999
1086,2017,5,18,0,215,212,10084,340,15,8,-9999,-9999
1087,2017,5,18,3,220,214,10095,310,15,8,-9999,-9999
1088,2017,5,18,6,242,218,10075,340,15,7,-9999,60
1089,2017,5,18,9,270,233,10052,30,15,6,-9999,-9999
1090,2017,5,18,12,250,238,10064,0,0,6,-9999,-9999
1091,2017,5,18,15,240,228,10088,0,0,3,-9999,-9999
1092,2017,5,18,18,235,228,10090,0,0,6,-9999,-9999
1093,2017,5,18,21,230,222,10084,0,0,5,-9999,-9999
1094,2017,5,19,0,224,221,10098,0,0,7,-9999,-9999
1095,2017,5,19,3,260,223,10097,350,15,6,-9999,-9999
1096,2017,5,19,6,295,252,10075,0,0,5,-9999,-9999
1097,2017,5,19,9,310,222,10042,150,26,2,-9999,-9999
1098,2017,5,19,12,290,247,10042,0,0,2,-9999,-9999
1099,2017,5,19,15,255,217,10073,0,0,0,-9999,-9999
1100,2017,5,19,18,250,226,10058,0,0,0,-9999,-9999
1101,2017,5,19,21,240,228,10049,0,0,0,-9999,-9999
1102,2017,5,20,0,250,241,10068,0,0,3,-9999,-9999
1103,2017,5,20,3,295,245,10071,200,21,2,-9999,-9999
1104,2017,5,20,6,335,209,10038,0,0,2,-9999,-9999
1105,2017,5,20,9,265,243,10028,70,36,6,-9999,-9999
1106,2017,5,20,12,260,231,10025,0,0,6,-9999,-9999
1107,2017,5,20,15,250,231,10044,0,0,4,-9999,-9999
1108,2017,5,20,18,250,235,10032,0,0,0,-9999,-9999
1109,2017,5,20,21,245,233,10031,0,0,6,-9999,-9999
1110,2017,5,21,0,250,243,10051,0,0,0,-9999,-9999
1111,2017,5,21,3,290,262,10053,200,21,2,-9999,-9999
1112,2017,5,21,6,340,210,10032,210,41,2,-9999,-9999
1113,2017,5,21,9,352,251,10003,0,0,3,-9999,-9999
1114,2017,5,21,12,320,266,10006,0,0,4,-9999,-9999
1115,2017,5,21,15,295,260,10033,0,0,6,-9999,-9999
1116,2017,5,21,18,292,232,10035,200,26,6,-9999,-9999
1117,2017,5,21,21,270,243,10030,150,15,8,-9999,-9999
1118,2017,5,22,0,276,253,10046,0,0,8,-9999,-9999
1119,2017,5,22,3,322,259,10052,0,0,2,-9999,-9999
1120,2017,5,22,6,356,252,10030,30,15,2,-9999,-9999
1121,2017,5,22,9,294,253,10016,0,0,5,2,-9999
1122,2017,5,22,12,297,260,10018,0,0,4,-9999,-9999
1123,2017,5,22,15,292,240,10041,170,15,7,-9999,-9999
1124,2017,5,22,18,280,230,10041,150,26,8,-9999,-9999
1125,2017,5,22,21,276,250,10042,100,15,6,-9999,-9999
1126,2017,5,23,0,272,258,10061,0,0,6,-9999,-9999
1127,2017,5,23,3,308,266,10065,0,0,2,-9999,-9999
1128,2017,5,23,6,350,242,10040,210,15,3,-9999,-9999
1129,2017,5,23,9,363,254,10002,190,15,6,-9999,-9999
1130,2017,5,23,12,315,266,10023,0,0,6,-9999,-9999
1131,2017,5,23,15,300,246,10046,160,15,4,-9999,-9999
1132,2017,5,23,18,280,239,10047,0,0,3,-9999,-9999
1133,2017,5,23,21,277,230,10042,0,0,5,-9999,-9999
1134,2017,5,24,0,280,259,10054,140,21,6,-9999,-9999
1135,2017,5,24,3,318,256,10059,140,26,6,-9999,-9999
1136,2017,5,24,6,260,246,10070,140,15,8,-9999,20
1137,2017,5,24,9,254,244,10037,0,0,8,-9999,-9999
1138,2017,5,24,12,253,237,10043,0,0,6,-9999,-9999
1139,2017,5,24,15,250,241,10065,0,0,6,-9999,-9999
1140,2017,5,24,21,238,231,10059,0,0,6,-9999,-9999
1141,2017,5,25,0,246,243,10077,0,0,8,-9999,-9999
1142,2017,5,25,3,273,247,10084,0,0,7,-9999,-9999
1143,2017,5,25,6,310,238,10057,320,15,4,-9999,-9999
1144,2017,5,25,9,330,220,10029,0,0,4,-9999,-9999
1145,2017,5,25,12,290,232,10033,0,0,3,-9999,-9999
1146,2017,5,25,15,280,244,10066,180,21,0,-9999,-9999
1147,2017,5,25,18,270,251,10062,130,15,0,-9999,-9999
1148,2017,5,25,21,260,246,10065,250,36,8,-9999,-9999
1149,2017,5,26,0,225,217,10095,0,0,8,2,-9999
1150,2017,5,26,3,245,230,10100,0,0,8,-9999,-9999
1151,2017,5,26,6,270,245,10083,270,21,8,-9999,60
1152,2017,5,26,12,270,241,10058,0,0,6,-9999,-9999
1153,2017,5,26,15,255,237,10084,0,0,6,-9999,-9999
1154,2017,5,26,18,250,235,10080,0,0,6,-9999,-9999
1155,2017,5,26,21,245,238,10071,0,0,8,-9999,-9999
1156,2017,5,27,0,240,233,10086,0,0,8,-9999,-9999
1157,2017,5,27,3,270,241,10092,0,0,8,-9999,-9999
1158,2017,5,27,6,301,250,10067,0,0,3,-9999,-9999
1159,2017,5,27,9,311,245,10039,0,0,5,-9999,-9999
1160,2017,5,27,12,291,256,10048,0,0,4,-9999,-9999
1161,2017,5,27,15,267,250,10072,0,0,4,-9999,-9999
1162,2017,5,27,18,252,245,10068,0,0,4,-9999,-9999
1163,2017,5,27,21,253,249,10063,0,0,3,-9999,-9999
1164,2017,5,28,0,255,248,10074,0,0,6,-9999,-9999
1165,2017,5,28,3,286,234,10077,0,0,7,-9999,-9999
1166,2017,5,28,6,322,231,10056,50,31,4,-9999,-9999
1167,2017,5,28,9,314,244,10037,0,0,5,-9999,-9999
1168,2017,5,28,12,296,253,10042,0,0,3,-9999,-9999
1169,2017,5,28,15,272,255,10063,0,0,3,-9999,-9999
1170,2017,5,28,18,258,246,10071,0,0,5,-9999,-9999
1171,2017,5,28,21,256,240,10065,0,0,4,-9999,-9999
1172,2017,5,29,0,250,222,10067,0,0,6,-9999,-9999
1173,2017,5,29,3,295,229,10066,0,0,2,-9999,-9999
1174,2017,5,29,6,310,238,10060,190,15,8,-9999,-9999
1175,2017,5,29,9,309,232,10039,170,36,8,-9999,-9999
1176,2017,5,29,12,280,241,10049,150,15,6,-9999,-9999
1177,2017,5,29,15,268,242,10073,0,0,8,-9999,-9999
1178,2017,5,29,18,256,234,10074,0,0,6,-9999,-9999
1179,2017,5,29,21,255,237,10069,0,0,6,-9999,-9999
1180,2017,5,30,0,256,243,10077,110,26,8,-9999,-9999
1181,2017,5,30,3,281,245,10083,130,31,8,-9999,-9999
1182,2017,5,30,6,286,249,10069,320,15,8,-9999,-9999
1183,2017,5,30,9,295,248,10045,130,21,7,-9999,-9999
1184,2017,5,30,12,275,246,10053,130,15,6,-9999,-9999
1185,2017,5,30,15,265,240,10090,0,0,6,-9999,-9999
1186,2017,5,30,18,252,245,10090,0,0,6,-9999,-9999
1187,2017,5,30,21,250,237,10071,0,0,8,-9999,-9999
1188,2017,5,31,0,252,242,10083,0,0,4,-9999,-9999
1189,2017,5,31,3,296,240,10090,150,26,6,-9999,-9999
1190,2017,5,31,6,320,233,10067,110,21,5,-9999,-9999
1191,2017,5,31,9,330,211,10036,0,0,6,-9999,-9999
1192,2017,5,31,12,270,226,10054,0,0,6,-9999,-9999
1193,2017,5,31,15,245,223,10078,0,0,7,-9999,-9999
1194,2017,5,31,18,250,235,10068,0,0,8,-9999,-9999
1195,2017,5,31,21,240,228,10063,0,0,8,-9999,-9999
1196,2017,6,1,0,245,238,10069,0,0,6,-9999,-9999
1197,2017,6,1,3,305,240,10068,100,21,5,-9999,-9999
1198,2017,6,1,6,335,226,10051,170,21,4,-9999,-9999
1199,2017,6,1,9,340,264,10027,170,31,5,-9999,-9999
1200,2017,6,1,12,310,254,10035,130,26,5,-9999,-9999
1201,2017,6,1,15,280,236,10051,190,31,3,-9999,-9999
1202,2017,6,1,18,250,225,10055,0,0,3,-9999,-9999
1203,2017,6,1,21,245,238,10057,0,0,6,-9999,-9999
1204,2017,6,2,0,260,248,10072,130,21,6,-9999,-9999
1205,2017,6,2,3,315,251,10068,0,0,3,-9999,-9999
1206,2017,6,2,6,341,262,10048,120,10,2,-9999,-9999
1207,2017,6,2,9,311,256,10053,150,41,8,20,-9999
1208,2017,6,2,12,236,227,10046,100,15,6,-9999,-9999
1209,2017,6,2,15,246,234,10063,0,0,6,-9999,-9999
1210,2017,6,2,18,250,237,10061,0,0,6,-9999,-9999
1211,2017,6,2,21,245,238,10060,110,15,7,-9999,-9999
1212,2017,6,3,0,245,238,10074,0,0,4,-9999,-9999
1213,2017,6,3,3,309,254,10070,0,0,2,-9999,-9999
1214,2017,6,3,6,338,257,10044,0,0,2,-9999,-9999
1215,2017,6,3,9,351,251,10016,220,15,2,-9999,-9999
1216,2017,6,3,12,325,256,10018,0,0,3,-9999,-9999
1217,2017,6,3,15,276,241,10043,120,51,4,-9999,-9999
1218,2017,6,3,18,261,235,10044,110,26,4,-9999,-9999
1219,2017,6,3,21,249,233,10045,110,15,4,-9999,-9999
1220,2017,6,4,0,251,235,10060,0,0,2,-9999,-9999
1221,2017,6,4,3,310,254,10055,70,15,1,-9999,-9999
1222,2017,6,4,6,338,177,10027,170,15,3,-9999,-9999
1223,2017,6,4,9,322,198,10015,180,21,6,-9999,-9999
1224,2017,6,4,12,282,243,10024,110,36,5,-9999,-9999
1225,2017,6,4,15,255,236,10056,0,0,5,-9999,-9999
1226,2017,6,4,18,250,228,10056,0,0,3,-9999,-9999
1227,2017,6,4,21,242,230,10051,0,0,3,-9999,-9999
1228,2017,6,5,0,250,240,10057,0,0,3,-9999,-9999
1229,2017,6,5,3,300,252,10057,130,10,3,-9999,-9999
1230,2017,6,5,6,334,245,10030,210,21,4,-9999,-9999
1231,2017,6,5,9,306,252,10012,290,21,6,-9999,-9999
1232,2017,6,5,12,282,240,10021,0,0,6,-9999,-9999
1233,2017,6,5,15,268,245,10053,0,0,3,-9999,-9999
1234,2017,6,5,18,262,250,10052,0,0,4,-9999,-9999
1235,2017,6,5,21,257,245,10048,0,0,3,-9999,-9999
1236,2017,6,6,0,260,246,10058,0,0,3,-9999,-9999
1237,2017,6,6,3,305,256,10067,0,0,4,-9999,-9999
1238,2017,6,6,6,330,229,10039,150,15,5,-9999,-9999
1239,2017,6,6,9,330,237,10014,0,0,4,-9999,-9999
1240,2017,6,6,12,300,243,10027,0,0,4,-9999,-9999
1241,2017,6,6,15,285,249,10056,120,26,2,-9999,-9999
1242,2017,6,6,18,270,241,10055,0,0,2,-9999,-9999
1243,2017,6,6,21,260,235,10051,120,21,2,-9999,-9999
1244,2017,6,7,0,258,242,10069,100,21,8,-9999,-9999
1245,2017,6,7,3,290,255,10080,90,15,6,-9999,-9999
1246,2017,6,7,6,292,261,10059,90,46,6,-1,3
1247,2017,6,7,9,265,243,10048,290,15,7,-9999,-9999
1248,2017,6,7,12,250,235,10058,0,0,6,-9999,-9999
1249,2017,6,7,15,245,226,10072,0,0,3,-9999,-9999
1250,2017,6,7,18,235,224,10072,0,0,6,-9999,-9999
1251,2017,6,7,21,230,222,10062,100,21,8,3,-9999
1252,2017,6,8,0,240,233,10074,0,0,8,-9999,-9999
1253,2017,6,8,3,250,243,10087,260,15,8,-9999,-9999
1254,2017,6,8,6,276,247,10061,0,0,8,-9999,80
1255,2017,6,8,9,291,247,10031,0,0,6,-9999,-9999
1256,2017,6,8,12,278,252,10032,0,0,4,-9999,-9999
1257,2017,6,8,15,260,246,10059,0,0,2,-9999,-9999
1258,2017,6,8,18,258,246,10062,0,0,4,-9999,-9999
1259,2017,6,8,21,250,240,10055,0,0,5,-9999,-9999
1260,2017,6,9,0,250,243,10063,0,0,8,-9999,-9999
1261,2017,6,9,3,295,248,10059,120,15,3,-9999,-9999
1262,2017,6,9,6,324,247,10037,210,15,5,-9999,-9999
1263,2017,6,9,9,298,234,10028,0,0,6,-9999,-9999
1264,2017,6,9,12,276,246,10041,180,26,3,-9999,-9999
1265,2017,6,9,15,271,244,10066,160,15,5,-9999,-9999
1266,2017,6,9,18,253,235,10064,170,26,2,-9999,-9999
1267,2017,6,9,21,239,229,10063,160,15,2,-9999,-9999
1268,2017,6,10,0,245,235,10075,120,15,5,-9999,-9999
1269,2017,6,10,3,280,246,10076,190,26,7,-9999,-9999
1270,2017,6,10,6,300,252,10056,120,10,7,-9999,-9999
1271,2017,6,10,9,308,233,10040,150,21,6,-9999,-9999
1272,2017,6,10,12,288,228,10041,140,15,5,-9999,-9999
1273,2017,6,10,15,263,232,10071,140,10,6,-9999,-9999
1274,2017,6,10,18,257,232,10072,0,0,8,-9999,-9999
1275,2017,6,10,21,256,237,10060,150,15,6,-9999,-9999
1276,2017,6,11,0,256,240,10070,160,10,7,-9999,-9999
1277,2017,6,11,3,285,236,10085,150,15,7,-9999,-9999
1278,2017,6,11,6,300,235,10071,150,15,8,-9999,-9999
1279,2017,6,11,9,315,213,10036,200,26,6,-9999,-9999
1280,2017,6,11,12,292,239,10052,140,15,6,-9999,-9999
1281,2017,6,11,15,280,238,10073,0,0,4,-9999,-9999
1282,2017,6,11,18,267,239,10072,0,0,6,-9999,-9999
1283,2017,6,11,21,255,234,10071,0,0,4,-9999,-9999
1284,2017,6,12,0,254,241,10066,100,15,4,-9999,-9999
1285,2017,6,12,3,290,232,10075,210,15,6,-9999,-9999
1286,2017,6,12,6,325,247,10061,220,15,6,-9999,-9999
1287,2017,6,12,9,317,250,10035,180,21,5,-9999,-9999
1288,2017,6,12,12,296,244,10046,0,0,5,-9999,-9999
1289,2017,6,12,15,284,248,10070,0,0,4,-9999,-9999
1290,2017,6,12,18,275,254,10070,0,0,7,-9999,-9999
1291,2017,6,12,21,266,235,10063,0,0,5,-9999,-9999
1292,2017,6,13,3,305,248,10073,120,15,6,-9999,-9999
1293,2017,6,13,6,319,243,10059,0,0,7,-9999,-9999
1294,2017,6,13,9,270,256,10057,0,0,8,-9999,-9999
1295,2017,6,13,12,275,259,10054,170,15,5,-9999,-9999
1296,2017,6,13,15,269,250,10076,0,0,7,-9999,-9999
1297,2017,6,13,18,260,244,10080,0,0,8,-9999,-9999
1298,2017,6,13,21,252,237,10073,0,0,8,-9999,-9999
1299,2017,6,14,0,252,242,10078,0,0,8,-9999,-9999
1300,2017,6,14,3,300,252,10084,0,0,6,-9999,-9999
1301,2017,6,14,6,330,253,10061,70,15,6,-9999,-9999
1302,2017,6,14,9,295,260,10048,180,15,6,-9999,-9999
1303,2017,6,14,12,260,231,10064,220,10,6,-9999,-9999
1304,2017,6,14,15,265,243,10084,170,15,7,-9999,-9999
1305,2017,6,14,18,260,246,10083,210,21,8,-9999,-9999
1306,2017,6,14,21,255,243,10080,200,36,8,-9999,-9999
1307,2017,6,15,0,250,243,10088,0,0,8,-9999,-9999
1308,2017,6,15,3,275,239,10091,180,21,8,-9999,-9999
1309,2017,6,15,6,295,245,10076,140,21,8,-9999,-9999
1310,2017,6,15,9,300,243,10056,160,15,6,-9999,-9999
1311,2017,6,15,12,272,225,10064,80,21,6,-9999,-9999
1312,2017,6,15,15,265,228,10077,200,21,6,-9999,-9999
1313,2017,6,15,18,260,246,10081,160,15,6,-9999,-9999
1314,2017,6,15,21,250,238,10082,170,15,6,-9999,-9999
1315,2017,6,16,0,253,246,10094,0,0,8,-9999,-9999
1316,2017,6,16,3,285,234,10093,0,0,6,-9999,-9999
1317,2017,6,16,6,304,241,10073,0,0,7,-9999,-9999
1318,2017,6,16,9,315,245,10050,150,21,6,-9999,-9999
1319,2017,6,16,12,296,244,10058,120,26,5,-9999,-9999
1320,2017,6,16,15,280,244,10081,0,0,5,-9999,-9999
1321,2017,6,16,18,260,232,10073,0,0,5,-9999,-9999
1322,2017,6,16,21,255,245,10067,0,0,6,-9999,-9999
1323,2017,6,17,0,260,238,10064,0,0,5,-9999,-9999
1324,2017,6,17,3,305,234,10070,0,0,6,-9999,-9999
1325,2017,6,17,6,330,245,10043,200,15,6,-9999,-9999
1326,2017,6,17,9,343,234,10028,0,0,4,-9999,-9999
1327,2017,6,17,12,312,237,10019,210,15,4,-9999,-9999
1328,2017,6,17,15,290,233,10048,210,15,5,-9999,-9999
1329,2017,6,17,18,273,238,10051,0,0,3,-9999,-9999
1330,2017,6,17,21,257,233,10043,0,0,5,-9999,-9999
1331,2017,6,18,0,258,235,10048,0,0,5,-9999,-9999
1332,2017,6,18,3,316,238,10054,0,0,4,-9999,-9999
1333,2017,6,18,6,340,240,10038,190,31,6,-9999,-9999
1334,2017,6,18,9,343,239,10004,230,36,6,-9999,-9999
1335,2017,6,18,12,310,238,10021,170,31,6,-9999,-9999
1336,2017,6,18,15,267,227,10052,130,26,6,-9999,-9999
1337,2017,6,18,18,270,241,10041,170,41,6,-9999,-9999
1338,2017,6,18,21,261,245,10036,170,26,8,-9999,-9999
1339,2017,6,19,0,258,246,10050,130,26,7,-9999,-9999
1340,2017,6,19,3,300,235,10056,200,31,5,-9999,-9999
1341,2017,6,19,6,315,228,10036,0,0,6,-9999,-9999
1342,2017,6,19,9,330,203,10014,200,57,5,-9999,-9999
1343,2017,6,19,12,300,227,10026,210,36,4,-9999,-9999
1344,2017,6,19,15,290,232,10047,100,36,2,-9999,-9999
1345,2017,6,19,18,270,241,10048,150,31,2,-9999,-9999
1346,2017,6,19,21,260,235,10040,150,26,4,-9999,-9999
1347,2017,6,20,0,260,246,10055,0,0,7,-9999,-9999
1348,2017,6,20,3,300,235,10059,170,26,4,-9999,-9999
1349,2017,6,20,6,309,232,10051,230,10,7,-9999,-9999
1350,2017,6,20,9,301,239,10029,0,0,7,-9999,-9999
1351,2017,6,20,12,291,233,10033,220,10,7,-9999,-9999
1352,2017,6,20,15,250,243,10064,0,0,7,-9999,-9999
1353,2017,6,20,18,246,234,10062,0,0,6,-9999,-9999
1354,2017,6,20,21,246,237,10055,110,15,6,-9999,-9999
1355,2017,6,21,0,246,237,10068,0,0,7,-9999,-9999
1356,2017,6,21,3,261,241,10071,120,26,8,-9999,-9999
1357,2017,6,21,6,290,247,10052,0,0,7,-9999,1
1358,2017,6,21,9,310,255,10022,150,26,2,-9999,-9999
1359,2017,6,21,12,296,237,10027,170,41,4,-9999,-9999
1360,2017,6,21,15,265,245,10053,0,0,5,-9999,-9999
1361,2017,6,21,21,255,234,10053,0,0,4,-9999,-9999
1362,2017,6,22,0,253,241,10064,0,0,5,-9999,-9999
1363,2017,6,22,3,305,248,10068,170,26,6,-9999,-9999
1364,2017,6,22,6,322,248,10047,160,15,6,-9999,-9999
1365,2017,6,22,9,332,255,10018,0,0,4,-9999,-9999
1366,2017,6,22,12,312,260,10022,140,15,4,-9999,-9999
1367,2017,6,22,15,282,243,10054,150,15,4,-9999,-9999
1368,2017,6,22,18,268,243,10053,0,0,5,-9999,-9999
1369,2017,6,22,21,260,238,10048,0,0,6,-9999,-9999
1370,2017,6,23,0,256,232,10052,120,15,5,-9999,-9999
1371,2017,6,23,3,315,244,10055,250,15,5,-9999,-9999
1372,2017,6,23,6,333,235,10038,210,31,5,-9999,-9999
1373,2017,6,23,9,338,228,10010,0,0,5,-9999,-9999
1374,2017,6,23,12,310,230,10020,0,0,4,-9999,-9999
1375,2017,6,23,15,280,239,10042,0,0,3,-9999,-9999
1376,2017,6,23,18,263,241,10040,0,0,5,-9999,-9999
1377,2017,6,23,21,258,239,10042,0,0,6,-9999,-9999
1378,2017,6,24,0,262,242,10045,0,0,5,-9999,-9999
1379,2017,6,24,3,317,232,10047,0,0,5,-9999,-9999
1380,2017,6,24,6,335,242,10035,220,36,5,-9999,-9999
1381,2017,6,24,9,335,254,10002,120,15,5,-9999,-9999
1382,2017,6,24,12,297,244,10006,0,0,4,-9999,-9999
1383,2017,6,24,15,280,236,10037,190,21,2,-9999,-9999
1384,2017,6,24,18,270,241,10040,120,15,2,-9999,-9999
1385,2017,6,24,21,260,241,10036,0,0,5,-9999,-9999
1386,2017,6,25,0,257,242,10049,0,0,6,-9999,-9999
1387,2017,6,25,3,300,250,10048,70,21,2,-9999,-9999
1388,2017,6,25,6,300,227,10038,200,46,6,-9999,-9999
1389,2017,6,25,9,310,246,10015,120,31,7,-9999,-9999
1390,2017,6,25,12,260,238,10028,0,0,7,-9999,-9999
1391,2017,6,25,15,260,243,10058,0,0,7,-9999,-9999
1392,2017,6,25,18,255,240,10060,0,0,8,-9999,-9999
1393,2017,6,25,21,250,238,10049,140,26,6,-9999,-9999
1394,2017,6,26,0,260,246,10068,0,0,6,-9999,-9999
1395,2017,6,26,3,300,250,10063,130,26,5,-9999,-9999
1396,2017,6,26,6,325,256,10043,120,15,6,-9999,-9999
1397,2017,6,26,9,304,263,10031,30,15,7,-9999,-9999
1398,2017,6,26,12,265,255,10052,0,0,6,-9999,-9999
1399,2017,6,26,15,246,237,10073,0,0,8,-9999,-9999
1400,2017,6,26,18,245,241,10070,0,0,6,-9999,-9999
1401,2017,6,26,21,243,239,10066,0,0,7,-9999,-9999
1402,2017,6,27,0,245,241,10070,0,0,6,-9999,-9999
1403,2017,6,27,3,276,253,10069,0,0,5,-9999,-9999
1404,2017,6,27,6,314,247,10050,120,15,6,-9999,-9999
1405,2017,6,27,9,315,260,10031,160,41,6,-9999,-9999
1406,2017,6,27,12,291,256,10042,0,0,5,-9999,-9999
1407,2017,6,27,15,268,248,10071,230,15,8,20,-9999
1408,2017,6,27,18,256,252,10072,0,0,6,-9999,-9999
1409,2017,6,27,21,251,247,10065,0,0,4,-9999,-9999
1410,2017,6,28,0,258,248,10075,0,0,3,-9999,-9999
1411,2017,6,28,3,310,261,10069,140,10,5,-9999,-9999
1412,2017,6,28,6,285,258,10064,180,41,8,2,2
1413,2017,6,28,9,316,257,10036,130,26,7,-9999,-9999
1414,2017,6,28,12,282,237,10056,120,15,7,-9999,-9999
1415,2017,6,28,15,268,231,10076,0,0,6,-9999,-9999
1416,2017,6,28,18,255,237,10072,0,0,6,-9999,-9999
1417,2017,6,28,21,254,235,10058,0,0,6,-9999,-9999
1418,2017,6,29,0,248,242,10077,0,0,8,2,-9999
1419,2017,6,29,3,272,239,10087,0,0,8,-9999,-9999
1420,2017,6,29,6,276,253,10074,0,0,8,4,8
1421,2017,6,29,9,302,254,10037,0,0,5,-9999,-9999
1422,2017,6,29,12,280,244,10047,0,0,6,-9999,-9999
1423,2017,6,29,15,267,242,10063,0,0,6,-9999,-9999
1424,2017,6,29,18,259,243,10059,0,0,6,-9999,-9999
1425,2017,6,29,21,240,226,10055,0,0,6,-9999,-9999
1426,2017,6,30,0,244,238,10061,0,0,8,-9999,-9999
1427,2017,6,30,3,260,246,10076,140,15,8,-9999,-9999
1428,2017,6,30,6,295,252,10057,110,26,8,-9999,4
1429,2017,6,30,9,300,258,10031,160,26,6,-9999,-9999
1430,2017,6,30,15,260,241,10062,0,0,7,-9999,-9999
1431,2017,6,30,18,250,235,10057,150,31,6,-9999,-9999
1432,2017,6,30,21,240,225,10051,140,21,6,-9999,-9999
1433,2017,7,1,0,245,238,10063,0,0,8,-9999,-9999
1434,2017,7,1,3,290,255,10065,0,0,6,-9999,-9999
1435,2017,7,1,6,320,233,10051,0,0,6,-9999,-9999
1436,2017,7,1,9,300,243,10030,0,0,6,-9999,-9999
1437,2017,7,1,12,280,236,10043,0,0,6,-9999,-9999
1438,2017,7,1,15,250,232,10067,120,21,8,-9999,-9999
1439,2017,7,1,18,248,233,10061,100,26,6,-9999,-9999
1440,2017,7,1,21,242,230,10060,0,0,6,-9999,-9999
1441,2017,7,2,0,245,223,10071,170,26,8,-9999,-9999
1442,2017,7,2,3,295,252,10074,0,0,6,-9999,-9999
1443,2017,7,2,6,311,241,10060,130,15,6,-9999,-9999
1444,2017,7,2,9,285,236,10051,0,0,8,-1,-9999
1445,2017,7,2,12,263,256,10054,0,0,6,-9999,-9999
1446,2017,7,2,15,266,246,10069,0,0,6,-9999,-9999
1447,2017,7,2,18,269,232,10062,210,31,6,-9999,-9999
1448,2017,7,2,21,255,234,10050,0,0,6,-9999,-9999
1449,2017,7,3,0,252,236,10066,0,0,8,-9999,-9999
1450,2017,7,3,3,293,241,10066,180,15,6,-9999,-9999
1451,2017,7,3,6,296,246,10055,150,10,7,-9999,-9999
1452,2017,7,3,9,298,245,10033,180,15,6,-9999,-9999
1453,2017,7,3,12,281,253,10039,0,0,6,-9999,-9999
1454,2017,7,3,15,262,242,10066,0,0,6,-9999,-9999
1455,2017,7,3,18,251,238,10062,120,15,6,-9999,-9999
1456,2017,7,3,21,245,238,10051,0,0,8,2,-9999
1457,2017,7,4,0,241,237,10064,0,0,8,-9999,-9999
1458,2017,7,4,3,249,243,10073,110,31,8,-9999,-9999
1459,2017,7,4,6,260,248,10063,40,15,8,-9999,40
1460,2017,7,4,9,262,248,10045,120,26,8,-9999,-9999
1461,2017,7,4,12,254,242,10047,0,0,8,-9999,-9999
1462,2017,7,4,15,246,233,10071,0,0,6,-9999,-9999
1463,2017,7,4,18,246,233,10070,0,0,8,-9999,-9999
1464,2017,7,4,21,244,237,10060,0,0,6,-9999,-9999
1465,2017,7,5,0,247,237,10061,120,15,6,-9999,-9999
1466,2017,7,5,3,267,235,10076,150,15,6,-9999,-9999
1467,2017,7,5,6,292,234,10061,130,15,7,-9999,-9999
1468,2017,7,5,9,302,260,10029,130,21,6,-9999,-9999
1469,2017,7,5,12,275,255,10049,0,0,6,-9999,-9999
1470,2017,7,5,15,255,233,10076,120,15,6,-9999,-9999
1471,2017,7,5,18,247,225,10073,0,0,6,-9999,-9999
1472,2017,7,5,21,240,225,10067,0,0,6,-9999,-9999
1473,2017,7,6,0,245,230,10071,0,0,6,-9999,-9999
1474,2017,7,6,3,295,237,10074,170,15,4,-9999,-9999
1475,2017,7,6,6,310,238,10051,0,0,6,-9999,-9999
1476,2017,7,6,9,315,236,10026,100,26,6,-9999,-9999
1477,2017,7,6,12,280,236,10034,170,21,4,-9999,-9999
1478,2017,7,6,15,267,233,10056,130,36,6,-9999,-9999
1479,2017,7,6,18,260,231,10055,100,26,6,-9999,-9999
1480,2017,7,6,21,250,235,10050,130,21,4,-9999,-9999
1481,2017,7,7,0,250,235,10055,0,0,7,-9999,-9999
1482,2017,7,7,3,285,242,10065,0,0,7,-9999,-9999
1483,2017,7,7,6,315,244,10052,0,0,6,-9999,-9999
1484,2017,7,7,9,320,257,10027,0,0,6,-9999,-9999
1485,2017,7,7,12,275,239,10047,0,0,8,-9999,-9999
1486,2017,7,7,15,270,241,10068,0,0,8,-9999,-9999
1487,2017,7,7,18,255,233,10066,110,15,8,-9999,-9999
1488,2017,7,7,21,247,232,10061,80,31,6,-9999,-9999
1489,2017,7,8,0,255,240,10067,0,0,6,-9999,-9999
1490,2017,7,8,3,280,244,10076,0,0,6,-9999,-9999
1491,2017,7,8,6,320,243,10057,0,0,5,-9999,-9999
1492,2017,7,8,9,320,252,10030,160,41,6,-9999,-9999
1493,2017,7,8,12,301,245,10047,0,0,7,-1,-9999
1494,2017,7,8,15,262,246,10080,0,0,8,-9999,-9999
1495,2017,7,8,18,261,244,10084,60,15,7,-9999,-9999
1496,2017,7,8,21,256,247,10074,120,15,8,-9999,-9999
1497,2017,7,9,0,254,241,10080,0,0,7,-9999,-9999
1498,2017,7,9,3,287,241,10090,100,10,6,-9999,-9999
1499,2017,7,9,6,300,250,10077,160,10,6,-9999,-9999
1500,2017,7,9,9,295,252,10060,150,10,7,-9999,-9999
1501,2017,7,9,12,270,256,10075,0,0,8,-9999,-9999
1502,2017,7,9,15,255,249,10092,0,0,8,-9999,-9999
1503,2017,7,9,18,251,247,10087,0,0,8,-9999,-9999
1504,2017,7,9,21,245,239,10072,0,0,8,-9999,-9999
1505,2017,7,10,0,241,238,10086,0,0,8,-9999,-9999
1506,2017,7,10,3,255,248,10098,0,0,8,-9999,-9999
1507,2017,7,10,6,260,253,10085,0,0,8,-9999,20
1508,2017,7,10,9,255,248,10061,0,0,8,-9999,-9999
1509,2017,7,10,12,250,243,10060,0,0,8,-9999,-9999
1510,2017,7,10,15,245,238,10079,0,0,8,4,-9999
1511,2017,7,10,18,240,234,10075,0,0,8,-9999,-9999
1512,2017,7,10,21,235,228,10060,0,0,8,-9999,-9999
1513,2017,7,11,0,235,230,10060,0,0,8,-9999,-9999
1514,2017,7,11,3,274,263,10058,0,0,8,-9999,-9999
1515,2017,7,11,6,300,246,10046,0,0,6,-9999,-9999
1516,2017,7,11,9,293,253,10026,0,0,5,-9999,-9999
1517,2017,7,11,12,268,245,10041,140,15,7,-9999,-9999
1518,2017,7,11,15,257,232,10069,120,15,5,-9999,-9999
1519,2017,7,11,18,246,237,10068,130,15,5,-9999,-9999
1520,2017,7,11,21,245,230,10059,0,0,6,-9999,-9999
1521,2017,7,12,0,247,237,10062,0,0,6,-9999,-9999
1522,2017,7,12,3,285,239,10069,0,0,5,-9999,-9999
1523,2017,7,12,6,300,243,10052,0,0,6,-9999,-9999
1524,2017,7,12,9,320,233,10032,0,0,6,-9999,-9999
1525,2017,7,12,12,285,249,10037,160,57,7,-9999,-9999
1526,2017,7,12,15,255,230,10077,130,31,8,-9999,-9999
1527,2017,7,12,18,245,235,10071,130,21,8,-9999,-9999
1528,2017,7,12,21,235,228,10066,140,15,8,-9999,-9999
1529,2017,7,13,0,240,233,10082,0,0,8,-9999,-9999
1530,2017,7,13,3,280,244,10071,0,0,7,-9999,-9999
1531,2017,7,13,6,290,255,10057,170,21,6,2,2
1532,2017,7,13,9,285,234,10044,120,21,6,-9999,-9999
1533,2017,7,13,12,275,246,10042,0,0,6,-9999,-9999
1534,2017,7,13,15,255,233,10073,0,0,6,-9999,-9999
1535,2017,7,13,18,250,235,10065,100,21,6,-9999,-9999
1536,2017,7,13,21,240,230,10056,0,0,7,20,-9999
1537,2017,7,14,0,245,230,10062,0,0,8,-9999,-9999
1538,2017,7,14,3,275,246,10065,0,0,6,-9999,-9999
1539,2017,7,14,6,291,248,10052,0,0,7,-9999,-9999
1540,2017,7,14,9,310,255,10025,20,26,5,-9999,-9999
1541,2017,7,14,12,265,251,10041,0,0,8,2,-9999
1542,2017,7,14,15,251,245,10063,0,0,7,-9999,-9999
1543,2017,7,14,18,246,242,10061,0,0,8,-9999,-9999
1544,2017,7,14,21,242,239,10046,0,0,8,-9999,-9999
1545,2017,7,15,0,245,242,10058,0,0,8,-9999,-9999
1546,2017,7,15,3,275,248,10060,160,26,7,-9999,-9999
1547,2017,7,15,6,277,260,10042,0,0,7,4,4
1548,2017,7,15,9,291,254,10021,150,26,8,-9999,-9999
1549,2017,7,15,12,251,248,10039,0,0,8,-9999,-9999
1550,2017,7,15,15,250,246,10062,0,0,8,-9999,-9999
1551,2017,7,15,18,246,242,10055,0,0,8,-9999,-9999
1552,2017,7,15,21,242,239,10045,0,0,8,-9999,-9999
1553,2017,7,16,0,241,238,10050,0,0,8,-9999,-9999
1554,2017,7,16,3,260,246,10055,0,0,8,-9999,-9999
1555,2017,7,16,6,285,249,10036,70,15,7,-9999,0
1556,2017,7,16,9,310,247,10002,0,0,6,-9999,-9999
1557,2017,7,16,12,282,239,10017,0,0,6,-9999,-9999
1558,2017,7,16,15,260,246,10044,0,0,5,-9999,-9999
1559,2017,7,16,18,245,238,10036,0,0,5,-9999,-9999
1560,2017,7,16,21,245,238,10024,0,0,4,-9999,-9999
1561,2017,7,17,0,250,246,10027,0,0,8,-9999,-9999
1562,2017,7,17,3,268,259,10027,0,0,8,-9999,-9999
1563,2017,7,17,6,290,265,10005,0,0,8,-9999,10
1564,2017,7,17,9,270,256,9993,0,0,8,-9999,-9999
1565,2017,7,17,12,254,248,9996,0,0,8,-9999,-9999
1566,2017,7,17,15,235,230,10022,0,0,8,-9999,-9999
1567,2017,7,17,18,230,225,10027,0,0,8,-9999,-9999
1568,2017,7,17,21,230,225,10033,0,0,8,-9999,-9999
1569,2017,7,18,0,236,232,10050,130,26,8,-9999,-9999
1570,2017,7,18,3,257,241,10069,150,31,8,-9999,-9999
1571,2017,7,18,6,275,246,10063,150,51,7,-9999,5
1572,2017,7,18,9,290,255,10045,0,0,5,-9999,-9999
1573,2017,7,18,12,270,241,10058,0,0,7,-9999,-9999
1574,2017,7,18,15,260,238,10093,0,0,6,-9999,-9999
1575,2017,7,18,18,250,235,10085,0,0,5,-9999,-9999
1576,2017,7,18,21,245,232,10074,0,0,4,-9999,-9999
1577,2017,7,19,0,250,235,10079,140,15,8,-9999,-9999
1578,2017,7,19,3,280,244,10082,0,0,7,-9999,-9999
1579,2017,7,19,6,310,254,10055,0,0,6,-9999,-9999
1580,2017,7,19,9,305,240,10027,0,0,5,-9999,-9999
1581,2017,7,19,12,270,241,10042,0,0,8,-9999,-9999
1582,2017,7,19,15,240,233,10075,0,0,8,-9999,-9999
1583,2017,7,19,18,235,228,10065,0,0,8,-9999,-9999
1584,2017,7,19,21,237,231,10049,0,0,8,-9999,-9999
1585,2017,7,20,0,245,242,10062,0,0,8,-9999,-9999
1586,2017,7,20,3,255,242,10071,0,0,8,-9999,-9999
1587,2017,7,20,6,282,259,10049,0,0,8,-9999,20
1588,2017,7,20,9,296,252,10020,0,0,7,-9999,-9999
1589,2017,7,20,12,260,247,10041,0,0,8,5,-9999
1590,2017,7,20,15,251,245,10063,0,0,8,-9999,-9999
1591,2017,7,20,18,250,244,10055,0,0,8,-9999,-9999
1592,2017,7,20,21,250,243,10047,0,0,8,-9999,-9999
1593,2017,7,21,0,250,244,10061,0,0,8,-9999,-9999
1594,2017,7,21,3,270,250,10072,0,0,7,-9999,-9999
1595,2017,7,21,6,280,250,10053,0,0,7,-9999,0
1596,2017,7,21,9,255,245,10043,0,0,8,-9999,-9999
1597,2017,7,21,12,248,245,10051,0,0,8,-9999,-9999
1598,2017,7,21,15,248,242,10077,0,0,8,1,-9999
1599,2017,7,21,18,242,239,10080,0,0,8,-9999,-9999
1600,2017,7,21,21,240,234,10065,0,0,8,-9999,-9999
1601,2017,7,22,0,244,238,10082,0,0,8,-9999,-9999
1602,2017,7,22,3,276,247,10085,130,15,6,-9999,-9999
1603,2017,7,22,6,312,240,10073,0,0,6,-9999,-9999
1604,2017,7,22,9,285,257,10047,0,0,8,-9999,-9999
1605,2017,7,22,12,272,243,10063,0,0,8,-9999,-9999
1606,2017,7,22,15,254,241,10099,0,0,8,-9999,-9999
1607,2017,7,22,18,252,237,10089,0,0,8,-9999,-9999
1608,2017,7,23,0,240,234,10083,0,0,8,2,-9999
1609,2017,7,23,3,268,230,10094,0,0,8,-9999,-9999
1610,2017,7,23,6,300,246,10065,0,0,7,-9999,2
1611,2017,7,23,9,305,247,10049,0,0,6,-9999,-9999
1612,2017,7,23,15,240,234,10084,0,0,8,-9999,-9999
1613,2017,7,23,18,238,232,10083,0,0,8,-9999,-9999
1614,2017,7,23,21,239,233,10072,0,0,8,-9999,-9999
1615,2017,7,24,0,242,239,10067,0,0,8,-9999,-9999
1616,2017,7,24,3,298,237,10065,0,0,6,-9999,-9999
1617,2017,7,24,6,315,251,10043,0,0,7,-9999,-9999
1618,2017,7,24,9,325,255,10008,0,0,6,-9999,-9999
1619,2017,7,24,12,262,237,10029,0,0,7,-9999,-9999
1620,2017,7,24,15,250,235,10061,0,0,8,10,-9999
1621,2017,7,24,18,235,228,10060,0,0,8,20,-9999
1622,2017,7,24,21,240,233,10048,0,0,8,-9999,-9999
1623,2017,7,25,0,242,239,10054,0,0,8,-9999,-9999
1624,2017,7,25,3,263,251,10055,0,0,8,-9999,-9999
1625,2017,7,25,6,295,252,10033,0,0,6,-9999,-9999
1626,2017,7,25,9,323,256,10003,0,0,5,-9999,-9999
1627,2017,7,25,12,280,244,10012,0,0,6,-9999,-9999
1628,2017,7,25,15,260,243,10048,0,0,6,-9999,-9999
1629,2017,7,25,18,250,235,10043,0,0,7,-9999,-9999
1630,2017,7,25,21,248,236,10034,0,0,8,-9999,-9999
1631,2017,7,26,0,250,243,10036,0,0,6,-9999,-9999
1632,2017,7,26,3,300,258,10034,290,15,4,-9999,-9999
1633,2017,7,26,6,327,254,10016,230,10,4,-9999,-9999
1634,2017,7,26,9,322,264,9992,0,0,6,-9999,-9999
1635,2017,7,26,12,275,254,10015,160,26,7,-9999,-9999
1636,2017,7,26,15,250,246,10044,0,0,8,-9999,-9999
1637,2017,7,26,18,247,241,10039,0,0,8,-9999,-9999
1638,2017,7,26,21,245,241,10034,0,0,8,-9999,-9999
1639,2017,7,27,0,247,244,10041,0,0,8,-9999,-9999
1640,2017,7,27,3,280,251,10045,0,0,6,-9999,-9999
1641,2017,7,27,6,316,266,10025,0,0,5,-9999,-9999
1642,2017,7,27,9,337,250,9993,0,0,2,-9999,-9999
1643,2017,7,27,12,310,270,10001,0,0,4,-9999,-9999
1644,2017,7,27,15,280,254,10035,0,0,5,-9999,-9999
1645,2017,7,27,18,270,256,10033,0,0,6,-9999,-9999
1646,2017,7,27,21,255,249,10037,0,0,3,-9999,-9999
1647,2017,7,28,0,245,230,10057,0,0,8,-1,-9999
1648,2017,7,28,3,278,246,10065,0,0,7,-9999,-9999
1649,2017,7,28,6,297,236,10049,0,0,8,-9999,-1
1650,2017,7,28,9,320,230,10037,0,0,6,-9999,-9999
1651,2017,7,28,12,290,259,10033,0,0,6,-9999,-9999
1652,2017,7,28,15,267,245,10057,0,0,4,-9999,-9999
1653,2017,7,28,18,250,241,10056,0,0,4,-9999,-9999
1654,2017,7,28,21,245,238,10046,0,0,5,-9999,-9999
1655,2017,7,29,0,248,244,10055,0,0,6,-9999,-9999
1656,2017,7,29,3,280,244,10062,0,0,6,-9999,-9999
1657,2017,7,29,6,331,247,10032,0,0,5,-9999,-9999
1658,2017,7,29,9,336,250,10003,0,0,5,-9999,-9999
1659,2017,7,29,12,292,231,10023,0,0,8,-9999,-9999
1660,2017,7,29,15,277,230,10047,130,10,8,-9999,-9999
1661,2017,7,29,18,265,233,10040,0,0,6,-9999,-9999
1662,2017,7,29,21,252,234,10032,0,0,6,-9999,-9999
1663,2017,7,30,0,260,253,10034,0,0,6,-9999,-9999
1664,2017,7,30,3,295,240,10044,0,0,6,-9999,-9999
1665,2017,7,30,6,330,211,10029,210,26,5,-9999,-9999
1666,2017,7,30,9,325,242,10011,140,31,6,-9999,-9999
1667,2017,7,30,12,290,247,10019,80,41,6,-9999,-9999
1668,2017,7,30,15,265,231,10040,150,21,3,-9999,-9999
1669,2017,7,30,18,260,231,10034,100,15,0,-9999,-9999
1670,2017,7,30,21,255,237,10030,100,15,0,-9999,-9999
1671,2017,7,31,0,253,246,10040,0,0,4,-9999,-9999
1672,2017,7,31,3,305,263,10045,120,15,3,-9999,-9999
1673,2017,7,31,6,330,282,10027,110,26,5,-9999,-9999
1674,2017,7,31,9,340,271,9998,180,36,3,-9999,-9999
1675,2017,7,31,12,283,235,10027,0,0,6,-9999,-9999
1676,2017,7,31,15,275,239,10046,140,15,4,-9999,-9999
1677,2017,7,31,18,265,236,10041,120,15,4,-9999,-9999
1678,2017,7,31,21,255,245,10038,150,36,6,-9999,-9999
1679,2017,8,1,0,255,237,10049,150,21,7,-9999,-9999
1680,2017,8,1,3,298,251,10054,140,31,5,-9999,-9999
1681,2017,8,1,6,321,250,10038,0,0,5,-9999,-9999
1682,2017,8,1,9,330,249,10009,210,51,4,-9999,-9999
1683,2017,8,1,12,306,251,10025,0,0,4,-9999,-9999
1684,2017,8,1,15,283,247,10050,150,21,3,-9999,-9999
1685,2017,8,1,18,270,243,10043,120,26,4,-9999,-9999
1686,2017,8,1,21,257,239,10035,160,41,6,-9999,-9999
1687,2017,8,2,0,255,234,10049,0,0,6,-9999,-9999
1688,2017,8,2,3,310,254,10052,0,0,3,-9999,-9999
1689,2017,8,2,6,325,258,10030,180,41,4,-9999,-9999
1690,2017,8,2,9,321,255,10005,170,15,4,-9999,-9999
1691,2017,8,2,12,298,254,10012,130,36,5,-9999,-9999
1692,2017,8,2,15,282,251,10037,0,0,3,-9999,-9999
1693,2017,8,2,18,269,246,10030,0,0,4,-9999,-9999
1694,2017,8,2,21,253,241,10021,150,15,3,-9999,-9999
1695,2017,8,3,0,254,235,10032,120,26,6,-9999,-9999
1696,2017,8,3,3,291,241,10033,170,15,7,-9999,-9999
1697,2017,8,3,6,317,250,10017,0,0,6,-9999,-9999
1698,2017,8,3,9,317,243,9985,0,0,6,-9999,-9999
1699,2017,8,3,12,293,246,9999,0,0,6,-9999,-9999
1700,2017,8,3,15,282,228,10023,0,0,5,-9999,-9999
1701,2017,8,3,18,262,245,10020,0,0,6,-9999,-9999
1702,2017,8,3,21,254,235,10008,0,0,6,-9999,-9999
1703,2017,8,4,0,255,239,10019,0,0,6,-9999,-9999
1704,2017,8,4,3,302,243,10023,0,0,6,-9999,-9999
1705,2017,8,4,6,324,235,10008,0,0,6,-9999,-9999
1706,2017,8,4,9,330,246,9981,0,0,5,-9999,-9999
1707,2017,8,4,12,295,251,9994,0,0,5,-9999,-9999
1708,2017,8,4,15,263,232,10022,0,0,4,-9999,-9999
1709,2017,8,4,18,256,234,10019,0,0,5,-9999,-9999
1710,2017,8,4,21,255,228,10012,0,0,5,-9999,-9999
1711,2017,8,5,0,255,217,10022,0,0,6,-9999,-9999
1712,2017,8,5,3,271,240,10035,0,0,7,-9999,-9999
1713,2017,8,5,6,285,249,10028,0,0,8,-9999,-9999
1714,2017,8,5,9,300,243,10005,0,0,8,-9999,-9999
1715,2017,8,5,12,275,239,10018,0,0,8,-9999,-9999
1716,2017,8,5,15,240,228,10052,0,0,8,-9999,-9999
1717,2017,8,5,18,245,238,10047,140,31,8,-9999,-9999
1718,2017,8,5,21,242,236,10042,120,41,8,-9999,-9999
1719,2017,8,6,0,248,244,10052,100,36,8,-9999,-9999
1720,2017,8,6,3,255,248,10070,120,15,8,-9999,-9999
1721,2017,8,6,6,270,241,10063,0,0,8,-9999,-9999
1722,2017,8,6,9,270,233,10049,190,26,8,-9999,-9999
1723,2017,8,6,12,260,231,10057,0,0,7,-9999,-9999
1724,2017,8,6,15,250,235,10082,140,31,8,-9999,-9999
1725,2017,8,6,18,250,235,10079,120,21,8,-9999,-9999
1726,2017,8,6,21,240,233,10081,0,0,8,-9999,-9999
1727,2017,8,7,0,237,234,10087,140,41,8,-9999,-9999
1728,2017,8,7,3,270,241,10095,0,0,8,-9999,-9999
1729,2017,8,7,6,304,247,10073,180,41,6,-9999,-9999
1730,2017,8,7,9,312,260,10049,0,0,4,-9999,-9999
1731,2017,8,7,12,281,255,10063,0,0,3,-9999,-9999
1732,2017,8,7,15,250,220,10091,0,0,6,-9999,-9999
1733,2017,8,7,18,240,231,10095,0,0,7,-9999,-9999
1734,2017,8,7,21,237,233,10086,0,0,6,-9999,-9999
1735,2017,8,8,0,245,233,10094,0,0,7,-9999,-9999
1736,2017,8,8,6,316,251,10088,0,0,6,-9999,-9999
1737,2017,8,8,9,319,250,10048,0,0,4,-9999,-9999
1738,2017,8,8,12,301,257,10042,0,0,3,-9999,-9999
1739,2017,8,8,15,256,247,10093,0,0,8,170,-9999
1740,2017,8,8,18,246,242,10081,0,0,8,-9999,-9999
1741,2017,8,8,21,240,237,10081,0,0,8,-9999,-9999
1742,2017,8,9,0,241,235,10091,0,0,8,-9999,-9999
1743,2017,8,9,3,272,236,10101,0,0,8,-9999,-9999
1744,2017,8,9,6,305,251,10077,0,0,8,-9999,-9999
1745,2017,8,9,9,325,262,10044,0,0,5,-9999,-9999
1746,2017,8,9,12,288,237,10051,0,0,7,-9999,-9999
1747,2017,8,9,15,245,215,10094,0,0,8,-9999,-9999
1748,2017,8,9,18,237,230,10090,0,0,8,-9999,-9999
1749,2017,8,9,21,237,231,10082,0,0,6,-9999,-9999
1750,2017,8,10,0,242,239,10078,0,0,8,-9999,-9999
1751,2017,8,10,3,303,249,10080,0,0,6,-9999,-9999
1752,2017,8,10,6,308,239,10065,0,0,7,-9999,-9999
1753,2017,8,10,9,326,254,10039,0,0,4,-9999,-9999
1754,2017,8,10,12,290,235,10045,0,0,6,-9999,-9999
1755,2017,8,10,15,272,237,10072,0,0,6,-9999,-9999
1756,2017,8,10,18,250,237,10076,0,0,6,-9999,-9999
1757,2017,8,10,21,245,227,10071,0,0,6,-9999,-9999
1758,2017,8,11,0,243,233,10081,0,0,8,-9999,-9999
1759,2017,8,11,3,300,233,10077,0,0,5,-9999,-9999
1760,2017,8,11,6,313,252,10063,0,0,7,-9999,-9999
1761,2017,8,11,9,330,220,10032,0,0,5,-9999,-9999
1762,2017,8,11,12,295,245,10048,0,0,5,-9999,-9999
1763,2017,8,11,15,270,241,10076,0,0,2,-9999,-9999
1764,2017,8,11,18,260,238,10079,0,0,6,-9999,-9999
1765,2017,8,11,21,250,235,10071,0,0,6,-9999,-9999
1766,2017,8,12,0,255,240,10082,0,0,7,-9999,-9999
1767,2017,8,12,3,296,250,10091,0,0,3,-9999,-9999
1768,2017,8,12,6,325,247,10066,0,0,6,-9999,-9999
1769,2017,8,12,9,330,211,10042,0,0,4,-9999,-9999
1770,2017,8,12,12,290,232,10051,0,0,3,-9999,-9999
1771,2017,8,12,15,260,235,10084,0,0,7,10,-9999
1772,2017,8,12,18,255,240,10082,0,0,6,-9999,-9999
1773,2017,8,12,21,250,238,10075,0,0,7,-9999,-9999
1774,2017,8,13,0,255,236,10084,0,0,3,-9999,-9999
1775,2017,8,13,3,310,238,10082,0,0,2,-9999,-9999
1776,2017,8,13,6,315,247,10076,0,0,6,-9999,-9999
1777,2017,8,13,9,320,266,10053,0,0,4,-9999,-9999
1778,2017,8,13,12,298,266,10057,0,0,7,-9999,-9999
1779,2017,8,13,15,280,259,10080,0,0,6,-9999,-9999
1780,2017,8,13,18,269,256,10085,0,0,6,-9999,-9999
1781,2017,8,13,21,263,251,10078,0,0,5,-9999,-9999
1782,2017,8,14,0,261,254,10089,0,0,8,-9999,-9999
1783,2017,8,14,3,295,254,10089,0,0,6,-9999,-9999
1784,2017,8,14,6,322,261,10070,0,0,7,-9999,-9999
1785,2017,8,14,9,264,258,10060,0,0,8,-9999,-9999
1786,2017,8,14,12,260,254,10073,0,0,8,1,-9999
1787,2017,8,14,15,257,253,10086,0,0,8,-9999,-9999
1788,2017,8,14,18,256,253,10073,0,0,6,-9999,-9999
1789,2017,8,14,21,256,253,10073,0,0,6,-9999,-9999
1790,2017,8,15,0,261,257,10069,0,0,8,-9999,-9999
1791,2017,8,15,3,275,265,10074,0,0,8,-9999,-9999
1792,2017,8,15,6,300,267,10050,0,0,8,-9999,1
1793,2017,8,15,9,306,263,10021,150,26,8,-9999,-9999
1794,2017,8,15,12,240,231,10051,0,0,8,-9999,-9999
1795,2017,8,15,15,242,235,10071,0,0,8,-9999,-9999
1796,2017,8,15,21,235,228,10056,0,0,8,-9999,-9999
1797,2017,8,16,0,235,232,10055,0,0,8,-9999,-9999
1798,2017,8,16,3,243,239,10055,0,0,8,-9999,-9999
1799,2017,8,16,6,263,249,10049,0,0,8,-9999,40
1800,2017,8,16,9,289,255,10019,0,0,8,-9999,-9999
1801,2017,8,16,12,265,245,10034,0,0,7,-9999,-9999
1802,2017,8,16,15,252,234,10051,0,0,7,-9999,-9999
1803,2017,8,16,18,240,233,10054,0,0,6,-9999,-9999
1804,2017,8,16,21,238,232,10045,0,0,6,-9999,-9999
1805,2017,8,17,0,233,225,10058,0,0,8,-9999,-9999
1806,2017,8,17,3,286,226,10065,0,0,7,-9999,-9999
1807,2017,8,17,6,300,250,10046,0,0,6,-9999,-9999
1808,2017,8,17,9,300,250,10023,0,0,6,-9999,-9999
1809,2017,8,17,12,285,249,10038,0,0,6,-9999,-9999
1810,2017,8,17,15,260,231,10062,0,0,6,-9999,-9999
1811,2017,8,17,18,254,233,10060,0,0,6,-9999,-9999
1812,2017,8,17,21,240,228,10055,0,0,8,-9999,-9999
1813,2017,8,18,0,240,233,10077,0,0,6,-9999,-9999
1814,2017,8,18,3,280,244,10084,0,0,6,-9999,-9999
1815,2017,8,18,6,290,255,10067,0,0,6,3,7
1816,2017,8,18,9,265,251,10059,0,0,6,-9999,-9999
1817,2017,8,18,12,250,235,10065,0,0,6,-9999,-9999
1818,2017,8,18,15,240,225,10095,0,0,2,-9999,-9999
1819,2017,8,18,18,235,228,10086,0,0,0,-9999,-9999
1820,2017,8,18,21,230,224,10082,0,0,8,30,-9999
1821,2017,8,19,0,247,244,10090,0,0,7,-9999,-9999
1822,2017,8,19,3,285,264,10092,0,0,7,-9999,-9999
1823,2017,8,19,6,305,256,10073,0,0,3,-9999,2
1824,2017,8,19,9,290,259,10055,0,0,4,-9999,-9999
1825,2017,8,19,12,274,257,10061,0,0,4,-9999,-9999
1826,2017,8,19,15,233,224,10102,0,0,8,-9999,-9999
1827,2017,8,19,18,231,226,10089,0,0,8,-9999,-9999
1828,2017,8,19,21,231,228,10080,0,0,8,-9999,-9999
1829,2017,8,20,0,230,224,10085,0,0,8,-9999,-9999
1830,2017,8,20,3,260,237,10089,0,0,8,-9999,-9999
1831,2017,8,20,6,299,243,10056,150,15,6,-9999,-9999
1832,2017,8,20,9,298,251,10034,0,0,6,-9999,-9999
1833,2017,8,20,12,262,242,10047,160,21,8,-9999,-9999
1834,2017,8,20,15,251,236,10072,0,0,8,-9999,-9999
1835,2017,8,20,18,238,229,10067,0,0,8,-9999,-9999
1836,2017,8,20,21,232,229,10058,0,0,8,-9999,-9999
1837,2017,8,21,0,235,230,10068,0,0,8,-9999,-9999
1838,2017,8,21,3,266,246,10072,0,0,8,-9999,-9999
1839,2017,8,21,6,296,252,10051,0,0,6,-9999,3
1840,2017,8,21,9,310,249,10020,0,0,6,-9999,-9999
1841,2017,8,21,12,270,243,10031,0,0,8,-9999,-9999
1842,2017,8,21,15,262,237,10055,0,0,8,-9999,-9999
1843,2017,8,21,18,245,233,10058,0,0,7,-9999,-9999
1844,2017,8,21,21,242,235,10052,0,0,6,-9999,-9999
1845,2017,8,22,0,245,238,10059,0,0,4,-9999,-9999
1846,2017,8,22,3,290,239,10060,0,0,4,-9999,-9999
1847,2017,8,22,6,318,242,10038,0,0,4,-9999,-9999
1848,2017,8,22,9,316,254,10021,100,21,6,-9999,-9999
1849,2017,8,22,12,278,254,10027,0,0,4,-9999,-9999
1850,2017,8,22,15,275,254,10047,0,0,4,-9999,-9999
1851,2017,8,22,18,256,234,10048,0,0,4,-9999,-9999
1852,2017,8,22,21,246,233,10045,0,0,4,-9999,-9999
1853,2017,8,23,0,245,238,10059,0,0,5,-9999,-9999
1854,2017,8,23,3,308,239,10055,0,0,4,-9999,-9999
1855,2017,8,23,6,325,231,10030,260,21,3,-9999,-9999
1856,2017,8,23,9,340,248,10003,0,0,2,-9999,-9999
1857,2017,8,23,12,305,240,10007,140,21,2,-9999,-9999
1858,2017,8,23,15,290,232,10033,120,15,2,-9999,-9999
1859,2017,8,23,18,260,231,10030,0,0,6,-9999,-9999
1860,2017,8,23,21,245,223,10047,40,21,8,-9999,-9999
1861,2017,8,24,0,233,228,10061,0,0,8,-9999,-9999
1862,2017,8,24,3,240,233,10072,0,0,8,-9999,-9999
1863,2017,8,24,6,260,223,10051,0,0,8,-9999,160
1864,2017,8,24,9,270,241,10030,100,15,6,-9999,-9999
1865,2017,8,24,12,265,243,10031,0,0,7,-9999,-9999
1866,2017,8,24,15,250,238,10040,0,0,8,-9999,-9999
1867,2017,8,24,18,250,240,10031,120,15,8,-9999,-9999
1868,2017,8,24,21,245,238,10029,100,21,7,-9999,-9999
1869,2017,8,25,0,247,237,10038,120,41,8,-9999,-9999
1870,2017,8,25,3,261,239,10053,150,21,8,-9999,-9999
1871,2017,8,25,6,278,246,10043,140,10,8,-9999,0
1872,2017,8,25,9,278,245,10027,160,26,8,-9999,-9999
1873,2017,8,25,12,267,227,10037,190,26,8,-9999,-9999
1874,2017,8,25,15,256,241,10056,0,0,8,-9999,-9999
1875,2017,8,25,18,253,241,10050,0,0,8,-9999,-9999
1876,2017,8,25,21,240,233,10047,0,0,8,-9999,-9999
1877,2017,8,26,0,241,234,10055,0,0,8,-9999,-9999
1878,2017,8,26,3,262,239,10070,0,0,8,-9999,-9999
1879,2017,8,26,6,296,230,10042,240,10,6,-9999,0
1880,2017,8,26,9,312,240,10019,60,10,8,-9999,-9999
1881,2017,8,26,12,275,242,10034,0,0,8,-9999,-9999
1882,2017,8,26,15,260,246,10060,0,0,8,1,-9999
1883,2017,8,26,18,255,246,10058,0,0,8,-9999,-9999
1884,2017,8,26,21,250,243,10050,0,0,8,-9999,-9999
1885,2017,8,27,0,246,239,10061,0,0,4,-9999,-9999
1886,2017,8,27,3,280,246,10065,0,0,4,-9999,-9999
1887,2017,8,27,6,310,240,10034,290,15,4,-9999,-9999
1888,2017,8,27,9,315,254,10012,0,0,5,-9999,-9999
1889,2017,8,27,12,285,249,10028,0,0,5,-9999,-9999
1890,2017,8,27,15,262,250,10052,0,0,5,-9999,-9999
1891,2017,8,27,18,255,246,10058,0,0,8,-9999,-9999
1892,2017,8,27,21,245,233,10049,0,0,5,-9999,-9999
1893,2017,8,28,0,247,237,10065,0,0,6,-9999,-9999
1894,2017,8,28,3,282,242,10071,0,0,3,-9999,-9999
1895,2017,8,28,6,330,240,10042,260,15,5,-9999,-9999
1896,2017,8,28,9,340,240,10007,0,0,4,-9999,-9999
1897,2017,8,28,12,295,252,10025,0,0,5,-9999,-9999
1898,2017,8,28,15,277,239,10052,0,0,4,-9999,-9999
1899,2017,8,28,18,260,243,10045,0,0,5,-9999,-9999
1900,2017,8,28,21,252,239,10035,110,15,4,-9999,-9999
1901,2017,8,29,0,257,238,10060,0,0,8,-9999,-9999
1902,2017,8,29,3,290,247,10065,0,0,8,-9999,-9999
1903,2017,8,29,6,300,250,10046,0,0,7,-9999,-9999
1904,2017,8,29,9,305,232,10022,200,21,7,-9999,-9999
1905,2017,8,29,12,245,238,10051,0,0,8,-9999,-9999
1906,2017,8,29,15,235,228,10070,0,0,8,-9999,-9999
1907,2017,8,29,18,240,234,10062,0,0,8,-9999,-9999
1908,2017,8,29,21,230,224,10055,0,0,8,-9999,-9999
1909,2017,8,30,0,233,228,10068,0,0,8,-9999,-9999
1910,2017,8,30,3,255,233,10081,0,0,8,-9999,-9999
1911,2017,8,30,6,265,243,10067,120,15,8,-9999,40
1912,2017,8,30,9,250,243,10051,70,15,8,-9999,-9999
1913,2017,8,30,12,260,253,10064,0,0,8,-9999,-9999
1914,2017,8,30,15,248,236,10083,160,26,7,-9999,-9999
1915,2017,8,30,18,230,222,10087,180,26,8,80,-9999
1916,2017,8,30,21,230,225,10074,0,0,8,-9999,-9999
1917,2017,8,31,0,242,239,10093,0,0,8,-9999,-9999
1918,2017,8,31,3,285,249,10096,0,0,5,-9999,-9999
1919,2017,8,31,6,291,242,10072,0,0,6,-9999,2
1920,2017,8,31,9,285,249,10048,170,31,6,-9999,-9999
1921,2017,8,31,12,278,249,10059,0,0,5,-9999,-9999
1922,2017,8,31,15,270,250,10082,160,15,4,-9999,-9999
1923,2017,8,31,18,257,247,10077,0,0,5,-9999,-9999
1924,2017,8,31,21,251,244,10073,0,0,5,-9999,-9999
1925,2017,9,1,0,256,241,10084,0,0,6,-9999,-9999
1926,2017,9,1,3,285,246,10094,130,15,7,-9999,-9999
1927,2017,9,1,6,315,251,10066,100,15,7,-9999,-9999
1928,2017,9,1,9,300,267,10040,0,0,7,20,-9999
1929,2017,9,1,12,280,253,10051,0,0,7,-1,-9999
1930,2017,9,1,15,272,236,10071,190,10,5,-9999,-9999
1931,2017,9,1,18,261,245,10068,0,0,6,-9999,-9999
1932,2017,9,1,21,252,236,10064,0,0,8,-9999,-9999
1933,2017,9,2,0,250,235,10077,0,0,7,-9999,-9999
1934,2017,9,2,3,294,231,10075,0,0,5,-9999,-9999
1935,2017,9,2,6,316,235,10054,0,0,5,-9999,-9999
1936,2017,9,2,9,320,233,10024,0,0,6,-9999,-9999
1937,2017,9,2,12,290,232,10039,0,0,4,-9999,-9999
1938,2017,9,2,15,280,244,10065,0,0,8,-9999,-9999
1939,2017,9,2,18,260,246,10058,0,0,3,-9999,-9999
1940,2017,9,2,21,245,233,10045,0,0,6,-9999,-9999
1941,2017,9,3,0,255,243,10062,0,0,5,-9999,-9999
1942,2017,9,3,3,295,245,10076,0,0,4,-9999,-9999
1943,2017,9,3,6,335,234,10047,0,0,5,-9999,-9999
1944,2017,9,3,9,300,250,10036,110,15,6,-9999,-9999
1945,2017,9,3,12,282,251,10039,0,0,3,-9999,-9999
1946,2017,9,3,15,275,239,10066,0,0,2,-9999,-9999
1947,2017,9,3,18,260,231,10058,0,0,6,-9999,-9999
1948,2017,9,3,21,252,239,10040,0,0,2,-9999,-9999
1949,2017,9,4,0,255,240,10066,0,0,5,-9999,-9999
1950,2017,9,4,3,305,256,10076,0,0,2,-9999,-9999
1951,2017,9,4,6,324,247,10050,0,0,6,-9999,-9999
1952,2017,9,4,9,330,245,10029,0,0,5,-9999,-9999
1953,2017,9,4,12,292,254,10039,0,0,4,-9999,-9999
1954,2017,9,4,15,275,239,10068,0,0,4,-9999,-9999
1955,2017,9,4,18,268,239,10067,0,0,4,-9999,-9999
1956,2017,9,4,21,258,241,10056,0,0,5,-9999,-9999
1957,2017,9,5,0,260,251,10069,0,0,5,-9999,-9999
1958,2017,9,5,3,310,241,10078,0,0,5,-9999,-9999
1959,2017,9,5,6,303,244,10060,0,0,7,-9999,-9999
1960,2017,9,5,9,290,255,10047,0,0,8,-9999,-9999
1961,2017,9,5,12,262,250,10067,0,0,8,10,-9999
1962,2017,9,5,15,252,243,10089,0,0,8,-9999,-9999
1963,2017,9,5,18,246,237,10081,0,0,8,-9999,-9999
1964,2017,9,5,21,245,238,10069,0,0,6,-9999,-9999
1965,2017,9,6,0,247,243,10077,0,0,6,-9999,-9999
1966,2017,9,6,3,287,247,10088,0,0,6,-9999,-9999
1967,2017,9,6,6,314,252,10061,0,0,6,-9999,-9999
1968,2017,9,6,9,267,250,10058,150,21,8,50,-9999
1969,2017,9,6,12,245,238,10071,0,0,8,-9999,-9999
1970,2017,9,6,15,240,234,10095,0,0,8,-9999,-9999
1971,2017,9,6,18,235,229,10089,160,41,8,-9999,-9999
1972,2017,9,6,21,236,230,10074,0,0,8,-9999,-9999
1973,2017,9,7,0,245,238,10093,0,0,8,-9999,-9999
1974,2017,9,7,3,260,241,10102,0,0,8,-9999,-9999
1975,2017,9,7,6,300,243,10073,250,15,6,-9999,-9999
1976,2017,9,7,9,288,249,10047,0,0,7,4,-9999
1977,2017,9,7,12,262,245,10073,0,0,8,-9999,-9999
1978,2017,9,7,15,239,233,10103,130,10,8,-9999,-9999
1979,2017,9,7,18,235,230,10088,0,0,8,-9999,-9999
1980,2017,9,7,21,232,227,10076,0,0,4,-9999,-9999
1981,2017,9,8,0,235,229,10097,0,0,8,-9999,-9999
1982,2017,9,8,3,263,237,10108,0,0,6,-9999,-9999
1983,2017,9,8,6,302,242,10081,0,0,7,-9999,-9999
1984,2017,9,8,9,300,235,10048,0,0,6,-9999,-9999
1985,2017,9,8,12,266,231,10070,0,0,6,-9999,-9999
1986,2017,9,8,15,242,233,10095,0,0,8,-9999,-9999
1987,2017,9,8,18,237,227,10090,0,0,8,-9999,-9999
1988,2017,9,8,21,237,231,10080,0,0,7,-9999,-9999
1989,2017,9,9,0,243,239,10086,0,0,8,-9999,-9999
1990,2017,9,9,3,277,239,10090,0,0,8,-9999,-9999
1991,2017,9,9,9,268,240,10059,0,0,8,-9999,-9999
1992,2017,9,9,12,242,230,10074,0,0,6,-9999,-9999
1993,2017,9,9,15,243,236,10092,0,0,8,-9999,-9999
1994,2017,9,9,18,240,234,10086,0,0,6,2,-9999
1995,2017,9,9,21,238,231,10074,0,0,6,-9999,-9999
1996,2017,9,10,0,240,233,10086,0,0,8,-9999,-9999
1997,2017,9,10,3,274,242,10109,0,0,6,-9999,-9999
1998,2017,9,10,6,297,246,10087,0,0,7,-9999,-9999
1999,2017,9,10,9,304,250,10066,0,0,8,-9999,-9999
2000,2017,9,10,12,252,245,10076,0,0,8,-9999,-9999
2001,2017,9,10,15,245,238,10105,0,0,8,-9999,-9999
2002,2017,9,10,18,248,242,10103,0,0,8,-9999,-9999
2003,2017,9,10,21,247,243,10089,0,0,8,-9999,-9999
2004,2017,9,11,0,248,244,10097,0,0,8,-9999,-9999
2005,2017,9,11,3,281,244,10104,0,0,6,-9999,-9999
2006,2017,9,11,6,315,253,10082,0,0,6,-9999,-9999
2007,2017,9,11,9,276,247,10070,200,10,5,-9999,-9999
2008,2017,9,11,12,285,251,10076,0,0,6,-9999,-9999
2009,2017,9,11,15,262,253,10109,0,0,8,2,-9999
2010,2017,9,11,18,241,235,10113,0,0,5,-9999,-9999
2011,2017,9,11,21,237,233,10107,0,0,8,-9999,-9999
2012,2017,9,12,0,236,233,10124,0,0,4,-9999,-9999
2013,2017,9,12,3,281,241,10118,0,0,3,-9999,-9999
2014,2017,9,12,6,320,249,10086,0,0,3,-9999,-9999
2015,2017,9,12,9,330,245,10061,0,0,3,-9999,-9999
2016,2017,9,12,12,270,241,10084,0,0,6,-9999,-9999
2017,2017,9,12,15,252,234,10110,0,0,3,-9999,-9999
2018,2017,9,12,18,250,235,10103,0,0,2,-9999,-9999
2019,2017,9,12,21,240,228,10099,0,0,0,-9999,-9999
2020,2017,9,13,0,252,246,10108,0,0,6,-9999,-9999
2021,2017,9,13,3,295,245,10117,0,0,3,-9999,-9999
2022,2017,9,13,6,320,233,10082,0,0,4,-9999,-9999
2023,2017,9,13,9,335,242,10059,0,0,3,-9999,-9999
2024,2017,9,13,12,298,228,10063,0,0,3,-9999,-9999
2025,2017,9,13,15,280,236,10087,0,0,3,-9999,-9999
2026,2017,9,13,18,270,241,10080,0,0,3,-9999,-9999
2027,2017,9,13,21,255,240,10077,0,0,0,-9999,-9999
2028,2017,9,14,0,262,252,10081,0,0,6,-9999,-9999
2029,2017,9,14,3,295,252,10083,0,0,3,-9999,-9999
2030,2017,9,14,6,328,253,10049,0,0,4,-9999,-9999
2031,2017,9,14,9,296,226,10034,0,0,6,-9999,-9999
2032,2017,9,14,12,267,238,10046,0,0,6,-9999,-9999
2033,2017,9,14,15,255,240,10068,0,0,4,-9999,-9999
2034,2017,9,14,18,249,236,10059,0,0,5,-9999,-9999
2035,2017,9,14,21,240,233,10052,0,0,5,-9999,-9999
2036,2017,9,15,0,250,244,10059,0,0,8,-9999,-9999
2037,2017,9,15,3,292,246,10064,0,0,6,-9999,-9999
2038,2017,9,15,6,323,256,10034,0,0,7,-9999,-9999
2039,2017,9,15,9,331,238,10001,0,0,6,-9999,-9999
2040,2017,9,15,12,288,239,10014,0,0,6,-9999,-9999
2041,2017,9,15,15,266,240,10034,0,0,6,-9999,-9999
2042,2017,9,15,18,258,241,10019,0,0,7,-9999,-9999
2043,2017,9,15,21,256,249,10012,0,0,8,4,-9999
2044,2017,9,16,0,255,248,10029,0,0,8,-9999,-9999
2045,2017,9,16,3,253,241,10045,0,0,8,-9999,-9999
2046,2017,9,16,6,255,240,10033,0,0,8,-9999,70
2047,2017,9,16,9,240,233,10024,0,0,8,-9999,-9999
2048,2017,9,16,12,237,234,10057,0,0,8,-9999,-9999
2049,2017,9,16,15,235,232,10084,0,0,8,-9999,-9999
2050,2017,9,16,18,235,232,10083,0,0,8,-9999,-9999
2051,2017,9,16,21,233,228,10078,0,0,8,-9999,-9999
2052,2017,9,17,0,242,239,10099,0,0,8,-9999,-9999
2053,2017,9,17,3,280,259,10108,0,0,7,-9999,-9999
2054,2017,9,17,6,275,254,10093,0,0,7,-9999,50
2055,2017,9,17,9,250,243,10075,150,15,7,-9999,-9999
2056,2017,9,17,12,250,243,10089,0,0,6,-9999,-9999
2057,2017,9,17,15,245,238,10112,160,26,7,-9999,-9999
2058,2017,9,17,18,232,229,10098,100,15,6,-9999,-9999
2059,2017,9,17,21,240,234,10091,0,0,8,-9999,-9999
2060,2017,9,18,0,242,235,10110,160,21,6,-9999,-9999
2061,2017,9,18,3,280,236,10117,0,0,6,-9999,-9999
2062,2017,9,18,6,301,251,10092,140,41,6,-9999,-9999
2063,2017,9,18,9,302,251,10073,0,0,5,-9999,-9999
2064,2017,9,18,12,275,249,10084,0,0,4,-9999,-9999
2065,2017,9,18,15,259,247,10107,0,0,6,-9999,-9999
2066,2017,9,18,18,246,237,10098,0,0,4,-9999,-9999
2067,2017,9,18,21,238,226,10094,0,0,3,-9999,-9999
2068,2017,9,19,0,235,229,10108,0,0,4,-9999,-9999
2069,2017,9,19,3,287,242,10110,0,0,2,-9999,-9999
2070,2017,9,19,6,316,237,10080,0,0,4,-9999,-9999
2071,2017,9,19,9,326,240,10056,150,10,2,-9999,-9999
2072,2017,9,19,12,287,248,10075,0,0,3,-9999,-9999
2073,2017,9,19,15,265,254,10101,0,0,3,-9999,-9999
2074,2017,9,19,18,255,248,10090,0,0,3,-9999,-9999
2075,2017,9,19,21,250,244,10081,0,0,2,-9999,-9999
2076,2017,9,20,0,250,246,10093,0,0,2,-9999,-9999
2077,2017,9,20,3,285,252,10099,0,0,2,-9999,-9999
2078,2017,9,20,6,330,253,10071,160,15,2,-9999,-9999
2079,2017,9,20,9,328,246,10045,200,36,8,-9999,-9999
2080,2017,9,20,12,290,243,10051,0,0,4,-9999,-9999
2081,2017,9,20,15,263,251,10079,0,0,4,-9999,-9999
2082,2017,9,20,18,252,237,10077,0,0,4,-9999,-9999
2083,2017,9,20,21,242,235,10069,0,0,4,-9999,-9999
2084,2017,9,21,0,244,238,10078,0,0,8,-9999,-9999
2085,2017,9,21,3,277,256,10083,0,0,8,-9999,-9999
2086,2017,9,21,6,313,264,10059,0,0,7,-9999,-9999
2087,2017,9,21,9,272,240,10048,0,0,7,-9999,-9999
2088,2017,9,21,12,262,248,10053,0,0,5,-9999,-9999
2089,2017,9,21,15,253,234,10078,0,0,4,-9999,-9999
2090,2017,9,21,18,245,238,10075,0,0,4,-9999,-9999
2091,2017,9,21,21,247,237,10069,0,0,5,-9999,-9999
2092,2017,9,22,0,246,242,10089,0,0,8,-9999,-9999
2093,2017,9,22,3,275,258,10097,0,0,6,-9999,-9999
2094,2017,9,22,6,307,231,10067,0,0,3,-9999,20
2095,2017,9,22,9,310,222,10040,0,0,4,-9999,-9999
2096,2017,9,22,12,285,234,10053,0,0,2,-9999,-9999
2097,2017,9,22,15,260,231,10082,0,0,0,-9999,-9999
2098,2017,9,22,18,250,235,10082,0,0,0,-9999,-9999
2099,2017,9,22,21,243,231,10081,0,0,5,-9999,-9999
2100,2017,9,23,0,248,239,10093,0,0,8,-9999,-9999
2101,2017,9,23,3,280,244,10106,0,0,4,-9999,-9999
2102,2017,9,23,6,245,230,10093,0,0,8,-9999,190
2103,2017,9,23,9,270,241,10061,0,0,5,-9999,-9999
2104,2017,9,23,12,255,243,10067,0,0,6,-9999,-9999
2105,2017,9,23,15,253,237,10089,0,0,6,-9999,-9999
2106,2017,9,23,18,250,238,10086,0,0,6,-9999,-9999
2107,2017,9,23,21,245,238,10073,0,0,0,-9999,-9999
2108,2017,9,24,0,245,242,10087,0,0,6,-9999,-9999
2109,2017,9,24,3,295,245,10086,0,0,6,-9999,-9999
2110,2017,9,24,6,315,245,10058,0,0,3,-9999,-9999
2111,2017,9,24,9,307,262,10040,0,0,3,-9999,-9999
2112,2017,9,24,12,282,256,10045,0,0,3,-9999,-9999
2113,2017,9,24,15,265,252,10065,0,0,4,-9999,-9999
2114,2017,9,24,18,260,250,10064,0,0,3,-9999,-9999
2115,2017,9,24,21,255,248,10058,0,0,3,-9999,-9999
2116,2017,9,25,0,250,244,10063,0,0,6,-9999,-9999
2117,2017,9,25,3,295,254,10064,0,0,6,-9999,-9999
2118,2017,9,25,6,322,248,10042,220,31,6,-9999,-9999
2119,2017,9,25,9,325,253,10018,0,0,8,-9999,-9999
2120,2017,9,25,12,294,254,10029,0,0,6,-9999,-9999
2121,2017,9,25,15,276,253,10060,0,0,6,-9999,-9999
2122,2017,9,25,18,266,243,10055,0,0,6,-9999,-9999
2123,2017,9,25,21,260,246,10054,130,15,8,-9999,-9999
2124,2017,9,26,0,255,236,10075,100,26,6,-9999,-9999
2125,2017,9,26,3,282,243,10093,190,41,8,-9999,-9999
2126,2017,9,26,6,320,235,10065,170,57,2,-9999,0
2127,2017,9,26,9,290,249,10056,140,21,6,-9999,-9999
2128,2017,9,26,12,272,249,10073,310,10,3,-9999,-9999
2129,2017,9,26,15,256,247,10102,90,10,3,-9999,-9999
2130,2017,9,26,18,250,243,10097,0,0,2,-9999,-9999
2131,2017,9,26,21,250,244,10088,30,26,5,-9999,-9999
2132,2017,9,27,0,246,240,10102,0,0,8,-1,-9999
2133,2017,9,27,3,255,240,10116,170,10,8,-9999,-9999
2134,2017,9,27,6,280,244,10091,0,0,8,-9999,20
2135,2017,9,27,9,315,164,10060,0,0,4,-9999,-9999
2136,2017,9,27,12,272,240,10077,0,0,4,-9999,-9999
2137,2017,9,27,15,260,240,10094,0,0,2,-9999,-9999
2138,2017,9,27,18,250,235,10097,0,0,0,-9999,-9999
2139,2017,9,27,21,240,228,10090,0,0,0,-9999,-9999
2140,2017,9,28,0,243,239,10096,0,0,8,-9999,-9999
2141,2017,9,28,3,288,248,10104,0,0,6,-9999,-9999
2142,2017,9,28,6,310,238,10072,0,0,5,-9999,-9999
2143,2017,9,28,9,325,205,10042,0,0,5,-9999,-9999
2144,2017,9,28,12,280,236,10060,0,0,2,-9999,-9999
2145,2017,9,28,15,262,245,10090,0,0,0,-9999,-9999
2146,2017,9,28,18,245,233,10076,0,0,0,-9999,-9999
2147,2017,9,28,21,250,235,10070,0,0,6,-9999,-9999
2148,2017,9,29,0,225,217,10109,0,0,8,-9999,-9999
2149,2017,9,29,3,235,228,10126,0,0,8,-9999,-9999
2150,2017,9,29,6,265,236,10099,0,0,8,-9999,20
2151,2017,9,29,9,290,239,10071,0,0,6,-9999,-9999
2152,2017,9,29,12,265,243,10085,0,0,6,-9999,-9999
2153,2017,9,29,15,242,227,10108,0,0,6,-9999,-9999
2154,2017,9,29,18,237,227,10108,0,0,5,-9999,-9999
2155,2017,9,29,21,232,226,10102,0,0,6,-9999,-9999
2156,2017,9,30,0,235,230,10122,0,0,8,-9999,-9999
2157,2017,9,30,3,252,234,10137,0,0,8,-9999,-9999
2158,2017,9,30,6,291,233,10111,40,46,4,-9999,-9999
2159,2017,9,30,9,316,235,10075,0,0,4,-9999,-9999
2160,2017,9,30,12,280,251,10091,0,0,4,-9999,-9999
2161,2017,9,30,15,261,249,10115,0,0,3,-9999,-9999
2162,2017,9,30,18,251,244,10106,0,0,3,-9999,-9999
2163,2017,10,1,0,246,240,10113,0,0,5,-9999,-9999
2164,2017,10,1,3,275,248,10124,0,0,2,-9999,-9999
2165,2017,10,1,6,310,230,10081,0,0,4,-9999,-9999
2166,2017,10,1,9,331,254,10046,0,0,5,-9999,-9999
2167,2017,10,1,12,280,253,10067,0,0,4,-9999,-9999
2168,2017,10,1,15,260,246,10094,0,0,2,-9999,-9999
2169,2017,10,1,18,251,244,10085,0,0,2,-9999,-9999
2170,2017,10,1,21,248,242,10072,0,0,2,-9999,-9999
2171,2017,10,2,0,246,243,10096,0,0,2,-9999,-9999
2172,2017,10,2,3,270,250,10110,0,0,3,-9999,-9999
2173,2017,10,2,6,290,255,10079,0,0,8,4,4
2174,2017,10,2,9,310,247,10048,0,0,5,-9999,-9999
2175,2017,10,2,12,276,253,10055,0,0,4,-9999,-9999
2176,2017,10,2,15,260,247,10092,0,0,3,-9999,-9999
2177,2017,10,2,18,250,240,10083,0,0,5,-9999,-9999
2178,2017,10,2,21,242,235,10077,0,0,5,-9999,-9999
2179,2017,10,3,0,242,235,10089,0,0,8,-9999,-9999
2180,2017,10,3,3,240,233,10120,0,0,8,-9999,-9999
2181,2017,10,3,6,300,243,10082,0,0,5,-9999,180
2182,2017,10,3,9,270,241,10066,20,15,8,1,-9999
2183,2017,10,3,12,240,233,10080,0,0,4,-9999,-9999
2184,2017,10,3,15,241,229,10095,0,0,6,-9999,-9999
2185,2017,10,3,18,237,230,10093,0,0,6,-9999,-9999
2186,2017,10,3,21,236,227,10087,0,0,5,-9999,-9999
2187,2017,10,4,0,240,237,10100,0,0,6,-9999,-9999
2188,2017,10,4,3,288,248,10102,0,0,6,-9999,-9999
2189,2017,10,4,6,298,259,10080,0,0,6,-9999,-9999
2190,2017,10,4,9,315,259,10050,0,0,6,-9999,-9999
2191,2017,10,4,12,240,225,10080,0,0,6,-9999,-9999
2192,2017,10,4,15,242,232,10100,0,0,8,-9999,-9999
2193,2017,10,4,18,232,226,10106,0,0,8,-9999,-9999
2194,2017,10,4,21,230,224,10100,60,26,8,-9999,-9999
2195,2017,10,5,0,240,233,10110,0,0,8,20,-9999
2196,2017,10,5,3,275,239,10116,30,15,6,-9999,-9999
2197,2017,10,5,6,300,235,10088,200,21,6,-9999,5
2198,2017,10,5,9,265,243,10080,0,0,7,-9999,-9999
2199,2017,10,5,12,240,225,10094,0,0,8,-9999,-9999
2200,2017,10,5,15,237,230,10114,0,0,8,-9999,-9999
2201,2017,10,5,18,235,230,10107,0,0,3,-9999,-9999
2202,2017,10,5,21,234,228,10107,0,0,2,-9999,-9999
2203,2017,10,6,0,240,236,10113,0,0,8,4,-9999
2204,2017,10,6,3,270,241,10123,280,21,6,-9999,-9999
2205,2017,10,6,6,296,238,10095,0,0,6,-9999,20
2206,2017,10,6,9,269,250,10075,0,0,7,-9999,-9999
2207,2017,10,6,12,251,244,10089,0,0,6,-9999,-9999
2208,2017,10,6,15,251,244,10116,0,0,6,-9999,-9999
2209,2017,10,6,18,246,240,10109,0,0,5,-9999,-9999
2210,2017,10,6,21,242,238,10101,0,0,4,-9999,-9999
2211,2017,10,7,0,242,239,10107,0,0,8,-1,-9999
2212,2017,10,7,3,265,251,10119,0,0,8,-9999,-9999
2213,2017,10,7,6,311,247,10078,0,0,4,-9999,20
2214,2017,10,7,9,306,255,10053,0,0,3,-9999,-9999
2215,2017,10,7,12,281,245,10071,120,26,7,-1,-9999
2216,2017,10,7,15,252,243,10099,0,0,8,-9999,-9999
2217,2017,10,7,18,245,238,10093,0,0,8,-9999,-9999
2218,2017,10,7,21,241,238,10090,0,0,8,-9999,-9999
2219,2017,10,8,0,241,238,10123,0,0,8,-9999,-9999
2220,2017,10,8,3,260,240,10121,0,0,7,-9999,-9999
2221,2017,10,8,6,296,253,10086,0,0,6,-9999,20
2222,2017,10,8,9,305,256,10061,0,0,6,-9999,-9999
2223,2017,10,8,12,268,243,10072,0,0,6,-9999,-9999
2224,2017,10,8,15,258,245,10108,0,0,6,-9999,-9999
2225,2017,10,8,18,150,134,10121,0,0,5,-9999,-9999
2226,2017,10,8,21,240,231,10098,0,0,5,-9999,-9999
2227,2017,10,9,0,240,236,10111,0,0,6,-9999,-9999
2228,2017,10,9,3,272,248,10115,0,0,6,-9999,-9999
2229,2017,10,9,6,300,246,10083,0,0,5,-9999,-9999
2230,2017,10,9,9,316,243,10046,0,0,6,-9999,-9999
2231,2017,10,9,12,255,248,10064,0,0,6,-9999,-9999
2232,2017,10,9,15,246,239,10079,0,0,4,-9999,-9999
2233,2017,10,9,18,240,233,10076,0,0,5,-9999,-9999
2234,2017,10,9,21,237,231,10062,0,0,5,-9999,-9999
2235,2017,10,10,0,237,234,10069,0,0,9,-9999,-9999
2236,2017,10,10,3,289,248,10072,0,0,5,-9999,-9999
2237,2017,10,10,6,310,254,10044,0,0,7,-9999,-9999
2238,2017,10,10,9,298,259,10027,0,0,8,-9999,-9999
2239,2017,10,10,12,260,246,10041,0,0,8,8,-9999
2240,2017,10,10,15,245,238,10051,0,0,8,-9999,-9999
2241,2017,10,10,18,235,228,10045,0,0,8,-9999,-9999
2242,2017,10,10,21,230,225,10049,0,0,8,-9999,-9999
2243,2017,10,11,0,232,229,10072,0,0,8,-9999,-9999
2244,2017,10,11,3,245,238,10094,0,0,8,-9999,-9999
2245,2017,10,11,6,270,248,10069,0,0,7,-9999,30
2246,2017,10,11,9,255,233,10056,0,0,8,9,-9999
2247,2017,10,11,12,247,243,10075,0,0,6,-9999,-9999
2248,2017,10,11,15,243,236,10097,0,0,8,-9999,-9999
2249,2017,10,11,18,240,233,10090,0,0,6,-9999,-9999
2250,2017,10,11,21,235,228,10080,0,0,6,-9999,-9999
2251,2017,10,12,0,240,234,10096,0,0,6,-9999,-9999
2252,2017,10,12,3,267,238,10108,0,0,6,-9999,-9999
2253,2017,10,12,6,291,242,10076,0,0,4,2,2
2254,2017,10,12,9,322,242,10040,0,0,3,-9999,-9999
2255,2017,10,12,12,271,251,10069,0,0,3,-9999,-9999
2256,2017,10,12,15,251,244,10091,0,0,2,-9999,-9999
2257,2017,10,12,18,247,240,10082,0,0,6,-9999,-9999
2258,2017,10,12,21,244,238,10076,0,0,4,-9999,-9999
2259,2017,10,13,0,246,240,10090,0,0,8,-9999,-9999
2260,2017,10,13,3,269,250,10096,0,0,7,-9999,-9999
2261,2017,10,13,6,307,241,10058,200,26,6,-9999,0
2262,2017,10,13,9,281,245,10048,110,15,7,-9999,-9999
2263,2017,10,13,12,256,241,10063,0,0,6,-9999,-9999
2264,2017,10,13,15,250,243,10084,0,0,6,-9999,-9999
2265,2017,10,13,18,248,241,10075,0,0,5,-9999,-9999
2266,2017,10,13,21,245,238,10067,0,0,6,-9999,-9999
2267,2017,10,14,0,246,240,10083,0,0,8,-9999,-9999
2268,2017,10,14,3,268,243,10094,0,0,7,-9999,-9999
2269,2017,10,14,6,305,237,10062,0,0,6,-9999,-9999
2270,2017,10,14,9,268,239,10048,0,0,8,4,-9999
2271,2017,10,14,12,250,238,10055,0,0,6,-9999,-9999
2272,2017,10,14,15,247,237,10074,0,0,7,-9999,-9999
2273,2017,10,14,18,246,231,10072,0,0,6,-9999,-9999
2274,2017,10,14,21,242,235,10059,0,0,6,-9999,-9999
2275,2017,10,15,0,242,235,10074,0,0,6,-9999,-9999
2276,2017,10,15,3,271,239,10086,0,0,6,-9999,-9999
2277,2017,10,15,6,305,239,10055,0,0,6,-9999,-9999
2278,2017,10,15,9,315,236,10046,0,0,5,-9999,-9999
2279,2017,10,15,12,280,251,10046,0,0,5,-9999,-9999
2280,2017,10,15,15,262,242,10070,0,0,4,-9999,-9999
2281,2017,10,15,18,252,245,10066,0,0,4,-9999,-9999
2282,2017,10,15,21,243,236,10059,0,0,4,-9999,-9999
2283,2017,10,16,0,244,238,10073,0,0,5,-9999,-9999
2284,2017,10,16,3,270,247,10085,0,0,7,-9999,-9999
2285,2017,10,16,6,295,245,10056,0,0,6,-9999,-9999
2286,2017,10,16,9,265,251,10050,0,0,8,-9999,-9999
2287,2017,10,16,12,250,235,10060,0,0,6,-9999,-9999
2288,2017,10,16,15,245,235,10077,0,0,6,-9999,-9999
2289,2017,10,16,18,240,225,10072,0,0,7,-9999,-9999
2290,2017,10,16,21,237,227,10066,0,0,5,-9999,-9999
2291,2017,10,17,0,240,236,10086,350,15,8,-9999,-9999
2292,2017,10,17,3,270,241,10103,0,0,6,-9999,-9999
2293,2017,10,17,6,295,245,10074,0,0,6,-9999,-9999
2294,2017,10,17,9,315,236,10046,0,0,4,-9999,-9999
2295,2017,10,17,12,261,245,10074,0,0,3,-9999,-9999
2296,2017,10,17,15,245,233,10100,0,0,3,-9999,-9999
2297,2017,10,17,18,240,233,10100,0,0,2,-9999,-9999
2298,2017,10,17,21,230,222,10098,0,0,7,20,-9999
2299,2017,10,18,0,225,217,10121,0,0,8,-9999,-9999
2300,2017,10,18,3,245,226,10136,0,0,7,-9999,-9999
2301,2017,10,18,6,281,222,10109,0,0,3,-9999,20
2302,2017,10,18,9,276,231,10096,0,0,6,-9999,-9999
2303,2017,10,18,12,256,234,10106,0,0,4,-9999,-9999
2304,2017,10,18,15,246,233,10130,0,0,6,-9999,-9999
2305,2017,10,18,18,241,232,10130,0,0,6,-9999,-9999
2306,2017,10,18,21,238,232,10121,0,0,8,-9999,-9999
2307,2017,10,19,0,235,229,10128,0,0,8,-9999,-9999
2308,2017,10,19,3,265,228,10139,0,0,5,-9999,-9999
2309,2017,10,19,6,290,216,10117,0,0,6,-9999,-9999
2310,2017,10,19,9,306,232,10089,0,0,3,-9999,-9999
2311,2017,10,19,12,261,232,10102,0,0,6,-9999,-9999
2312,2017,10,19,15,250,235,10131,0,0,4,-9999,-9999
2313,2017,10,19,18,248,239,10130,0,0,3,-9999,-9999
2314,2017,10,19,21,246,240,10123,0,0,4,-9999,-9999
2315,2017,10,20,0,241,234,10131,0,0,4,-9999,-9999
2316,2017,10,20,3,285,239,10137,0,0,2,-9999,-9999
2317,2017,10,20,6,313,246,10103,0,0,4,-9999,-9999
2318,2017,10,20,9,316,227,10082,0,0,6,-9999,-9999
2319,2017,10,20,12,288,233,10090,0,0,6,-9999,-9999
2320,2017,10,20,15,268,236,10116,0,0,5,-9999,-9999
2321,2017,10,20,18,255,234,10110,0,0,5,-9999,-9999
2322,2017,10,20,21,247,234,10104,0,0,3,-9999,-9999
2323,2017,10,21,0,242,236,10114,0,0,8,-9999,-9999
2324,2017,10,21,3,295,229,10121,0,0,3,-9999,-9999
2325,2017,10,21,6,328,221,10086,0,0,4,-9999,-9999
2326,2017,10,21,9,330,229,10062,0,0,3,-9999,-9999
2327,2017,10,21,12,286,252,10077,0,0,3,-9999,-9999
2328,2017,10,21,15,286,252,10077,0,0,3,-9999,-9999
2329,2017,10,21,18,250,238,10097,0,0,3,-9999,-9999
2330,2017,10,22,0,238,232,10104,0,0,4,-9999,-9999
2331,2017,10,22,3,300,230,10110,0,0,5,-9999,-9999
2332,2017,10,22,6,330,245,10077,0,0,5,-9999,-9999
2333,2017,10,22,9,340,240,10049,0,0,6,-9999,-9999
2334,2017,10,22,12,288,248,10067,0,0,4,-9999,-9999
2335,2017,10,22,15,267,250,10092,0,0,4,-9999,-9999
2336,2017,10,22,18,255,243,10091,0,0,6,-9999,-9999
2337,2017,10,22,21,245,233,10091,0,0,8,-9999,-9999
2338,2017,10,23,0,240,233,10106,0,0,7,-9999,-9999
2339,2017,10,23,3,290,247,10117,0,0,6,-9999,-9999
2340,2017,10,23,6,310,238,10082,0,0,5,-9999,-9999
2341,2017,10,23,9,282,235,10075,0,0,6,-9999,-9999
2342,2017,10,23,12,275,239,10088,0,0,6,-9999,-9999
2343,2017,10,23,15,258,243,10124,0,0,7,-9999,-9999
2344,2017,10,23,18,253,241,10115,0,0,6,-9999,-9999
2345,2017,10,23,21,245,238,10114,0,0,5,-9999,-9999
2346,2017,10,24,0,245,230,10127,0,0,6,-9999,-9999
2347,2017,10,24,3,260,231,10152,0,0,7,-9999,-9999
2348,2017,10,24,6,295,231,10116,150,51,5,-9999,-9999
2349,2017,10,24,9,297,236,10101,140,21,3,-9999,-9999
2350,2017,10,24,12,271,241,10123,0,0,4,-9999,-9999
2351,2017,10,24,15,252,243,10149,0,0,3,-9999,-9999
2352,2017,10,24,18,245,236,10147,0,0,2,-9999,-9999
2353,2017,10,24,21,240,234,10141,0,0,2,-9999,-9999
2354,2017,10,25,0,241,218,10154,0,0,3,-9999,-9999
2355,2017,10,25,3,286,219,10166,140,15,2,-9999,-9999
2356,2017,10,25,6,295,223,10136,0,0,5,-9999,-9999
2357,2017,10,25,9,260,224,10129,320,10,7,-9999,-9999
2358,2017,10,25,12,252,231,10143,0,0,5,-9999,-9999
2359,2017,10,25,15,241,228,10159,0,0,6,-9999,-9999
2360,2017,10,25,18,239,229,10151,0,0,3,-9999,-9999
2361,2017,10,25,21,235,228,10149,0,0,2,-9999,-9999
2362,2017,10,26,0,235,228,10161,0,0,6,-9999,-9999
2363,2017,10,26,3,270,226,10162,320,10,3,-9999,-9999
2364,2017,10,26,6,305,216,10128,0,0,6,-9999,-9999
2365,2017,10,26,9,308,220,10102,0,0,6,-9999,-9999
2366,2017,10,26,12,275,223,10121,0,0,6,-9999,-9999
2367,2017,10,26,15,260,231,10139,0,0,6,-9999,-9999
2368,2017,10,26,18,230,215,10138,0,0,8,-9999,-9999
2369,2017,10,26,21,232,226,10129,0,0,6,-9999,-9999
2370,2017,10,27,0,237,234,10146,0,0,8,-9999,-9999
2371,2017,10,27,3,242,232,10155,0,0,8,-9999,-9999
2372,2017,10,27,6,282,235,10116,0,0,6,-9999,-9999
2373,2017,10,27,9,301,218,10091,0,0,4,-9999,-9999
2374,2017,10,27,12,270,241,10102,0,0,3,-9999,-9999
2375,2017,10,27,15,240,225,10119,0,0,3,-9999,-9999
2376,2017,10,27,18,236,227,10127,0,0,3,-9999,-9999
2377,2017,10,27,21,230,224,10123,0,0,3,-9999,-9999
2378,2017,10,28,0,228,223,10144,0,0,8,-1,-9999
2379,2017,10,28,3,262,222,10153,0,0,8,-9999,-9999
2380,2017,10,28,6,300,227,10117,280,15,6,-9999,3
2381,2017,10,28,9,295,245,10107,230,15,6,-9999,-9999
2382,2017,10,28,12,257,224,10122,0,0,6,-9999,-9999
2383,2017,10,28,15,240,225,10146,0,0,6,-9999,-9999
2384,2017,10,28,18,238,226,10149,0,0,6,-9999,-9999
2385,2017,10,28,21,234,225,10143,0,0,3,-9999,-9999
2386,2017,10,29,0,235,230,10157,0,0,7,-9999,-9999
2387,2017,10,29,3,267,227,10165,300,26,6,-9999,-9999
2388,2017,10,29,6,310,222,10138,340,26,3,-9999,-9999
2389,2017,10,29,9,305,208,10118,0,0,2,-9999,-9999
2390,2017,10,29,12,260,223,10134,0,0,0,-9999,-9999
2391,2017,10,29,15,233,213,10161,0,0,0,-9999,-9999
2392,2017,10,29,18,220,205,10160,0,0,0,-9999,-9999
2393,2017,10,29,21,212,203,10159,0,0,0,-9999,-9999
2394,2017,10,30,0,215,212,10178,0,0,6,-9999,-9999
2395,2017,10,30,3,270,263,10177,290,15,2,-9999,-9999
2396,2017,10,30,6,276,266,10146,340,15,2,-9999,-9999
2397,2017,10,30,9,275,173,10127,0,0,2,-9999,-9999
2398,2017,10,30,12,240,195,10145,0,0,6,-9999,-9999
2399,2017,10,30,15,205,192,10167,0,0,2,-9999,-9999
2400,2017,10,30,18,202,194,10169,0,0,2,-9999,-9999
2401,2017,10,30,21,192,184,10165,0,0,2,-9999,-9999
2402,2017,10,31,0,182,174,10178,0,0,2,-9999,-9999
2403,2017,10,31,3,240,169,10181,340,15,1,-9999,-9999
2404,2017,10,31,6,272,183,10145,0,0,1,-9999,-9999
2405,2017,10,31,9,281,181,10125,340,15,1,-9999,-9999
2406,2017,10,31,12,220,190,10154,0,0,1,-9999,-9999
2407,2017,10,31,15,198,170,10175,0,0,1,-9999,-9999
2408,2017,10,31,18,181,174,10172,0,0,1,-9999,-9999
2409,2017,10,31,21,170,167,10165,0,0,1,-9999,-9999
2410,2017,11,1,0,166,157,10180,0,0,1,-9999,-9999
2411,2017,11,1,3,237,178,10174,350,21,1,-9999,-9999
2412,2017,11,1,6,277,176,10137,280,15,0,-9999,-9999
2413,2017,11,1,9,288,172,10109,0,0,0,-9999,-9999
2414,2017,11,1,12,225,185,10134,0,0,2,-9999,-9999
2415,2017,11,1,15,198,173,10158,0,0,0,-9999,-9999
2416,2017,11,1,18,183,170,10145,0,0,0,-9999,-9999
2417,2017,11,1,21,173,161,10139,0,0,0,-9999,-9999
2418,2017,11,2,0,168,156,10151,0,0,2,-9999,-9999
2419,2017,11,2,3,225,187,10160,0,0,6,-9999,-9999
2420,2017,11,2,6,280,199,10118,270,15,4,-9999,-9999
2421,2017,11,2,9,280,204,10098,0,0,5,-9999,-9999
2422,2017,11,2,12,250,223,10107,0,0,6,-9999,-9999
2423,2017,11,2,15,225,192,10132,0,0,5,-9999,-9999
2424,2017,11,2,18,220,208,10129,0,0,6,-9999,-9999
2425,2017,11,2,21,202,192,10127,0,0,4,-9999,-9999
2426,2017,11,3,0,200,192,10147,0,0,6,-9999,-9999
2427,2017,11,3,3,260,207,10152,0,0,3,-9999,-9999
2428,2017,11,3,6,300,227,10116,0,0,4,-9999,-9999
2429,2017,11,3,9,295,177,10097,0,0,2,-9999,-9999
2430,2017,11,3,12,257,216,10122,0,0,5,-9999,-9999
2431,2017,11,3,15,235,212,10149,0,0,5,-9999,-9999
2432,2017,11,3,18,212,193,10150,0,0,2,-9999,-9999
2433,2017,11,3,21,200,184,10149,0,0,0,-9999,-9999
2434,2017,11,4,0,192,181,10160,0,0,2,-9999,-9999
2435,2017,11,4,3,265,228,10166,0,0,0,-9999,-9999
2436,2017,11,4,6,290,224,10127,30,21,2,-9999,-9999
2437,2017,11,4,9,298,211,10116,0,0,0,-9999,-9999
2438,2017,11,4,12,245,207,10137,0,0,0,-9999,-9999
2439,2017,11,4,15,194,153,10166,0,0,0,-9999,-9999
2440,2017,11,4,18,180,154,10162,0,0,0,-9999,-9999
2441,2017,11,4,21,170,153,10153,0,0,0,-9999,-9999
2442,2017,11,5,0,170,156,10174,0,0,0,-9999,-9999
2443,2017,11,5,3,240,209,10171,0,0,1,-9999,-9999
2444,2017,11,5,6,281,149,10138,350,15,1,-9999,-9999
2445,2017,11,5,9,287,175,10114,0,0,1,-9999,-9999
2446,2017,11,5,12,245,200,10132,0,0,5,-9999,-9999
2447,2017,11,5,15,225,203,10149,0,0,5,-9999,-9999
2448,2017,11,5,18,206,197,10142,0,0,8,-9999,-9999
2449,2017,11,5,21,210,188,10136,0,0,8,-9999,-9999
2450,2017,11,6,0,205,181,10146,0,0,6,-9999,-9999
2451,2017,11,6,3,237,178,10151,340,15,8,-9999,-9999
2452,2017,11,6,6,265,174,10126,0,0,7,-9999,-9999
2453,2017,11,6,9,254,193,10118,0,0,8,-9999,-9999
2454,2017,11,6,12,232,201,10135,0,0,5,-9999,-9999
2455,2017,11,6,15,220,201,10152,0,0,3,-9999,-9999
2456,2017,11,6,18,210,194,10146,0,0,6,-9999,-9999
2457,2017,11,6,21,205,197,10143,0,0,6,2,-9999
2458,2017,11,7,0,205,197,10156,0,0,7,-9999,-9999
2459,2017,11,7,3,231,211,10160,20,15,8,10,-9999
2460,2017,11,7,6,268,202,10125,0,0,8,-9999,20
2461,2017,11,7,9,260,202,10110,0,0,8,-9999,-9999
2462,2017,11,7,12,250,235,10126,0,0,8,-9999,-9999
2463,2017,11,7,15,236,215,10143,0,0,8,-9999,-9999
2464,2017,11,7,18,230,219,10140,0,0,8,-9999,-9999
2465,2017,11,7,21,226,212,10133,0,0,8,-9999,-9999
2466,2017,11,8,0,217,208,10150,0,0,6,-9999,-9999
2467,2017,11,8,3,252,208,10156,0,0,6,-9999,-9999
2468,2017,11,8,6,272,200,10132,0,0,8,-9999,-9999
2469,2017,11,8,9,272,207,10112,0,0,6,-9999,-9999
2470,2017,11,8,12,252,231,10121,0,0,8,-9999,-9999
2471,2017,11,8,15,241,225,10132,0,0,6,-9999,-9999
2472,2017,11,8,18,228,216,10132,0,0,8,-9999,-9999
2473,2017,11,8,21,224,212,10120,0,0,7,-9999,-9999
2474,2017,11,9,0,220,212,10132,0,0,8,-9999,-9999
2475,2017,11,9,3,245,215,10144,0,0,8,-9999,-9999
2476,2017,11,9,6,255,222,10121,0,0,8,-9999,-9999
2477,2017,11,9,9,280,221,10100,0,0,6,-9999,-9999
2478,2017,11,9,12,242,216,10117,0,0,5,-9999,-9999
2479,2017,11,9,15,234,213,10130,0,0,6,-9999,-9999
2480,2017,11,9,18,227,213,10128,0,0,7,-9999,-9999
2481,2017,11,9,21,220,209,10121,0,0,6,-9999,-9999
2482,2017,11,10,0,220,212,10123,0,0,6,-9999,-9999
2483,2017,11,10,3,270,226,10144,350,26,6,-9999,-9999
2484,2017,11,10,6,300,227,10108,0,0,3,-9999,-9999
2485,2017,11,10,9,305,224,10086,0,0,3,-9999,-9999
2486,2017,11,10,12,255,209,10106,0,0,2,-9999,-9999
2487,2017,11,10,15,235,212,10130,0,0,0,-9999,-9999
2488,2017,11,10,18,230,222,10133,0,0,0,-9999,-9999
2489,2017,11,10,21,223,211,10123,0,0,0,-9999,-9999
2490,2017,11,11,0,228,219,10132,0,0,5,-9999,-9999
2491,2017,11,11,3,270,218,10137,0,0,5,-9999,-9999
2492,2017,11,11,6,300,233,10104,0,0,2,-9999,-9999
2493,2017,11,11,9,326,232,10074,0,0,2,-9999,-9999
2494,2017,11,11,12,267,244,10098,0,0,2,-9999,-9999
2495,2017,11,11,15,240,228,10116,0,0,2,-9999,-9999
2496,2017,11,11,18,226,218,10114,0,0,2,-9999,-9999
2497,2017,11,11,21,220,214,10102,0,0,2,-9999,-9999
2498,2017,11,12,0,220,214,10123,0,0,9,-9999,-9999
2499,2017,11,12,3,275,231,10120,0,0,1,-9999,-9999
2500,2017,11,12,6,308,233,10085,0,0,2,-9999,-9999
2501,2017,11,12,9,305,226,10067,0,0,6,-9999,-9999
2502,2017,11,12,12,271,241,10084,0,0,3,-9999,-9999
2503,2017,11,12,15,250,235,10107,0,0,2,-9999,-9999
2504,2017,11,12,18,241,234,10103,0,0,3,-9999,-9999
2505,2017,11,12,21,233,224,10095,0,0,8,-9999,-9999
2506,2017,11,13,0,235,229,10113,0,0,8,-9999,-9999
2507,2017,11,13,3,273,240,10120,0,0,3,-9999,-9999
2508,2017,11,13,6,298,239,10085,0,0,4,-9999,-9999
2509,2017,11,13,9,295,242,10068,0,0,6,-9999,-9999
2510,2017,11,13,12,269,232,10087,0,0,3,-9999,-9999
2511,2017,11,13,15,250,235,10102,0,0,3,-9999,-9999
2512,2017,11,13,18,235,224,10103,0,0,3,-9999,-9999
2513,2017,11,13,21,230,219,10104,0,0,3,-9999,-9999
2514,2017,11,14,0,224,221,10122,0,0,9,-9999,-9999
2515,2017,11,14,3,252,228,10139,0,0,5,-9999,-9999
2516,2017,11,14,6,296,232,10095,0,0,5,-9999,-9999
2517,2017,11,14,9,325,247,10070,0,0,3,-9999,-9999
2518,2017,11,14,12,265,239,10089,0,0,3,-9999,-9999
2519,2017,11,14,15,242,227,10117,0,0,3,-9999,-9999
2520,2017,11,14,18,238,226,10121,0,0,4,-9999,-9999
2521,2017,11,14,21,230,219,10118,0,0,6,-9999,-9999
2522,2017,11,15,0,233,227,10128,0,0,6,-9999,-9999
2523,2017,11,15,3,276,231,10138,0,0,3,-9999,-9999
2524,2017,11,15,6,320,233,10098,0,0,4,-9999,-9999
2525,2017,11,15,9,325,247,10080,0,0,3,-9999,-9999
2526,2017,11,15,12,275,239,10097,0,0,0,-9999,-9999
2527,2017,11,15,15,253,226,10123,0,0,0,-9999,-9999
2528,2017,11,15,18,240,217,10114,0,0,0,-9999,-9999
2529,2017,11,15,21,225,213,10113,0,0,0,-9999,-9999
2530,2017,11,16,0,220,215,10128,0,0,0,-9999,-9999
2531,2017,11,16,3,280,236,10138,0,0,2,-9999,-9999
2532,2017,11,16,6,315,228,10102,0,0,2,-9999,-9999
2533,2017,11,16,9,320,225,10081,130,26,3,-9999,-9999
2534,2017,11,16,12,275,223,10106,0,0,3,-9999,-9999
2535,2017,11,16,15,250,226,10126,0,0,0,-9999,-9999
2536,2017,11,16,18,230,215,10120,0,0,0,-9999,-9999
2537,2017,11,16,21,220,208,10110,0,0,0,-9999,-9999
2538,2017,11,17,0,225,216,10126,0,0,5,-9999,-9999
2539,2017,11,17,3,265,236,10124,0,0,7,-9999,-9999
2540,2017,11,17,6,310,238,10088,0,0,2,-9999,-9999
2541,2017,11,17,9,330,227,10059,0,0,1,-9999,-9999
2542,2017,11,17,12,281,245,10078,0,0,2,-9999,-9999
2543,2017,11,17,15,250,237,10103,0,0,2,-9999,-9999
2544,2017,11,17,18,240,231,10099,0,0,1,-9999,-9999
2545,2017,11,17,21,231,225,10093,0,0,1,-9999,-9999
2546,2017,11,18,0,227,224,10106,0,0,9,-9999,-9999
2547,2017,11,18,3,285,242,10107,200,15,1,-9999,-9999
2548,2017,11,18,6,326,232,10073,0,0,1,-9999,-9999
2549,2017,11,18,9,317,244,10058,0,0,2,-9999,-9999
2550,2017,11,18,12,270,250,10078,0,0,1,-9999,-9999
2551,2017,11,18,15,245,233,10103,0,0,1,-9999,-9999
2552,2017,11,18,18,231,223,10104,0,0,1,-9999,-9999
2553,2017,11,18,21,221,216,10096,0,0,1,-9999,-9999
2554,2017,11,19,0,215,210,10112,0,0,1,-9999,-9999
2555,2017,11,19,3,271,233,10117,0,0,1,-9999,-9999
2556,2017,11,19,6,318,234,10084,0,0,3,-9999,-9999
2557,2017,11,19,9,330,232,10067,0,0,4,-9999,-9999
2558,2017,11,19,12,272,249,10086,0,0,3,-9999,-9999
2559,2017,11,19,15,256,235,10117,0,0,3,-9999,-9999
2560,2017,11,19,18,245,230,10114,0,0,3,-9999,-9999
2561,2017,11,19,21,235,224,10091,0,0,3,-9999,-9999
2562,2017,11,20,0,232,226,10118,0,0,5,-9999,-9999
2563,2017,11,20,3,280,244,10130,0,0,5,-9999,-9999
2564,2017,11,20,6,322,245,10090,0,0,5,-9999,-9999
2565,2017,11,20,9,332,231,10067,0,0,5,-9999,-9999
2566,2017,11,20,12,266,237,10097,0,0,3,-9999,-9999
2567,2017,11,20,15,245,235,10118,0,0,3,-9999,-9999
2568,2017,11,20,18,235,221,10108,0,0,3,-9999,-9999
2569,2017,11,20,21,230,222,10101,0,0,3,-9999,-9999
2570,2017,11,21,0,225,220,10118,0,0,3,-9999,-9999
2571,2017,11,21,3,292,239,10129,0,0,4,-9999,-9999
2572,2017,11,21,6,300,227,10100,0,0,6,-9999,-9999
2573,2017,11,21,9,320,249,10073,0,0,6,-9999,-9999
2574,2017,11,21,12,270,226,10092,0,0,2,-9999,-9999
2575,2017,11,21,15,250,228,10114,0,0,0,-9999,-9999
2576,2017,11,21,18,243,227,10107,0,0,0,-9999,-9999
2577,2017,11,21,21,223,211,10106,0,0,0,-9999,-9999
2578,2017,11,22,0,215,207,10122,0,0,2,-9999,-9999
2579,2017,11,22,3,280,236,10126,0,0,2,-9999,-9999
2580,2017,11,22,6,315,211,10091,0,0,3,-9999,-9999
2581,2017,11,22,9,305,208,10073,0,0,5,-9999,-9999
2582,2017,11,22,12,270,229,10088,0,0,0,-9999,-9999
2583,2017,11,22,15,245,219,10113,0,0,0,-9999,-9999
2584,2017,11,22,18,235,221,10114,0,0,0,-9999,-9999
2585,2017,11,22,21,230,218,10100,0,0,0,-9999,-9999
2586,2017,11,23,0,220,212,10112,0,0,4,-9999,-9999
2587,2017,11,23,3,270,210,10120,150,41,7,-9999,-9999
2588,2017,11,23,6,281,212,10101,140,26,7,-9999,-9999
2589,2017,11,23,9,286,219,10081,130,21,6,-9999,-9999
2590,2017,11,23,12,265,230,10106,0,0,5,-9999,-9999
2591,2017,11,23,15,241,226,10127,0,0,8,-9999,-9999
2592,2017,11,23,18,240,214,10130,0,0,8,-9999,-9999
2593,2017,11,23,21,230,225,10121,0,0,8,-9999,-9999
2594,2017,11,24,0,222,219,10134,0,0,6,-9999,-9999
2595,2017,11,24,3,258,209,10146,120,26,3,-9999,-9999
2596,2017,11,24,6,270,218,10124,150,41,7,-9999,-9999
2597,2017,11,24,9,275,217,10099,160,15,2,-9999,-9999
2598,2017,11,24,12,250,214,10120,150,10,2,-9999,-9999
2599,2017,11,24,15,237,211,10144,0,0,4,-9999,-9999
2600,2017,11,24,18,236,197,10141,140,15,5,-9999,-9999
2601,2017,11,24,21,222,197,10133,0,0,2,-9999,-9999
2602,2017,11,25,0,205,189,10164,240,15,6,-9999,-9999
2603,2017,11,25,3,211,194,10182,320,10,8,-9999,-9999
2604,2017,11,25,6,232,198,10160,0,0,8,-9999,-9999
2605,2017,11,25,9,225,194,10146,0,0,8,-9999,-9999
2606,2017,11,25,12,205,186,10171,0,0,8,-9999,-9999
2607,2017,11,25,15,200,184,10186,0,0,8,-9999,-9999
2608,2017,11,25,18,196,186,10182,0,0,8,-9999,-9999
2609,2017,11,25,21,195,187,10171,0,0,8,-9999,-9999
2610,2017,11,26,0,198,185,10181,0,0,8,-9999,-9999
2611,2017,11,26,3,225,180,10189,0,0,6,-9999,-9999
2612,2017,11,26,6,250,196,10163,0,0,8,-9999,-9999
2613,2017,11,26,9,256,197,10143,0,0,6,-9999,-9999
2614,2017,11,26,12,222,195,10156,0,0,4,-9999,-9999
2615,2017,11,26,15,209,183,10171,0,0,6,-9999,-9999
2616,2017,11,26,18,192,176,10169,0,0,6,-9999,-9999
2617,2017,11,26,21,185,172,10159,0,0,5,-9999,-9999
2618,2017,11,27,0,175,167,10174,0,0,6,-9999,-9999
2619,2017,11,27,3,205,181,10176,0,0,8,-9999,-9999
2620,2017,11,27,6,250,178,10132,0,0,8,-9999,-9999
2621,2017,11,27,9,255,184,10113,0,0,6,-9999,-9999
2622,2017,11,27,12,210,194,10133,0,0,0,-9999,-9999
2623,2017,11,27,15,202,191,10141,0,0,0,-9999,-9999
2624,2017,11,27,18,183,173,10139,0,0,0,-9999,-9999
2625,2017,11,27,21,175,167,10135,0,0,0,-9999,-9999
2626,2017,11,28,0,170,165,10142,0,0,9,-9999,-9999
2627,2017,11,28,3,230,199,10163,0,0,6,-9999,-9999
2628,2017,11,28,6,275,198,10130,300,21,4,-9999,-9999
2629,2017,11,28,9,280,213,10116,60,31,3,-9999,-9999
2630,2017,11,28,12,220,188,10140,0,0,0,-9999,-9999
2631,2017,11,28,15,200,177,10154,0,0,0,-9999,-9999
2632,2017,11,28,18,185,173,10157,0,0,0,-9999,-9999
2633,2017,11,28,21,177,169,10151,0,0,0,-9999,-9999
2634,2017,11,29,0,182,179,10163,0,0,9,-9999,-9999
2635,2017,11,29,3,215,199,10171,0,0,7,-9999,-9999
2636,2017,11,29,6,265,201,10132,0,0,3,-9999,-9999
2637,2017,11,29,9,276,208,10113,0,0,3,-9999,-9999
2638,2017,11,29,12,225,210,10136,0,0,2,-9999,-9999
2639,2017,11,29,15,200,194,10155,0,0,2,-9999,-9999
2640,2017,11,29,18,186,181,10148,0,0,2,-9999,-9999
2641,2017,11,29,21,185,182,10140,0,0,9,-9999,-9999
2642,2017,11,30,0,187,184,10155,0,0,9,-9999,-9999
2643,2017,11,30,3,205,191,10168,0,0,1,-9999,-9999
2644,2017,11,30,6,268,197,10125,0,0,4,-9999,-9999
2645,2017,11,30,9,292,187,10093,0,0,4,-9999,-9999
2646,2017,11,30,12,230,182,10117,0,0,3,-9999,-9999
2647,2017,11,30,15,205,184,10141,0,0,2,-9999,-9999
2648,2017,11,30,18,205,184,10141,0,0,2,-9999,-9999
2649,2017,11,30,21,174,167,10135,0,0,0,-9999,-9999
2650,2017,12,1,0,167,164,10155,0,0,5,-9999,-9999
2651,2017,12,1,3,235,179,10163,0,0,1,-9999,-9999
2652,2017,12,1,6,282,189,10125,0,0,2,-9999,-9999
2653,2017,12,1,9,300,193,10100,0,0,3,-9999,-9999
2654,2017,12,1,12,236,205,10123,0,0,2,-9999,-9999
2655,2017,12,1,15,212,185,10150,0,0,4,-9999,-9999
2656,2017,12,1,18,180,163,10154,0,0,5,-9999,-9999
2657,2017,12,1,21,176,166,10146,0,0,5,-9999,-9999
2658,2017,12,2,0,170,167,10159,0,0,1,-9999,-9999
2659,2017,12,2,3,242,187,10168,0,0,1,-9999,-9999
2660,2017,12,2,6,285,187,10132,250,21,3,-9999,-9999
2661,2017,12,2,9,300,193,10105,0,0,3,-9999,-9999
2662,2017,12,2,12,233,205,10127,0,0,2,-9999,-9999
2663,2017,12,2,15,205,196,10145,0,0,0,-9999,-9999
2664,2017,12,2,18,185,177,10144,0,0,0,-9999,-9999
2665,2017,12,2,21,180,172,10142,0,0,0,-9999,-9999
2666,2017,12,3,0,175,170,10157,0,0,4,-9999,-9999
2667,2017,12,3,3,245,192,10156,0,0,0,-9999,-9999
2668,2017,12,3,6,285,201,10125,0,0,1,-9999,-9999
2669,2017,12,3,9,303,209,10095,0,0,2,-9999,-9999
2670,2017,12,3,12,247,197,10116,0,0,0,-9999,-9999
2671,2017,12,3,15,220,201,10140,0,0,6,-9999,-9999
2672,2017,12,3,18,197,186,10152,0,0,6,-9999,-9999
2673,2017,12,3,21,177,165,10150,0,0,2,-9999,-9999
2674,2017,12,4,0,162,159,10160,0,0,0,-9999,-9999
2675,2017,12,4,3,285,184,10124,0,0,2,-9999,-9999
2676,2017,12,4,6,285,184,10124,0,0,2,-9999,-9999
2677,2017,12,4,9,300,250,10098,0,0,2,-9999,-9999
2678,2017,12,4,12,250,204,10118,0,0,0,-9999,-9999
2679,2017,12,4,15,200,176,10142,0,0,0,-9999,-9999
2680,2017,12,4,18,180,167,10149,0,0,0,-9999,-9999
2681,2017,12,4,21,170,161,10149,0,0,0,-9999,-9999
2682,2017,12,5,0,165,156,10169,0,0,3,-9999,-9999
2683,2017,12,5,3,230,199,10174,0,0,3,-9999,-9999
2684,2017,12,5,6,267,186,10138,290,15,2,-9999,-9999
2685,2017,12,5,9,288,174,10105,200,10,2,-9999,-9999
2686,2017,12,5,12,220,188,10124,0,0,2,-9999,-9999
2687,2017,12,5,15,196,183,10143,0,0,1,-9999,-9999
2688,2017,12,5,18,177,172,10138,0,0,1,-9999,-9999
2689,2017,12,5,21,184,177,10127,0,0,7,-9999,-9999
2690,2017,12,6,0,185,177,10150,0,0,6,-9999,-9999
2691,2017,12,6,3,225,178,10151,0,0,1,-9999,-9999
2692,2017,12,6,6,271,185,10120,200,10,1,-9999,-9999
2693,2017,12,6,9,276,200,10099,0,0,4,-9999,-9999
2694,2017,12,6,12,235,212,10117,0,0,2,-9999,-9999
2695,2017,12,6,15,215,207,10132,0,0,2,-9999,-9999
2696,2017,12,6,18,199,193,10131,0,0,1,-9999,-9999
2697,2017,12,6,21,191,186,10128,0,0,1,-9999,-9999
2698,2017,12,7,0,192,189,10137,0,0,9,-9999,-9999
2699,2017,12,7,3,212,201,10148,0,0,1,-9999,-9999
2700,2017,12,7,6,282,194,10107,0,0,4,-9999,-9999
2701,2017,12,7,9,288,208,10098,0,0,6,-9999,-9999
2702,2017,12,7,12,255,228,10120,0,0,3,-9999,-9999
2703,2017,12,7,15,230,212,10140,0,0,4,-9999,-9999
2704,2017,12,7,18,212,195,10139,0,0,4,-9999,-9999
2705,2017,12,7,21,202,191,10139,0,0,3,-9999,-9999
2706,2017,12,8,0,210,202,10141,0,0,6,-9999,-9999
2707,2017,12,8,3,230,212,10170,0,0,8,-9999,-9999
2708,2017,12,8,6,286,208,10129,0,0,6,-9999,-9999
2709,2017,12,8,9,284,210,10102,0,0,6,-9999,-9999
2710,2017,12,8,12,250,215,10127,0,0,6,-9999,-9999
2711,2017,12,8,15,240,217,10148,0,0,6,-9999,-9999
2712,2017,12,8,18,230,199,10145,0,0,6,-9999,-9999
2713,2017,12,8,21,225,214,10137,0,0,8,-9999,-9999
2714,2017,12,9,0,220,214,10148,0,0,6,-9999,-9999
2715,2017,12,9,3,247,209,10159,0,0,8,-9999,-9999
2716,2017,12,9,6,280,204,10118,300,21,2,-9999,-9999
2717,2017,12,9,9,285,218,10101,0,0,2,-9999,-9999
2718,2017,12,9,12,260,231,10132,0,0,6,-9999,-9999
2719,2017,12,9,15,250,235,10138,0,0,8,-9999,-9999
2720,2017,12,9,18,240,227,10132,0,0,8,-9999,-9999
2721,2017,12,9,21,230,222,10123,0,0,8,-9999,-9999
2722,2017,12,10,0,220,208,10144,0,0,8,-9999,-9999
2723,2017,12,10,3,250,212,10146,140,21,3,-9999,-9999
2724,2017,12,10,6,305,224,10109,0,0,2,-9999,-9999
2725,2017,12,10,9,310,238,10096,0,0,5,-9999,-9999
2726,2017,12,10,12,270,226,10123,0,0,7,-9999,-9999
2727,2017,12,10,15,250,228,10134,0,0,6,-9999,-9999
2728,2017,12,10,18,240,225,10129,0,0,6,-9999,-9999
2729,2017,12,10,21,235,223,10116,0,0,7,-9999,-9999
2730,2017,12,11,0,220,211,10133,0,0,3,-9999,-9999
2731,2017,12,11,3,255,209,10138,120,31,2,-9999,-9999
2732,2017,12,11,6,315,221,10100,0,0,3,-9999,-9999
2733,2017,12,11,9,317,220,10078,0,0,4,-9999,-9999
2734,2017,12,11,12,246,225,10110,190,15,2,-9999,-9999
2735,2017,12,11,15,235,212,10122,0,0,3,-9999,-9999
2736,2017,12,11,18,230,224,10120,0,0,2,-9999,-9999
2737,2017,12,11,21,225,219,10115,0,0,2,-9999,-9999
2738,2017,12,12,0,223,218,10125,0,0,2,-9999,-9999
2739,2017,12,12,3,270,235,10133,0,0,1,-9999,-9999
2740,2017,12,12,6,316,219,10093,0,0,2,-9999,-9999
2741,2017,12,12,9,315,221,10072,0,0,2,-9999,-9999
2742,2017,12,12,12,261,238,10090,0,0,1,-9999,-9999
2743,2017,12,12,15,234,222,10110,0,0,1,-9999,-9999
2744,2017,12,12,18,237,220,10106,270,26,1,-9999,-9999
2745,2017,12,12,21,231,223,10106,0,0,1,-9999,-9999
2746,2017,12,13,0,208,203,10126,0,0,9,-9999,-9999
2747,2017,12,13,3,251,220,10135,0,0,1,-9999,-9999
2748,2017,12,13,6,310,205,10099,250,21,2,-9999,-9999
2749,2017,12,13,9,311,213,10072,0,0,3,-9999,-9999
2750,2017,12,13,12,240,201,10098,0,0,3,-9999,-9999
2751,2017,12,13,15,223,206,10119,0,0,2,-9999,-9999
2752,2017,12,13,18,190,182,10123,0,0,0,-9999,-9999
2753,2017,12,13,21,177,170,10124,0,0,0,-9999,-9999
2754,2017,12,14,0,157,153,10144,0,0,2,-9999,-9999
2755,2017,12,14,3,232,181,10151,0,0,2,-9999,-9999
2756,2017,12,14,6,280,183,10119,210,21,2,-9999,-9999
2757,2017,12,14,9,300,178,10095,0,0,1,-9999,-9999
2758,2017,12,14,12,230,201,10117,0,0,2,-9999,-9999
2759,2017,12,14,15,198,187,10140,0,0,0,-9999,-9999
2760,2017,12,14,18,180,170,10142,0,0,2,-9999,-9999
2761,2017,12,14,21,162,155,10141,0,0,2,-9999,-9999
2762,2017,12,15,0,153,148,10156,0,0,5,-9999,-9999
2763,2017,12,15,3,213,176,10171,0,0,0,-9999,-9999
2764,2017,12,15,6,270,201,10130,0,0,0,-9999,-9999
2765,2017,12,15,9,290,190,10109,250,15,1,-9999,-9999
2766,2017,12,15,12,220,188,10135,0,0,2,-9999,-9999
2767,2017,12,15,15,195,179,10156,0,0,0,-9999,-9999
2768,2017,12,15,18,183,173,10160,0,0,0,-9999,-9999
2769,2017,12,15,21,170,153,10162,0,0,0,-9999,-9999
2770,2017,12,16,0,162,159,10175,0,0,2,-9999,-9999
2771,2017,12,16,3,220,188,10194,30,21,0,-9999,-9999
2772,2017,12,16,6,275,190,10157,290,36,4,-9999,-9999
2773,2017,12,16,9,285,184,10136,0,0,0,-9999,-9999
2774,2017,12,16,12,230,202,10165,0,0,2,-9999,-9999
2775,2017,12,16,15,210,194,10177,0,0,0,-9999,-9999
2776,2017,12,16,18,180,172,10183,0,0,0,-9999,-9999
2777,2017,12,16,21,170,163,10181,0,0,0,-9999,-9999
2778,2017,12,17,0,172,169,10196,0,0,3,-9999,-9999
2779,2017,12,17,3,245,199,10206,0,0,6,-9999,-9999
2780,2017,12,17,6,255,168,10183,0,0,3,-9999,-9999
2781,2017,12,17,9,266,183,10155,0,0,2,-9999,-9999
2782,2017,12,17,12,210,189,10173,0,0,1,-9999,-9999
2783,2017,12,17,15,190,182,10065,0,0,3,-9999,-9999
2784,2017,12,17,18,185,175,10065,0,0,1,-9999,-9999
2785,2017,12,17,21,180,167,10059,0,0,1,-9999,-9999
2786,2017,12,18,0,176,157,10211,0,0,8,-9999,-9999
2787,2017,12,18,3,189,150,10232,0,0,6,-9999,-9999
2788,2017,12,18,6,230,159,10189,0,0,5,-9999,-9999
2789,2017,12,18,9,253,160,10162,330,15,2,-9999,-9999
2790,2017,12,18,12,197,172,10185,0,0,2,-9999,-9999
2791,2017,12,18,15,164,157,10218,0,0,3,-9999,-9999
2792,2017,12,18,18,165,156,10219,0,0,5,-9999,-9999
2793,2017,12,18,21,148,143,10219,0,0,2,-9999,-9999
2794,2017,12,19,0,135,128,10232,0,0,2,-9999,-9999
2795,2017,12,19,3,200,119,10244,320,26,1,-9999,-9999
2796,2017,12,19,6,225,112,10212,20,26,1,-9999,-9999
2797,2017,12,19,9,233,104,10185,0,0,1,-9999,-9999
2798,2017,12,19,12,180,122,10201,0,0,2,-9999,-9999
2799,2017,12,19,15,141,117,10230,0,0,0,-9999,-9999
2800,2017,12,19,18,133,124,10231,0,0,0,-9999,-9999
2801,2017,12,19,21,118,110,10231,0,0,0,-9999,-9999
2802,2017,12,20,0,107,101,10258,0,0,2,-9999,-9999
2803,2017,12,20,3,177,61,10270,20,31,0,-9999,-9999
2804,2017,12,20,6,212,61,10231,300,21,0,-9999,-9999
2805,2017,12,20,9,216,50,10203,0,0,0,-9999,-9999
2806,2017,12,20,12,155,97,10227,0,0,0,-9999,-9999
2807,2017,12,20,15,117,93,10253,0,0,0,-9999,-9999
2808,2017,12,20,18,96,81,10250,0,0,0,-9999,-9999
2809,2017,12,20,21,86,77,10249,0,0,0,-9999,-9999
2810,2017,12,21,0,71,64,10260,0,0,0,-9999,-9999
2811,2017,12,21,3,166,74,10253,0,0,0,-9999,-9999
2812,2017,12,21,6,210,60,10214,0,0,0,-9999,-9999
2813,2017,12,21,9,226,68,10180,0,0,0,-9999,-9999
2814,2017,12,21,12,157,102,10199,0,0,0,-9999,-9999
2815,2017,12,21,15,127,110,10219,0,0,0,-9999,-9999
2816,2017,12,21,18,115,105,10218,0,0,0,-9999,-9999
2817,2017,12,21,21,95,89,10209,0,0,0,-9999,-9999
2818,2017,12,22,0,86,80,10210,0,0,0,-9999,-9999
2819,2017,12,22,3,170,106,10214,0,0,0,-9999,-9999
2820,2017,12,22,6,228,118,10168,220,26,1,-9999,-9999
2821,2017,12,22,9,251,120,10132,0,0,0,-9999,-9999
2822,2017,12,22,12,181,150,10152,0,0,0,-9999,-9999
2823,2017,12,22,15,141,128,10171,0,0,0,-9999,-9999
2824,2017,12,22,18,126,115,10164,0,0,0,-9999,-9999
2825,2017,12,22,21,111,101,10158,0,0,0,-9999,-9999
2826,2017,12,23,0,110,106,10175,0,0,9,-9999,-9999
2827,2017,12,23,3,177,138,10171,0,0,0,-9999,-9999
2828,2017,12,23,6,231,147,10125,0,0,0,-9999,-9999
2829,2017,12,23,9,265,151,10095,0,0,0,-9999,-9999
2830,2017,12,23,12,195,172,10120,0,0,1,-9999,-9999
2831,2017,12,23,15,160,151,10149,0,0,0,-9999,-9999
2832,2017,12,23,18,136,127,10152,0,0,0,-9999,-9999
2833,2017,12,23,21,127,121,10151,0,0,0,-9999,-9999
2834,2017,12,24,0,122,118,10173,0,0,9,-9999,-9999
2835,2017,12,24,3,192,157,10180,0,0,1,-9999,-9999
2836,2017,12,24,6,265,187,10137,0,0,0,-9999,-9999
2837,2017,12,24,9,286,175,10111,0,0,1,-9999,-9999
2838,2017,12,24,12,210,178,10138,0,0,0,-9999,-9999
2839,2017,12,24,15,175,160,10167,0,0,0,-9999,-9999
2840,2017,12,24,18,168,156,10168,0,0,0,-9999,-9999
2841,2017,12,24,21,151,144,10166,0,0,0,-9999,-9999
2842,2017,12,25,0,132,128,10178,0,0,2,-9999,-9999
2843,2017,12,25,3,210,141,10179,310,15,2,-9999,-9999
2844,2017,12,25,6,250,140,10139,330,26,5,-9999,-9999
2845,2017,12,25,9,269,146,10111,60,15,5,-9999,-9999
2846,2017,12,25,12,193,161,10147,0,0,2,-9999,-9999
2847,2017,12,25,15,170,149,10163,0,0,3,-9999,-9999
2848,2017,12,25,18,150,141,10168,0,0,3,-9999,-9999
2849,2017,12,25,21,127,116,10159,0,0,3,-9999,-9999
2850,2017,12,26,0,122,116,10168,0,0,6,-9999,-9999
2851,2017,12,26,3,157,148,10184,0,0,6,-9999,-9999
2852,2017,12,26,6,240,148,10142,90,15,6,-9999,-9999
2853,2017,12,26,9,245,158,10126,210,15,6,-9999,-9999
2854,2017,12,26,12,202,169,10146,0,0,5,-9999,-9999
2855,2017,12,26,15,185,163,10166,0,0,6,-9999,-9999
2856,2017,12,26,18,179,167,10162,0,0,6,-9999,-9999
2857,2017,12,26,21,175,168,10154,0,0,6,10,-9999
2858,2017,12,27,0,174,167,10169,0,0,8,-9999,-9999
2859,2017,12,27,3,180,173,10186,0,0,8,-9999,-9999
2860,2017,12,27,6,185,177,10158,80,15,8,-9999,100
2861,2017,12,27,9,180,172,10146,0,0,8,-9999,-9999
2862,2017,12,27,12,172,164,10163,310,10,8,-9999,-9999
2863,2017,12,27,15,170,165,10182,0,0,8,-9999,-9999
2864,2017,12,27,18,167,160,10177,0,0,8,-9999,-9999
2865,2017,12,27,21,174,171,10163,0,0,8,-9999,-9999
2866,2017,12,28,0,170,167,10176,330,21,8,-9999,-9999
2867,2017,12,28,3,180,172,10196,340,21,8,-9999,-9999
2868,2017,12,28,6,200,184,10173,0,0,8,-9999,20
2869,2017,12,28,9,210,186,10150,0,0,8,-9999,-9999
2870,2017,12,28,12,203,185,10156,0,0,8,-9999,-9999
2871,2017,12,28,15,196,186,10171,0,0,8,-9999,-9999
2872,2017,12,28,18,195,187,10166,0,0,8,-9999,-9999
2873,2017,12,28,21,188,181,10158,0,0,8,-9999,-9999
2874,2017,12,29,0,192,189,10178,0,0,8,-9999,-9999
2875,2017,12,29,3,205,197,10191,280,10,8,-9999,-9999
2876,2017,12,29,6,230,201,10168,0,0,8,-9999,-9999
2877,2017,12,29,9,230,199,10152,0,0,8,-9999,-9999
2878,2017,12,29,12,218,206,10168,0,0,8,-9999,-9999
2879,2017,12,29,15,205,197,10184,0,0,8,-9999,-9999
2880,2017,12,29,18,199,193,10174,0,0,5,-9999,-9999
2881,2017,12,29,21,194,189,10164,0,0,6,-9999,-9999
2882,2017,12,30,0,186,183,10173,0,0,3,-9999,-9999
2883,2017,12,30,3,214,202,10185,0,0,8,-9999,-9999
2884,2017,12,30,6,260,208,10149,0,0,5,-9999,-9999
2885,2017,12,30,9,271,209,10126,330,10,7,-9999,-9999
2886,2017,12,30,12,235,220,10145,0,0,6,-9999,-9999
2887,2017,12,30,15,215,207,10166,0,0,6,-9999,-9999
2888,2017,12,30,18,210,204,10160,0,0,8,-9999,-9999
2889,2017,12,30,21,207,202,10153,0,0,5,10,-9999
2890,2017,12,31,0,200,197,10158,0,0,6,-9999,-9999
2891,2017,12,31,3,239,218,10164,0,0,5,-9999,-9999
2892,2017,12,31,6,290,205,10134,0,0,6,-9999,-9999
2893,2017,12,31,9,269,212,10118,0,0,8,-9999,-9999
2894,2017,12,31,12,228,216,10121,0,0,6,-9999,-9999
2895,2017,12,31,15,209,195,10142,0,0,3,-9999,-9999
2896,2017,12,31,18,198,188,10145,0,0,6,-9999,-9999
2897,2017,12,31,21,188,177,10143,0,0,4,-9999,-9999
