,YEAR,MONTH,DAY,HOUR,AIR-TEMP,DEW-POINT-TEMP,SEA-LEVEL-PRESSURE,WIND-DIRECTION,WIND-SPEED,SKY-CONDITION,RAIN-1HR,RAIN-6HR
0,2017,1,1,3,-9999,-9999,-9999,0,0,-9999,-9999,-9999
1,2017,1,1,6,-9999,-9999,-9999,0,0,-9999,-9999,-9999
2,2017,1,1,9,-9999,-9999,-9999,0,0,-9999,-9999,-9999
3,2017,1,1,12,-9999,-9999,-9999,0,0,-9999,-9999,-9999
4,2017,1,1,15,-9999,-9999,-9999,0,0,-9999,-9999,-9999
5,2017,1,1,18,-9999,-9999,-9999,0,0,-9999,-9999,-9999
6,2017,1,1,21,-9999,-9999,-9999,0,0,-9999,-9999,-9999
7,2017,1,2,0,-9999,-9999,-9999,0,0,-9999,-9999,-9999
8,2017,1,2,3,-9999,-9999,-9999,0,0,-9999,-9999,-9999
9,2017,1,2,6,-9999,-9999,-9999,0,0,-9999,-9999,-9999
10,2017,1,2,9,-9999,-9999,-9999,0,0,-9999,-9999,-9999
11,2017,1,2,12,-9999,-9999,-9999,0,0,-9999,-9999,-9999
12,2017,1,2,15,-9999,-9999,-9999,0,0,-9999,-9999,-9999
13,2017,1,2,18,-9999,-9999,-9999,0,0,-9999,-9999,-9999
14,2017,1,2,21,-9999,-9999,-9999,0,0,-9999,-9999,-9999
15,2017,1,3,0,-9999,-9999,-9999,0,0,-9999,-9999,-9999
16,2017,1,3,3,-9999,-9999,-9999,0,0,-9999,-9999,-9999
17,2017,1,3,6,-9999,-9999,-9999,0,0,-9999,-9999,-9999
18,2017,1,3,9,-9999,-9999,-9999,0,0,-9999,-9999,-9999
19,2017,1,3,12,-9999,-9999,-9999,0,0,-9999,-9999,-9999
20,2017,1,3,15,-9999,-9999,-9999,0,0,-9999,-9999,-9999
21,2017,1,3,18,-9999,-9999,-9999,0,0,-9999,-9999,-9999
22,2017,1,3,21,-9999,-9999,-9999,0,0,-9999,-9999,-9999
23,2017,1,4,0,-9999,-9999,-9999,0,0,-9999,-9999,-9999
24,2017,1,4,3,-9999,-9999,-9999,0,0,-9999,-9999,-9999
25,2017,1,4,6,-9999,-9999,-9999,0,0,-9999,-9999,-9999
26,2017,1,4,9,-9999,-9999,-9999,0,0,-9999,-9999,-9999
27,2017,1,4,12,-9999,-9999,-9999,0,0,-9999,-9999,-9999
28,2017,1,4,15,-9999,-9999,-9999,0,0,-9999,-9999,-9999
29,2017,1,4,18,-9999,-9999,-9999,0,0,-9999,-9999,-9999
30,2017,1,4,21,-9999,-9999,-9999,0,0,-9999,-9999,-9999
31,2017,1,5,0,-9999,-9999,-9999,0,0,-9999,-9999,-9999
32,2017,1,5,3,-9999,-9999,-9999,0,0,-9999,-9999,-9999
33,2017,1,5,6,-9999,-9999,-9999,0,0,-9999,-9999,-9999
34,2017,1,5,9,-9999,-9999,-9999,0,0,-9999,-9999,-9999
35,2017,1,5,12,-9999,-9999,-9999,0,0,-9999,-9999,-9999
36,2017,1,5,18,-9999,-9999,-9999,0,0,-9999,-9999,-9999
37,2017,1,5,21,-9999,-9999,-9999,0,0,-9999,-9999,-9999
38,2017,1,6,0,-9999,-9999,-9999,0,0,-9999,-9999,-9999
39,2017,1,6,3,-9999,-9999,-9999,0,0,-9999,-9999,-9999
40,2017,1,6,6,-9999,-9999,-9999,0,0,-9999,-9999,-9999
41,2017,1,6,9,-9999,-9999,-9999,0,0,-9999,-9999,-9999
42,2017,1,6,12,-9999,-9999,-9999,0,0,-9999,-9999,-9999
43,2017,1,6,15,-9999,-9999,-9999,0,0,-9999,-9999,-9999
44,2017,1,6,18,-9999,-9999,-9999,0,0,-9999,-9999,-9999
45,2017,1,6,21,-9999,-9999,-9999,0,0,-9999,-9999,-9999
46,2017,1,7,0,-9999,-9999,-9999,0,0,-9999,-9999,-9999
47,2017,1,7,3,-9999,-9999,-9999,0,0,-9999,-9999,-9999
48,2017,1,7,6,-9999,-9999,-9999,0,0,-9999,-9999,-9999
49,2017,1,7,9,-9999,-9999,-9999,0,0,-9999,-9999,-9999
50,2017,1,7,12,-9999,-9999,-9999,0,0,-9999,-9999,-9999
51,2017,1,7,15,-9999,-9999,-9999,0,0,-9999,-9999,-9999
52,2017,1,7,18,-9999,-9999,-9999,0,0,-9999,-9999,-9999
53,2017,1,7,21,-9999,-9999,-9999,0,0,-9999,-9999,-9999
54,2017,1,8,0,-9999,-9999,-9999,0,0,-9999,-9999,-9999
55,2017,1,8,3,-9999,-9999,-9999,0,0,-9999,-9999,-9999
56,2017,1,8,6,-9999,-9999,-9999,0,0,-9999,-9999,-9999
57,2017,1,8,9,-9999,-9999,-9999,0,0,-9999,-9999,-9999
58,2017,1,8,12,-9999,-9999,-9999,0,0,-9999,-9999,-9999
59,2017,1,8,15,-9999,-9999,-9999,0,0,-9999,-9999,-9999
60,2017,1,8,18,-9999,-9999,-9999,0,0,-9999,-9999,-9999
61,2017,1,8,21,-9999,-9999,-9999,0,0,-9999,-9999,-9999
62,2017,1,9,0,-9999,-9999,-9999,0,0,-9999,-9999,-9999
63,2017,1,9,3,-9999,-9999,-9999,0,0,-9999,-9999,-9999
64,2017,1,9,6,-9999,-9999,-9999,0,0,-9999,-9999,-9999
65,2017,1,9,9,-9999,-9999,-9999,0,0,-9999,-9999,-9999
66,2017,1,9,12,-9999,-9999,-9999,0,0,-9999,-9999,-9999
67,2017,1,9,15,-9999,-9999,-9999,0,0,-9999,-9999,-9999
68,2017,1,9,18,-9999,-9999,-9999,0,0,-9999,-9999,-9999
69,2017,1,9,21,-9999,-9999,-9999,0,0,-9999,-9999,-9999
70,2017,1,10,0,-9999,-9999,-9999,0,0,-9999,-9999,-9999
71,2017,1,10,3,-9999,-9999,-9999,0,0,-9999,-9999,-9999
72,2017,1,10,6,-9999,-9999,-9999,0,0,-9999,-9999,-9999
73,2017,1,10,9,-9999,-9999,-9999,0,0,-9999,-9999,-9999
74,2017,1,10,12,-9999,-9999,-9999,0,0,-9999,-9999,-9999
75,2017,1,10,15,-9999,-9999,-9999,0,0,-9999,-9999,-9999
76,2017,1,10,18,-9999,-9999,-9999,0,0,-9999,-9999,-9999
77,2017,1,10,21,-9999,-9999,-9999,0,0,-9999,-9999,-9999
78,2017,1,11,0,-9999,-9999,-9999,0,0,-9999,-9999,-9999
79,2017,1,11,3,-9999,-9999,-9999,0,0,-9999,-9999,-9999
80,2017,1,11,6,-9999,-9999,-9999,0,0,-9999,-9999,-9999
81,2017,1,11,9,-9999,-9999,-9999,0,0,-9999,-9999,-9999
82,2017,1,11,12,-9999,-9999,-9999,0,0,-9999,-9999,-9999
83,2017,1,11,15,-9999,-9999,-9999,0,0,-9999,-9999,-9999
84,2017,1,11,18,-9999,-9999,-9999,0,0,-9999,-9999,-9999
85,2017,1,11,21,-9999,-9999,-9999,0,0,-9999,-9999,-9999
86,2017,1,12,0,-9999,-9999,-9999,0,0,-9999,-9999,-9999
87,2017,1,12,3,-9999,-9999,-9999,0,0,-9999,-9999,-9999
88,2017,1,12,6,-9999,-9999,-9999,0,0,-9999,-9999,-9999
89,2017,1,12,9,-9999,-9999,-9999,0,0,-9999,-9999,-9999
90,2017,1,12,12,-9999,-9999,-9999,0,0,-9999,-9999,-9999
91,2017,1,12,15,-9999,-9999,-9999,0,0,-9999,-9999,-9999
92,2017,1,12,18,-9999,-9999,-9999,0,0,-9999,-9999,-9999
93,2017,1,12,21,-9999,-9999,-9999,0,0,-9999,-9999,-9999
94,2017,1,13,0,-9999,-9999,-9999,0,0,-9999,-9999,-9999
95,2017,1,13,3,-9999,-9999,-9999,0,0,-9999,-9999,-9999
96,2017,1,13,6,-9999,-9999,-9999,0,0,-9999,-9999,-9999
97,2017,1,13,9,-9999,-9999,-9999,0,0,-9999,-9999,-9999
98,2017,1,13,12,-9999,-9999,-9999,0,0,-9999,-9999,-9999
99,2017,1,13,15,-9999,-9999,-9999,0,0,-9999,-9999,-9999
100,2017,1,13,18,-9999,-9999,-9999,0,0,-9999,-9999,-9999
101,2017,1,13,21,-9999,-9999,-9999,0,0,-9999,-9999,-9999
102,2017,1,14,0,-9999,-9999,-9999,0,0,-9999,-9999,-9999
103,2017,1,14,3,-9999,-9999,-9999,0,0,-9999,-9999,-9999
104,2017,1,14,6,-9999,-9999,-9999,0,0,-9999,-9999,-9999
105,2017,1,14,9,-9999,-9999,-9999,0,0,-9999,-9999,-9999
106,2017,1,14,12,-9999,-9999,-9999,0,0,-9999,-9999,-9999
107,2017,1,14,15,-9999,-9999,-9999,0,0,-9999,-9999,-9999
108,2017,1,14,18,-9999,-9999,-9999,0,0,-9999,-9999,-9999
109,2017,1,14,21,-9999,-9999,-9999,0,0,-9999,-9999,-9999
110,2017,1,15,0,-9999,-9999,-9999,0,0,-9999,-9999,-9999
111,2017,1,15,3,-9999,-9999,-9999,0,0,-9999,-9999,-9999
112,2017,1,15,6,-9999,-9999,-9999,0,0,-9999,-9999,-9999
113,2017,1,15,9,-9999,-9999,-9999,0,0,-9999,-9999,-9999
114,2017,1,15,12,-9999,-9999,-9999,0,0,-9999,-9999,-9999
115,2017,1,15,15,-9999,-9999,-9999,0,0,-9999,-9999,-9999
116,2017,1,15,18,-9999,-9999,-9999,0,0,-9999,-9999,-9999
117,2017,1,15,21,-9999,-9999,-9999,0,0,-9999,-9999,-9999
118,2017,1,16,0,-9999,-9999,-9999,0,0,-9999,-9999,-9999
119,2017,1,16,3,-9999,-9999,-9999,0,0,-9999,-9999,-9999
120,2017,1,16,6,-9999,-9999,-9999,0,0,-9999,-9999,-9999
121,2017,1,16,9,-9999,-9999,-9999,0,0,-9999,-9999,-9999
122,2017,1,16,12,-9999,-9999,-9999,0,0,-9999,-9999,-9999
123,2017,1,16,15,-9999,-9999,-9999,0,0,-9999,-9999,-9999
124,2017,1,16,18,-9999,-9999,-9999,0,0,-9999,-9999,-9999
125,2017,1,16,21,-9999,-9999,-9999,0,0,-9999,-9999,-9999
126,2017,1,17,0,-9999,-9999,-9999,0,0,-9999,-9999,-9999
127,2017,1,17,3,-9999,-9999,-9999,0,0,-9999,-9999,-9999
128,2017,1,17,6,-9999,-9999,-9999,0,0,-9999,-9999,-9999
129,2017,1,17,9,-9999,-9999,-9999,0,0,-9999,-9999,-9999
130,2017,1,17,12,-9999,-9999,-9999,0,0,-9999,-9999,-9999
131,2017,1,17,15,-9999,-9999,-9999,0,0,-9999,-9999,-9999
132,2017,1,17,18,-9999,-9999,-9999,0,0,-9999,-9999,-9999
133,2017,1,17,21,-9999,-9999,-9999,0,0,-9999,-9999,-9999
134,2017,1,18,0,-9999,-9999,-9999,0,0,-9999,-9999,-9999
135,2017,1,18,3,-9999,-9999,-9999,0,0,-9999,-9999,-9999
136,2017,1,18,6,-9999,-9999,-9999,0,0,-9999,-9999,-9999
137,2017,1,18,12,-9999,-9999,-9999,0,0,-9999,-9999,-9999
138,2017,1,18,15,-9999,-9999,-9999,0,0,-9999,-9999,-9999
139,2017,1,18,18,-9999,-9999,-9999,0,0,-9999,-9999,-9999
140,2017,1,18,21,-9999,-9999,-9999,0,0,-9999,-9999,-9999
141,2017,1,19,0,-9999,-9999,-9999,0,0,-9999,-9999,-9999
142,2017,1,19,3,-9999,-9999,-9999,0,0,-9999,-9999,-9999
143,2017,1,19,6,-9999,-9999,-9999,0,0,-9999,-9999,-9999
144,2017,1,19,9,-9999,-9999,-9999,0,0,-9999,-9999,-9999
145,2017,1,19,12,-9999,-9999,-9999,0,0,-9999,-9999,-9999
146,2017,1,19,15,-9999,-9999,-9999,0,0,-9999,-9999,-9999
147,2017,1,19,18,-9999,-9999,-9999,0,0,-9999,-9999,-9999
148,2017,1,19,21,-9999,-9999,-9999,0,0,-9999,-9999,-9999
149,2017,1,20,0,-9999,-9999,-9999,0,0,-9999,-9999,-9999
150,2017,1,20,3,-9999,-9999,-9999,0,0,-9999,-9999,-9999
151,2017,1,20,6,-9999,-9999,-9999,0,0,-9999,-9999,-9999
152,2017,1,20,9,-9999,-9999,-9999,0,0,-9999,-9999,-9999
153,2017,1,20,12,-9999,-9999,-9999,0,0,-9999,-9999,-9999
154,2017,1,20,15,-9999,-9999,-9999,0,0,-9999,-9999,-9999
155,2017,1,20,18,-9999,-9999,-9999,0,0,-9999,-9999,-9999
156,2017,1,20,21,-9999,-9999,-9999,0,0,-9999,-9999,-9999
157,2017,1,21,0,-9999,-9999,-9999,0,0,-9999,-9999,-9999
158,2017,1,21,3,-9999,-9999,-9999,0,0,-9999,-9999,-9999
159,2017,1,21,6,-9999,-9999,-9999,0,0,-9999,-9999,-9999
160,2017,1,21,9,-9999,-9999,-9999,0,0,-9999,-9999,-9999
161,2017,1,21,12,-9999,-9999,-9999,0,0,-9999,-9999,-9999
162,2017,1,21,15,-9999,-9999,-9999,0,0,-9999,-9999,-9999
163,2017,1,21,18,-9999,-9999,-9999,0,0,-9999,-9999,-9999
164,2017,1,21,21,-9999,-9999,-9999,0,0,-9999,-9999,-9999
165,2017,1,22,0,-9999,-9999,-9999,0,0,-9999,-9999,-9999
166,2017,1,22,3,-9999,-9999,-9999,0,0,-9999,-9999,-9999
167,2017,1,22,6,-9999,-9999,-9999,0,0,-9999,-9999,-9999
168,2017,1,22,9,-9999,-9999,-9999,0,0,-9999,-9999,-9999
169,2017,1,22,12,-9999,-9999,-9999,0,0,-9999,-9999,-9999
170,2017,1,22,15,-9999,-9999,-9999,0,0,-9999,-9999,-9999
171,2017,1,22,18,-9999,-9999,-9999,0,0,-9999,-9999,-9999
172,2017,1,22,21,-9999,-9999,-9999,0,0,-9999,-9999,-9999
173,2017,1,23,0,-9999,-9999,-9999,0,0,-9999,-9999,-9999
174,2017,1,23,3,-9999,-9999,-9999,0,0,-9999,-9999,-9999
175,2017,1,23,6,-9999,-9999,-9999,0,0,-9999,-9999,-9999
176,2017,1,23,9,-9999,-9999,-9999,0,0,-9999,-9999,-9999
177,2017,1,23,12,-9999,-9999,-9999,0,0,-9999,-9999,-9999
178,2017,1,23,15,-9999,-9999,-9999,0,0,-9999,-9999,-9999
179,2017,1,23,18,-9999,-9999,-9999,0,0,-9999,-9999,-9999
180,2017,1,23,21,-9999,-9999,-9999,0,0,-9999,-9999,-9999
181,2017,1,24,0,-9999,-9999,-9999,0,0,-9999,-9999,-9999
182,2017,1,24,3,-9999,-9999,-9999,0,0,-9999,-9999,-9999
183,2017,1,24,6,-9999,-9999,-9999,0,0,-9999,-9999,-9999
184,2017,1,24,9,-9999,-9999,-9999,0,0,-9999,-9999,-9999
185,2017,1,24,12,-9999,-9999,-9999,0,0,-9999,-9999,-9999
186,2017,1,24,15,-9999,-9999,-9999,0,0,-9999,-9999,-9999
187,2017,1,24,18,-9999,-9999,-9999,0,0,-9999,-9999,-9999
188,2017,1,24,21,-9999,-9999,-9999,0,0,-9999,-9999,-9999
189,2017,1,25,0,-9999,-9999,-9999,0,0,-9999,-9999,-9999
190,2017,1,25,3,-9999,-9999,-9999,0,0,-9999,-9999,-9999
191,2017,1,25,6,-9999,-9999,-9999,0,0,-9999,-9999,-9999
192,2017,1,25,9,-9999,-9999,-9999,0,0,-9999,-9999,-9999
193,2017,1,25,12,-9999,-9999,-9999,0,0,-9999,-9999,-9999
194,2017,1,25,15,-9999,-9999,-9999,0,0,-9999,-9999,-9999
195,2017,1,25,18,-9999,-9999,-9999,0,0,-9999,-9999,-9999
196,2017,1,25,21,-9999,-9999,-9999,0,0,-9999,-9999,-9999
197,2017,1,26,0,-9999,-9999,-9999,0,0,-9999,-9999,-9999
198,2017,1,26,3,-9999,-9999,-9999,0,0,-9999,-9999,-9999
199,2017,1,26,6,-9999,-9999,-9999,0,0,-9999,-9999,-9999
200,2017,1,26,9,-9999,-9999,-9999,0,0,-9999,-9999,-9999
201,2017,1,26,12,-9999,-9999,-9999,0,0,-9999,-9999,-9999
202,2017,1,26,15,-9999,-9999,-9999,0,0,-9999,-9999,-9999
203,2017,1,26,18,-9999,-9999,-9999,0,0,-9999,-9999,-9999
204,2017,1,26,21,-9999,-9999,-9999,0,0,-9999,-9999,-9999
205,2017,1,27,3,-9999,-9999,-9999,0,0,-9999,-9999,-9999
206,2017,1,27,9,-9999,-9999,-9999,0,0,-9999,-9999,-9999
207,2017,1,27,12,-9999,-9999,-9999,0,0,-9999,-9999,-9999
208,2017,1,27,15,-9999,-9999,-9999,0,0,-9999,-9999,-9999
209,2017,1,27,18,-9999,-9999,-9999,0,0,-9999,-9999,-9999
210,2017,1,27,21,-9999,-9999,-9999,0,0,-9999,-9999,-9999
211,2017,1,28,0,-9999,-9999,-9999,0,0,-9999,-9999,-9999
212,2017,1,28,3,-9999,-9999,-9999,0,0,-9999,-9999,-9999
213,2017,1,28,6,-9999,-9999,-9999,0,0,-9999,-9999,-9999
214,2017,1,28,9,-9999,-9999,-9999,0,0,-9999,-9999,-9999
215,2017,1,28,12,-9999,-9999,-9999,0,0,-9999,-9999,-9999
216,2017,1,28,15,-9999,-9999,-9999,0,0,-9999,-9999,-9999
217,2017,1,28,18,-9999,-9999,-9999,0,0,-9999,-9999,-9999
218,2017,1,28,21,-9999,-9999,-9999,0,0,-9999,-9999,-9999
219,2017,1,29,0,-9999,-9999,-9999,0,0,-9999,-9999,-9999
220,2017,1,29,3,-9999,-9999,-9999,0,0,-9999,-9999,-9999
221,2017,1,29,6,-9999,-9999,-9999,0,0,-9999,-9999,-9999
222,2017,1,29,9,-9999,-9999,-9999,0,0,-9999,-9999,-9999
223,2017,1,29,12,-9999,-9999,-9999,0,0,-9999,-9999,-9999
224,2017,1,29,15,-9999,-9999,-9999,0,0,-9999,-9999,-9999
225,2017,1,29,18,-9999,-9999,-9999,0,0,-9999,-9999,-9999
226,2017,1,29,21,-9999,-9999,-9999,0,0,-9999,-9999,-9999
227,2017,1,30,0,-9999,-9999,-9999,0,0,-9999,-9999,-9999
228,2017,1,30,3,-9999,-9999,-9999,0,0,-9999,-9999,-9999
229,2017,1,30,6,-9999,-9999,-9999,0,0,-9999,-9999,-9999
230,2017,1,30,9,-9999,-9999,-9999,0,0,-9999,-9999,-9999
231,2017,1,30,12,-9999,-9999,-9999,0,0,-9999,-9999,-9999
232,2017,1,30,15,-9999,-9999,-9999,0,0,-9999,-9999,-9999
233,2017,1,30,18,-9999,-9999,-9999,0,0,-9999,-9999,-9999
234,2017,1,30,21,-9999,-9999,-9999,0,0,-9999,-9999,-9999
235,2017,1,31,0,-9999,-9999,-9999,0,0,-9999,-9999,-9999
236,2017,1,31,3,-9999,-9999,-9999,0,0,-9999,-9999,-9999
237,2017,1,31,6,-9999,-9999,-9999,0,0,-9999,-9999,-9999
238,2017,1,31,9,-9999,-9999,-9999,0,0,-9999,-9999,-9999
239,2017,1,31,12,-9999,-9999,-9999,0,0,-9999,-9999,-9999
240,2017,1,31,15,-9999,-9999,-9999,0,0,-9999,-9999,-9999
241,2017,1,31,18,-9999,-9999,-9999,0,0,-9999,-9999,-9999
242,2017,1,31,21,-9999,-9999,-9999,0,0,-9999,-9999,-9999
243,2017,2,1,0,-9999,-9999,-9999,0,0,-9999,-9999,-9999
244,2017,2,1,3,-9999,-9999,-9999,0,0,-9999,-9999,-9999
245,2017,2,1,6,-9999,-9999,-9999,0,0,-9999,-9999,-9999
246,2017,2,1,9,-9999,-9999,-9999,0,0,-9999,-9999,-9999
247,2017,2,1,12,-9999,-9999,-9999,0,0,-9999,-9999,-9999
248,2017,2,1,15,-9999,-9999,-9999,0,0,-9999,-9999,-9999
249,2017,2,1,18,-9999,-9999,-9999,0,0,-9999,-9999,-9999
250,2017,2,1,21,-9999,-9999,-9999,0,0,-9999,-9999,-9999
251,2017,2,2,0,-9999,-9999,-9999,0,0,-9999,-9999,-9999
252,2017,2,2,3,-9999,-9999,-9999,0,0,-9999,-9999,-9999
253,2017,2,2,6,-9999,-9999,-9999,0,0,-9999,-9999,-9999
254,2017,2,2,9,-9999,-9999,-9999,0,0,-9999,-9999,-9999
255,2017,2,2,12,-9999,-9999,-9999,0,0,-9999,-9999,-9999
256,2017,2,2,15,-9999,-9999,-9999,0,0,-9999,-9999,-9999
257,2017,2,2,18,-9999,-9999,-9999,0,0,-9999,-9999,-9999
258,2017,2,2,21,-9999,-9999,-9999,0,0,-9999,-9999,-9999
259,2017,2,3,0,-9999,-9999,-9999,0,0,-9999,-9999,-9999
260,2017,2,3,3,-9999,-9999,-9999,0,0,-9999,-9999,-9999
261,2017,2,3,6,-9999,-9999,-9999,0,0,-9999,-9999,-9999
262,2017,2,3,9,-9999,-9999,-9999,0,0,-9999,-9999,-9999
263,2017,2,3,12,-9999,-9999,-9999,0,0,-9999,-9999,-9999
264,2017,2,3,15,-9999,-9999,-9999,0,0,-9999,-9999,-9999
265,2017,2,3,18,-9999,-9999,-9999,0,0,-9999,-9999,-9999
266,2017,2,3,21,-9999,-9999,-9999,0,0,-9999,-9999,-9999
267,2017,2,4,0,-9999,-9999,-9999,0,0,-9999,-9999,-9999
268,2017,2,4,3,-9999,-9999,-9999,0,0,-9999,-9999,-9999
269,2017,2,4,6,-9999,-9999,-9999,0,0,-9999,-9999,-9999
270,2017,2,4,9,-9999,-9999,-9999,0,0,-9999,-9999,-9999
271,2017,2,4,12,-9999,-9999,-9999,0,0,-9999,-9999,-9999
272,2017,2,4,15,-9999,-9999,-9999,0,0,-9999,-9999,-9999
273,2017,2,4,18,-9999,-9999,-9999,0,0,-9999,-9999,-9999
274,2017,2,4,21,-9999,-9999,-9999,0,0,-9999,-9999,-9999
275,2017,2,5,0,-9999,-9999,-9999,0,0,-9999,-9999,-9999
276,2017,2,5,3,-9999,-9999,-9999,0,0,-9999,-9999,-9999
277,2017,2,5,6,-9999,-9999,-9999,0,0,-9999,-9999,-9999
278,2017,2,5,9,-9999,-9999,-9999,0,0,-9999,-9999,-9999
279,2017,2,5,12,-9999,-9999,-9999,0,0,-9999,-9999,-9999
280,2017,2,5,15,-9999,-9999,-9999,0,0,-9999,-9999,-9999
281,2017,2,5,18,-9999,-9999,-9999,0,0,-9999,-9999,-9999
282,2017,2,5,21,-9999,-9999,-9999,0,0,-9999,-9999,-9999
283,2017,2,6,0,-9999,-9999,-9999,0,0,-9999,-9999,-9999
284,2017,2,6,3,-9999,-9999,-9999,0,0,-9999,-9999,-9999
285,2017,2,6,6,-9999,-9999,-9999,0,0,-9999,-9999,-9999
286,2017,2,6,9,-9999,-9999,-9999,0,0,-9999,-9999,-9999
287,2017,2,6,12,-9999,-9999,-9999,0,0,-9999,-9999,-9999
288,2017,2,6,15,-9999,-9999,-9999,0,0,-9999,-9999,-9999
289,2017,2,6,18,-9999,-9999,-9999,0,0,-9999,-9999,-9999
290,2017,2,6,21,-9999,-9999,-9999,0,0,-9999,-9999,-9999
291,2017,2,7,0,-9999,-9999,-9999,0,0,-9999,-9999,-9999
292,2017,2,7,3,-9999,-9999,-9999,0,0,-9999,-9999,-9999
293,2017,2,7,6,-9999,-9999,-9999,0,0,-9999,-9999,-9999
294,2017,2,7,9,-9999,-9999,-9999,0,0,-9999,-9999,-9999
295,2017,2,7,12,-9999,-9999,-9999,0,0,-9999,-9999,-9999
296,2017,2,7,15,-9999,-9999,-9999,0,0,-9999,-9999,-9999
297,2017,2,7,18,-9999,-9999,-9999,0,0,-9999,-9999,-9999
298,2017,2,7,21,-9999,-9999,-9999,0,0,-9999,-9999,-9999
299,2017,2,8,0,-9999,-9999,-9999,0,0,-9999,-9999,-9999
300,2017,2,8,3,-9999,-9999,-9999,0,0,-9999,-9999,-9999
301,2017,2,8,6,-9999,-9999,-9999,0,0,-9999,-9999,-9999
302,2017,2,8,9,-9999,-9999,-9999,0,0,-9999,-9999,-9999
303,2017,2,8,12,-9999,-9999,-9999,0,0,-9999,-9999,-9999
304,2017,2,8,15,-9999,-9999,-9999,0,0,-9999,-9999,-9999
305,2017,2,8,18,-9999,-9999,-9999,0,0,-9999,-9999,-9999
306,2017,2,8,21,-9999,-9999,-9999,0,0,-9999,-9999,-9999
307,2017,2,9,0,-9999,-9999,-9999,0,0,-9999,-9999,-9999
308,2017,2,9,3,-9999,-9999,-9999,0,0,-9999,-9999,-9999
309,2017,2,9,6,-9999,-9999,-9999,0,0,-9999,-9999,-9999
310,2017,2,9,9,-9999,-9999,-9999,0,0,-9999,-9999,-9999
311,2017,2,9,12,-9999,-9999,-9999,0,0,-9999,-9999,-9999
312,2017,2,9,15,-9999,-9999,-9999,0,0,-9999,-9999,-9999
313,2017,2,9,18,-9999,-9999,-9999,0,0,-9999,-9999,-9999
314,2017,2,9,21,-9999,-9999,-9999,0,0,-9999,-9999,-9999
315,2017,2,10,0,-9999,-9999,-9999,0,0,-9999,-9999,-9999
316,2017,2,10,3,-9999,-9999,-9999,0,0,-9999,-9999,-9999
317,2017,2,10,6,-9999,-9999,-9999,0,0,-9999,-9999,-9999
318,2017,2,10,9,-9999,-9999,-9999,0,0,-9999,-9999,-9999
319,2017,2,10,12,-9999,-9999,-9999,0,0,-9999,-9999,-9999
320,2017,2,10,15,-9999,-9999,-9999,0,0,-9999,-9999,-9999
321,2017,2,10,18,-9999,-9999,-9999,0,0,-9999,-9999,-9999
322,2017,2,10,21,-9999,-9999,-9999,0,0,-9999,-9999,-9999
323,2017,2,11,0,-9999,-9999,-9999,0,0,-9999,-9999,-9999
324,2017,2,11,3,-9999,-9999,-9999,0,0,-9999,-9999,-9999
325,2017,2,11,6,-9999,-9999,-9999,0,0,-9999,-9999,-9999
326,2017,2,11,9,-9999,-9999,-9999,0,0,-9999,-9999,-9999
327,2017,2,11,12,-9999,-9999,-9999,0,0,-9999,-9999,-9999
328,2017,2,11,15,-9999,-9999,-9999,0,0,-9999,-9999,-9999
329,2017,2,11,18,-9999,-9999,-9999,0,0,-9999,-9999,-9999
330,2017,2,11,21,-9999,-9999,-9999,0,0,-9999,-9999,-9999
331,2017,2,12,0,-9999,-9999,-9999,0,0,-9999,-9999,-9999
332,2017,2,12,3,-9999,-9999,-9999,0,0,-9999,-9999,-9999
333,2017,2,12,6,-9999,-9999,-9999,0,0,-9999,-9999,-9999
334,2017,2,12,9,-9999,-9999,-9999,0,0,-9999,-9999,-9999
335,2017,2,12,12,-9999,-9999,-9999,0,0,-9999,-9999,-9999
336,2017,2,12,15,-9999,-9999,-9999,0,0,-9999,-9999,-9999
337,2017,2,12,18,-9999,-9999,-9999,0,0,-9999,-9999,-9999
338,2017,2,12,21,-9999,-9999,-9999,0,0,-9999,-9999,-9999
339,2017,2,13,0,-9999,-9999,-9999,0,0,-9999,-9999,-9999
340,2017,2,13,3,-9999,-9999,-9999,0,0,-9999,-9999,-9999
341,2017,2,13,6,-9999,-9999,-9999,0,0,-9999,-9999,-9999
342,2017,2,13,9,-9999,-9999,-9999,0,0,-9999,-9999,-9999
343,2017,2,13,12,-9999,-9999,-9999,0,0,-9999,-9999,-9999
344,2017,2,13,15,-9999,-9999,-9999,0,0,-9999,-9999,-9999
345,2017,2,13,18,-9999,-9999,-9999,0,0,-9999,-9999,-9999
346,2017,2,13,21,-9999,-9999,-9999,0,0,-9999,-9999,-9999
347,2017,2,14,0,-9999,-9999,-9999,0,0,-9999,-9999,-9999
348,2017,2,14,3,-9999,-9999,-9999,0,0,-9999,-9999,-9999
349,2017,2,14,6,-9999,-9999,-9999,0,0,-9999,-9999,-9999
350,2017,2,14,9,-9999,-9999,-9999,0,0,-9999,-9999,-9999
351,2017,2,14,12,-9999,-9999,-9999,0,0,-9999,-9999,-9999
352,2017,2,14,15,-9999,-9999,-9999,0,0,-9999,-9999,-9999
353,2017,2,14,18,-9999,-9999,-9999,0,0,-9999,-9999,-9999
354,2017,2,14,21,-9999,-9999,-9999,0,0,-9999,-9999,-9999
355,2017,2,15,0,-9999,-9999,-9999,0,0,-9999,-9999,-9999
356,2017,2,15,3,-9999,-9999,-9999,0,0,-9999,-9999,-9999
357,2017,2,15,6,-9999,-9999,-9999,0,0,-9999,-9999,-9999
358,2017,2,15,9,-9999,-9999,-9999,0,0,-9999,-9999,-9999
359,2017,2,15,12,-9999,-9999,-9999,0,0,-9999,-9999,-9999
360,2017,2,15,15,-9999,-9999,-9999,0,0,-9999,-9999,-9999
361,2017,2,15,18,-9999,-9999,-9999,0,0,-9999,-9999,-9999
362,2017,2,15,21,-9999,-9999,-9999,0,0,-9999,-9999,-9999
363,2017,2,16,0,-9999,-9999,-9999,0,0,-9999,-9999,-9999
364,2017,2,16,3,-9999,-9999,-9999,0,0,-9999,-9999,-9999
365,2017,2,16,6,-9999,-9999,-9999,0,0,-9999,-9999,-9999
366,2017,2,16,9,-9999,-9999,-9999,0,0,-9999,-9999,-9999
367,2017,2,16,12,-9999,-9999,-9999,0,0,-9999,-9999,-9999
368,2017,2,16,15,-9999,-9999,-9999,0,0,-9999,-9999,-9999
369,2017,2,16,18,-9999,-9999,-9999,0,0,-9999,-9999,-9999
370,2017,2,16,21,-9999,-9999,-9999,0,0,-9999,-9999,-9999
371,2017,2,17,0,-9999,-9999,-9999,0,0,-9999,-9999,-9999
372,2017,2,17,3,-9999,-9999,-9999,0,0,-9999,-9999,-9999
373,2017,2,17,6,-9999,-9999,-9999,0,0,-9999,-9999,-9999
374,2017,2,17,9,-9999,-9999,-9999,0,0,-9999,-9999,-9999
375,2017,2,17,12,-9999,-9999,-9999,0,0,-9999,-9999,-9999
376,2017,2,17,15,-9999,-9999,-9999,0,0,-9999,-9999,-9999
377,2017,2,17,18,-9999,-9999,-9999,0,0,-9999,-9999,-9999
378,2017,2,17,21,-9999,-9999,-9999,0,0,-9999,-9999,-9999
379,2017,2,18,0,-9999,-9999,-9999,0,0,-9999,-9999,-9999
380,2017,2,18,3,-9999,-9999,-9999,0,0,-9999,-9999,-9999
381,2017,2,18,6,-9999,-9999,-9999,0,0,-9999,-9999,-9999
382,2017,2,18,9,-9999,-9999,-9999,0,0,-9999,-9999,-9999
383,2017,2,18,12,-9999,-9999,-9999,0,0,-9999,-9999,-9999
384,2017,2,18,15,-9999,-9999,-9999,0,0,-9999,-9999,-9999
385,2017,2,18,18,-9999,-9999,-9999,0,0,-9999,-9999,-9999
386,2017,2,18,21,-9999,-9999,-9999,0,0,-9999,-9999,-9999
387,2017,2,19,0,-9999,-9999,-9999,0,0,-9999,-9999,-9999
388,2017,2,19,3,-9999,-9999,-9999,0,0,-9999,-9999,-9999
389,2017,2,19,6,-9999,-9999,-9999,0,0,-9999,-9999,-9999
390,2017,2,19,9,-9999,-9999,-9999,0,0,-9999,-9999,-9999
391,2017,2,19,12,-9999,-9999,-9999,0,0,-9999,-9999,-9999
392,2017,2,19,15,-9999,-9999,-9999,0,0,-9999,-9999,-9999
393,2017,2,19,18,-9999,-9999,-9999,0,0,-9999,-9999,-9999
394,2017,2,19,21,-9999,-9999,-9999,0,0,-9999,-9999,-9999
395,2017,2,20,0,-9999,-9999,-9999,0,0,-9999,-9999,-9999
396,2017,2,20,3,-9999,-9999,-9999,0,0,-9999,-9999,-9999
397,2017,2,20,6,-9999,-9999,-9999,0,0,-9999,-9999,-9999
398,2017,2,20,9,-9999,-9999,-9999,0,0,-9999,-9999,-9999
399,2017,2,20,12,-9999,-9999,-9999,0,0,-9999,-9999,-9999
400,2017,2,20,15,-9999,-9999,-9999,0,0,-9999,-9999,-9999
401,2017,2,20,18,-9999,-9999,-9999,0,0,-9999,-9999,-9999
402,2017,2,20,21,-9999,-9999,-9999,0,0,-9999,-9999,-9999
403,2017,2,21,0,-9999,-9999,-9999,0,0,-9999,-9999,-9999
404,2017,2,21,3,-9999,-9999,-9999,0,0,-9999,-9999,-9999
405,2017,2,21,6,-9999,-9999,-9999,0,0,-9999,-9999,-9999
406,2017,2,21,9,-9999,-9999,-9999,0,0,-9999,-9999,-9999
407,2017,2,21,12,-9999,-9999,-9999,0,0,-9999,-9999,-9999
408,2017,2,21,15,-9999,-9999,-9999,0,0,-9999,-9999,-9999
409,2017,2,21,18,-9999,-9999,-9999,0,0,-9999,-9999,-9999
410,2017,2,21,21,-9999,-9999,-9999,0,0,-9999,-9999,-9999
411,2017,2,22,0,-9999,-9999,-9999,0,0,-9999,-9999,-9999
412,2017,2,22,3,-9999,-9999,-9999,0,0,-9999,-9999,-9999
413,2017,2,22,6,-9999,-9999,-9999,0,0,-9999,-9999,-9999
414,2017,2,22,9,-9999,-9999,-9999,0,0,-9999,-9999,-9999
415,2017,2,22,12,-9999,-9999,-9999,0,0,-9999,-9999,-9999
416,2017,2,22,15,-9999,-9999,-9999,0,0,-9999,-9999,-9999
417,2017,2,22,18,-9999,-9999,-9999,0,0,-9999,-9999,-9999
418,2017,2,22,21,-9999,-9999,-9999,0,0,-9999,-9999,-9999
419,2017,2,23,0,-9999,-9999,-9999,0,0,-9999,-9999,-9999
420,2017,2,23,3,-9999,-9999,-9999,0,0,-9999,-9999,-9999
421,2017,2,23,6,-9999,-9999,-9999,0,0,-9999,-9999,-9999
422,2017,2,23,9,-9999,-9999,-9999,0,0,-9999,-9999,-9999
423,2017,2,23,12,-9999,-9999,-9999,0,0,-9999,-9999,-9999
424,2017,2,23,15,-9999,-9999,-9999,0,0,-9999,-9999,-9999
425,2017,2,23,18,-9999,-9999,-9999,0,0,-9999,-9999,-9999
426,2017,2,23,21,-9999,-9999,-9999,0,0,-9999,-9999,-9999
427,2017,2,24,0,-9999,-9999,-9999,0,0,-9999,-9999,-9999
428,2017,2,24,3,-9999,-9999,-9999,0,0,-9999,-9999,-9999
429,2017,2,24,6,-9999,-9999,-9999,0,0,-9999,-9999,-9999
430,2017,2,24,9,-9999,-9999,-9999,0,0,-9999,-9999,-9999
431,2017,2,24,12,-9999,-9999,-9999,0,0,-9999,-9999,-9999
432,2017,2,24,15,-9999,-9999,-9999,0,0,-9999,-9999,-9999
433,2017,2,24,18,-9999,-9999,-9999,0,0,-9999,-9999,-9999
434,2017,2,24,21,-9999,-9999,-9999,0,0,-9999,-9999,-9999
435,2017,2,25,0,-9999,-9999,-9999,0,0,-9999,-9999,-9999
436,2017,2,25,3,-9999,-9999,-9999,0,0,-9999,-9999,-9999
437,2017,2,25,6,-9999,-9999,-9999,0,0,-9999,-9999,-9999
438,2017,2,25,9,-9999,-9999,-9999,0,0,-9999,-9999,-9999
439,2017,2,25,12,-9999,-9999,-9999,0,0,-9999,-9999,-9999
440,2017,2,25,15,-9999,-9999,-9999,0,0,-9999,-9999,-9999
441,2017,2,25,18,-9999,-9999,-9999,0,0,-9999,-9999,-9999
442,2017,2,25,21,-9999,-9999,-9999,0,0,-9999,-9999,-9999
443,2017,2,26,0,-9999,-9999,-9999,0,0,-9999,-9999,-9999
444,2017,2,26,3,-9999,-9999,-9999,0,0,-9999,-9999,-9999
445,2017,2,26,6,-9999,-9999,-9999,0,0,-9999,-9999,-9999
446,2017,2,26,9,-9999,-9999,-9999,0,0,-9999,-9999,-9999
447,2017,2,26,12,-9999,-9999,-9999,0,0,-9999,-9999,-9999
448,2017,2,26,15,-9999,-9999,-9999,0,0,-9999,-9999,-9999
449,2017,2,26,18,-9999,-9999,-9999,0,0,-9999,-9999,-9999
450,2017,2,26,21,-9999,-9999,-9999,0,0,-9999,-9999,-9999
451,2017,2,27,0,-9999,-9999,-9999,0,0,-9999,-9999,-9999
452,2017,2,27,3,-9999,-9999,-9999,0,0,-9999,-9999,-9999
453,2017,2,27,6,-9999,-9999,-9999,0,0,-9999,-9999,-9999
454,2017,2,27,9,-9999,-9999,-9999,0,0,-9999,-9999,-9999
455,2017,2,27,12,-9999,-9999,-9999,0,0,-9999,-9999,-9999
456,2017,2,27,15,-9999,-9999,-9999,0,0,-9999,-9999,-9999
457,2017,2,27,18,-9999,-9999,-9999,0,0,-9999,-9999,-9999
458,2017,2,27,21,-9999,-9999,-9999,0,0,-9999,-9999,-9999
459,2017,2,28,0,-9999,-9999,-9999,0,0,-9999,-9999,-9999
460,2017,2,28,3,-9999,-9999,-9999,0,0,-9999,-9999,-9999
461,2017,2,28,6,-9999,-9999,-9999,0,0,-9999,-9999,-9999
462,2017,2,28,9,-9999,-9999,-9999,0,0,-9999,-9999,-9999
463,2017,2,28,12,-9999,-9999,-9999,0,0,-9999,-9999,-9999
464,2017,2,28,15,-9999,-9999,-9999,0,0,-9999,-9999,-9999
465,2017,2,28,18,-9999,-9999,-9999,0,0,-9999,-9999,-9999
466,2017,2,28,21,-9999,-9999,-9999,0,0,-9999,-9999,-9999
467,2017,3,1,0,-9999,-9999,-9999,0,0,-9999,-9999,-9999
468,2017,3,1,3,-9999,-9999,-9999,0,0,-9999,-9999,-9999
469,2017,3,1,6,-9999,-9999,-9999,0,0,-9999,-9999,-9999
470,2017,3,1,9,-9999,-9999,-9999,0,0,-9999,-9999,-9999
471,2017,3,1,12,-9999,-9999,-9999,0,0,-9999,-9999,-9999
472,2017,3,1,15,-9999,-9999,-9999,0,0,-9999,-9999,-9999
473,2017,3,1,18,-9999,-9999,-9999,0,0,-9999,-9999,-9999
474,2017,3,1,21,-9999,-9999,-9999,0,0,-9999,-9999,-9999
475,2017,3,2,0,-9999,-9999,-9999,0,0,-9999,-9999,-9999
476,2017,3,2,3,-9999,-9999,-9999,0,0,-9999,-9999,-9999
477,2017,3,2,6,-9999,-9999,-9999,0,0,-9999,-9999,-9999
478,2017,3,2,9,-9999,-9999,-9999,0,0,-9999,-9999,-9999
479,2017,3,2,12,-9999,-9999,-9999,0,0,-9999,-9999,-9999
480,2017,3,2,15,-9999,-9999,-9999,0,0,-9999,-9999,-9999
481,2017,3,2,18,-9999,-9999,-9999,0,0,-9999,-9999,-9999
482,2017,3,2,21,-9999,-9999,-9999,0,0,-9999,-9999,-9999
483,2017,3,3,0,-9999,-9999,-9999,0,0,-9999,-9999,-9999
484,2017,3,3,3,-9999,-9999,-9999,0,0,-9999,-9999,-9999
485,2017,3,3,6,-9999,-9999,-9999,0,0,-9999,-9999,-9999
486,2017,3,3,9,-9999,-9999,-9999,0,0,-9999,-9999,-9999
487,2017,3,3,12,-9999,-9999,-9999,0,0,-9999,-9999,-9999
488,2017,3,3,15,-9999,-9999,-9999,0,0,-9999,-9999,-9999
489,2017,3,3,18,-9999,-9999,-9999,0,0,-9999,-9999,-9999
490,2017,3,3,21,-9999,-9999,-9999,0,0,-9999,-9999,-9999
491,2017,3,4,0,-9999,-9999,-9999,0,0,-9999,-9999,-9999
492,2017,3,4,3,-9999,-9999,-9999,0,0,-9999,-9999,-9999
493,2017,3,4,6,-9999,-9999,-9999,0,0,-9999,-9999,-9999
494,2017,3,4,9,-9999,-9999,-9999,0,0,-9999,-9999,-9999
495,2017,3,4,12,-9999,-9999,-9999,0,0,-9999,-9999,-9999
496,2017,3,4,15,-9999,-9999,-9999,0,0,-9999,-9999,-9999
497,2017,3,4,18,-9999,-9999,-9999,0,0,-9999,-9999,-9999
498,2017,3,4,21,-9999,-9999,-9999,0,0,-9999,-9999,-9999
499,2017,3,5,0,-9999,-9999,-9999,0,0,-9999,-9999,-9999
500,2017,3,5,3,-9999,-9999,-9999,0,0,-9999,-9999,-9999
501,2017,3,5,6,-9999,-9999,-9999,0,0,-9999,-9999,-9999
502,2017,3,5,9,-9999,-9999,-9999,0,0,-9999,-9999,-9999
503,2017,3,5,12,-9999,-9999,-9999,0,0,-9999,-9999,-9999
504,2017,3,5,15,-9999,-9999,-9999,0,0,-9999,-9999,-9999
505,2017,3,5,18,-9999,-9999,-9999,0,0,-9999,-9999,-9999
506,2017,3,5,21,-9999,-9999,-9999,0,0,-9999,-9999,-9999
507,2017,3,6,0,-9999,-9999,-9999,0,0,-9999,-9999,-9999
508,2017,3,6,3,-9999,-9999,-9999,0,0,-9999,-9999,-9999
509,2017,3,6,6,-9999,-9999,-9999,0,0,-9999,-9999,-9999
510,2017,3,6,9,-9999,-9999,-9999,0,0,-9999,-9999,-9999
511,2017,3,6,15,-9999,-9999,-9999,0,0,-9999,-9999,-9999
512,2017,3,6,18,-9999,-9999,-9999,0,0,-9999,-9999,-9999
513,2017,3,6,21,-9999,-9999,-9999,0,0,-9999,-9999,-9999
514,2017,3,7,0,-9999,-9999,-9999,0,0,-9999,-9999,-9999
515,2017,3,7,3,-9999,-9999,-9999,0,0,-9999,-9999,-9999
516,2017,3,7,6,-9999,-9999,-9999,0,0,-9999,-9999,-9999
517,2017,3,7,9,-9999,-9999,-9999,0,0,-9999,-9999,-9999
518,2017,3,7,12,-9999,-9999,-9999,0,0,-9999,-9999,-9999
519,2017,3,7,15,-9999,-9999,-9999,0,0,-9999,-9999,-9999
520,2017,3,7,18,-9999,-9999,-9999,0,0,-9999,-9999,-9999
521,2017,3,7,21,-9999,-9999,-9999,0,0,-9999,-9999,-9999
522,2017,3,8,0,-9999,-9999,-9999,0,0,-9999,-9999,-9999
523,2017,3,8,3,-9999,-9999,-9999,0,0,-9999,-9999,-9999
524,2017,3,8,6,-9999,-9999,-9999,0,0,-9999,-9999,-9999
525,2017,3,8,9,-9999,-9999,-9999,0,0,-9999,-9999,-9999
526,2017,3,8,12,-9999,-9999,-9999,0,0,-9999,-9999,-9999
527,2017,3,8,15,-9999,-9999,-9999,0,0,-9999,-9999,-9999
528,2017,3,8,18,-9999,-9999,-9999,0,0,-9999,-9999,-9999
529,2017,3,8,21,-9999,-9999,-9999,0,0,-9999,-9999,-9999
530,2017,3,9,0,-9999,-9999,-9999,0,0,-9999,-9999,-9999
531,2017,3,9,3,-9999,-9999,-9999,0,0,-9999,-9999,-9999
532,2017,3,9,6,-9999,-9999,-9999,0,0,-9999,-9999,-9999
533,2017,3,9,9,-9999,-9999,-9999,0,0,-9999,-9999,-9999
534,2017,3,9,12,-9999,-9999,-9999,0,0,-9999,-9999,-9999
535,2017,3,9,15,-9999,-9999,-9999,0,0,-9999,-9999,-9999
536,2017,3,9,18,-9999,-9999,-9999,0,0,-9999,-9999,-9999
537,2017,3,9,21,-9999,-9999,-9999,0,0,-9999,-9999,-9999
538,2017,3,10,0,-9999,-9999,-9999,0,0,-9999,-9999,-9999
539,2017,3,10,3,-9999,-9999,-9999,0,0,-9999,-9999,-9999
540,2017,3,10,6,-9999,-9999,-9999,0,0,-9999,-9999,-9999
541,2017,3,10,9,-9999,-9999,-9999,0,0,-9999,-9999,-9999
542,2017,3,10,12,-9999,-9999,-9999,0,0,-9999,-9999,-9999
543,2017,3,10,15,-9999,-9999,-9999,0,0,-9999,-9999,-9999
544,2017,3,10,18,-9999,-9999,-9999,0,0,-9999,-9999,-9999
545,2017,3,10,21,-9999,-9999,-9999,0,0,-9999,-9999,-9999
546,2017,3,11,0,-9999,-9999,-9999,0,0,-9999,-9999,-9999
547,2017,3,11,3,-9999,-9999,-9999,0,0,-9999,-9999,-9999
548,2017,3,11,6,-9999,-9999,-9999,0,0,-9999,-9999,-9999
549,2017,3,11,9,-9999,-9999,-9999,0,0,-9999,-9999,-9999
550,2017,3,11,12,-9999,-9999,-9999,0,0,-9999,-9999,-9999
551,2017,3,11,15,-9999,-9999,-9999,0,0,-9999,-9999,-9999
552,2017,3,11,18,-9999,-9999,-9999,0,0,-9999,-9999,-9999
553,2017,3,11,21,-9999,-9999,-9999,0,0,-9999,-9999,-9999
554,2017,3,12,0,-9999,-9999,-9999,0,0,-9999,-9999,-9999
555,2017,3,12,3,-9999,-9999,-9999,0,0,-9999,-9999,-9999
556,2017,3,12,6,-9999,-9999,-9999,0,0,-9999,-9999,-9999
557,2017,3,12,9,-9999,-9999,-9999,0,0,-9999,-9999,-9999
558,2017,3,12,12,-9999,-9999,-9999,0,0,-9999,-9999,-9999
559,2017,3,12,15,-9999,-9999,-9999,0,0,-9999,-9999,-9999
560,2017,3,12,18,-9999,-9999,-9999,0,0,-9999,-9999,-9999
561,2017,3,12,21,-9999,-9999,-9999,0,0,-9999,-9999,-9999
562,2017,3,13,0,-9999,-9999,-9999,0,0,-9999,-9999,-9999
563,2017,3,13,3,-9999,-9999,-9999,0,0,-9999,-9999,-9999
564,2017,3,13,6,-9999,-9999,-9999,0,0,-9999,-9999,-9999
565,2017,3,13,9,-9999,-9999,-9999,0,0,-9999,-9999,-9999
566,2017,3,13,12,-9999,-9999,-9999,0,0,-9999,-9999,-9999
567,2017,3,13,15,-9999,-9999,-9999,0,0,-9999,-9999,-9999
568,2017,3,13,18,-9999,-9999,-9999,0,0,-9999,-9999,-9999
569,2017,3,13,21,-9999,-9999,-9999,0,0,-9999,-9999,-9999
570,2017,3,14,0,-9999,-9999,-9999,0,0,-9999,-9999,-9999
571,2017,3,14,3,-9999,-9999,-9999,0,0,-9999,-9999,-9999
572,2017,3,14,6,-9999,-9999,-9999,0,0,-9999,-9999,-9999
573,2017,3,14,9,-9999,-9999,-9999,0,0,-9999,-9999,-9999
574,2017,3,14,12,-9999,-9999,-9999,0,0,-9999,-9999,-9999
575,2017,3,14,15,-9999,-9999,-9999,0,0,-9999,-9999,-9999
576,2017,3,14,18,-9999,-9999,-9999,0,0,-9999,-9999,-9999
577,2017,3,14,21,-9999,-9999,-9999,0,0,-9999,-9999,-9999
578,2017,3,15,0,-9999,-9999,-9999,0,0,-9999,-9999,-9999
579,2017,3,15,3,-9999,-9999,-9999,0,0,-9999,-9999,-9999
580,2017,3,15,6,-9999,-9999,-9999,0,0,-9999,-9999,-9999
581,2017,3,15,9,-9999,-9999,-9999,0,0,-9999,-9999,-9999
582,2017,3,15,12,-9999,-9999,-9999,0,0,-9999,-9999,-9999
583,2017,3,15,15,-9999,-9999,-9999,0,0,-9999,-9999,-9999
584,2017,3,15,18,-9999,-9999,-9999,0,0,-9999,-9999,-9999
585,2017,3,16,9,-9999,-9999,-9999,0,0,-9999,-9999,-9999
586,2017,3,16,12,-9999,-9999,-9999,0,0,-9999,-9999,-9999
587,2017,3,16,15,-9999,-9999,-9999,0,0,-9999,-9999,-9999
588,2017,3,16,18,-9999,-9999,-9999,0,0,-9999,-9999,-9999
589,2017,3,16,21,-9999,-9999,-9999,0,0,-9999,-9999,-9999
590,2017,3,17,0,-9999,-9999,-9999,0,0,-9999,-9999,-9999
591,2017,3,17,3,-9999,-9999,-9999,0,0,-9999,-9999,-9999
592,2017,3,17,6,-9999,-9999,-9999,0,0,-9999,-9999,-9999
593,2017,3,17,9,-9999,-9999,-9999,0,0,-9999,-9999,-9999
594,2017,3,17,12,-9999,-9999,-9999,0,0,-9999,-9999,-9999
595,2017,3,17,15,-9999,-9999,-9999,0,0,-9999,-9999,-9999
596,2017,3,17,18,-9999,-9999,-9999,0,0,-9999,-9999,-9999
597,2017,3,17,21,-9999,-9999,-9999,0,0,-9999,-9999,-9999
598,2017,3,18,0,-9999,-9999,-9999,0,0,-9999,-9999,-9999
599,2017,3,18,3,-9999,-9999,-9999,0,0,-9999,-9999,-9999
600,2017,3,18,6,-9999,-9999,-9999,0,0,-9999,-9999,-9999
601,2017,3,18,9,-9999,-9999,-9999,0,0,-9999,-9999,-9999
602,2017,3,18,12,-9999,-9999,-9999,0,0,-9999,-9999,-9999
603,2017,3,18,15,-9999,-9999,-9999,0,0,-9999,-9999,-9999
604,2017,3,18,18,-9999,-9999,-9999,0,0,-9999,-9999,-9999
605,2017,3,18,21,-9999,-9999,-9999,0,0,-9999,-9999,-9999
606,2017,3,19,0,-9999,-9999,-9999,0,0,-9999,-9999,-9999
607,2017,3,19,3,-9999,-9999,-9999,0,0,-9999,-9999,-9999
608,2017,3,19,6,-9999,-9999,-9999,0,0,-9999,-9999,-9999
609,2017,3,19,9,-9999,-9999,-9999,0,0,-9999,-9999,-9999
610,2017,3,19,12,-9999,-9999,-9999,0,0,-9999,-9999,-9999
611,2017,3,19,15,-9999,-9999,-9999,0,0,-9999,-9999,-9999
612,2017,3,19,18,-9999,-9999,-9999,0,0,-9999,-9999,-9999
613,2017,3,19,21,-9999,-9999,-9999,0,0,-9999,-9999,-9999
614,2017,3,20,0,-9999,-9999,-9999,0,0,-9999,-9999,-9999
615,2017,3,20,3,-9999,-9999,-9999,0,0,-9999,-9999,-9999
616,2017,3,20,6,-9999,-9999,-9999,0,0,-9999,-9999,-9999
617,2017,3,20,9,-9999,-9999,-9999,0,0,-9999,-9999,-9999
618,2017,3,20,12,-9999,-9999,-9999,0,0,-9999,-9999,-9999
619,2017,3,20,15,-9999,-9999,-9999,0,0,-9999,-9999,-9999
620,2017,3,20,18,-9999,-9999,-9999,0,0,-9999,-9999,-9999
621,2017,3,20,21,-9999,-9999,-9999,0,0,-9999,-9999,-9999
622,2017,3,21,0,-9999,-9999,-9999,0,0,-9999,-9999,-9999
623,2017,3,21,3,-9999,-9999,-9999,0,0,-9999,-9999,-9999
624,2017,3,21,6,-9999,-9999,-9999,0,0,-9999,-9999,-9999
625,2017,3,21,9,-9999,-9999,-9999,0,0,-9999,-9999,-9999
626,2017,3,21,12,-9999,-9999,-9999,0,0,-9999,-9999,-9999
627,2017,3,21,15,-9999,-9999,-9999,0,0,-9999,-9999,-9999
628,2017,3,21,18,-9999,-9999,-9999,0,0,-9999,-9999,-9999
629,2017,3,21,21,-9999,-9999,-9999,0,0,-9999,-9999,-9999
630,2017,3,22,0,-9999,-9999,-9999,0,0,-9999,-9999,-9999
631,2017,3,22,3,-9999,-9999,-9999,0,0,-9999,-9999,-9999
632,2017,3,22,6,-9999,-9999,-9999,0,0,-9999,-9999,-9999
633,2017,3,22,9,-9999,-9999,-9999,0,0,-9999,-9999,-9999
634,2017,3,22,12,-9999,-9999,-9999,0,0,-9999,-9999,-9999
635,2017,3,22,15,-9999,-9999,-9999,0,0,-9999,-9999,-9999
636,2017,3,22,18,-9999,-9999,-9999,0,0,-9999,-9999,-9999
637,2017,3,22,21,-9999,-9999,-9999,0,0,-9999,-9999,-9999
638,2017,3,23,0,-9999,-9999,-9999,0,0,-9999,-9999,-9999
639,2017,3,23,3,-9999,-9999,-9999,0,0,-9999,-9999,-9999
640,2017,3,23,6,-9999,-9999,-9999,0,0,-9999,-9999,-9999
641,2017,3,23,9,-9999,-9999,-9999,0,0,-9999,-9999,-9999
642,2017,3,23,12,-9999,-9999,-9999,0,0,-9999,-9999,-9999
643,2017,3,23,15,-9999,-9999,-9999,0,0,-9999,-9999,-9999
644,2017,3,23,18,-9999,-9999,-9999,0,0,-9999,-9999,-9999
645,2017,3,23,21,-9999,-9999,-9999,0,0,-9999,-9999,-9999
646,2017,3,24,0,-9999,-9999,-9999,0,0,-9999,-9999,-9999
647,2017,3,24,3,-9999,-9999,-9999,0,0,-9999,-9999,-9999
648,2017,3,24,6,-9999,-9999,-9999,0,0,-9999,-9999,-9999
649,2017,3,24,9,-9999,-9999,-9999,0,0,-9999,-9999,-9999
650,2017,3,24,12,-9999,-9999,-9999,0,0,-9999,-9999,-9999
651,2017,3,24,15,-9999,-9999,-9999,0,0,-9999,-9999,-9999
652,2017,3,24,18,-9999,-9999,-9999,0,0,-9999,-9999,-9999
653,2017,3,24,21,-9999,-9999,-9999,0,0,-9999,-9999,-9999
654,2017,3,25,0,-9999,-9999,-9999,0,0,-9999,-9999,-9999
655,2017,3,25,3,-9999,-9999,-9999,0,0,-9999,-9999,-9999
656,2017,3,25,6,-9999,-9999,-9999,0,0,-9999,-9999,-9999
657,2017,3,25,9,-9999,-9999,-9999,0,0,-9999,-9999,-9999
658,2017,3,25,12,-9999,-9999,-9999,0,0,-9999,-9999,-9999
659,2017,3,25,15,-9999,-9999,-9999,0,0,-9999,-9999,-9999
660,2017,3,25,18,-9999,-9999,-9999,0,0,-9999,-9999,-9999
661,2017,3,25,21,-9999,-9999,-9999,0,0,-9999,-9999,-9999
662,2017,3,26,0,-9999,-9999,-9999,0,0,-9999,-9999,-9999
663,2017,3,26,3,-9999,-9999,-9999,0,0,-9999,-9999,-9999
664,2017,3,26,6,-9999,-9999,-9999,0,0,-9999,-9999,-9999
665,2017,3,26,9,-9999,-9999,-9999,0,0,-9999,-9999,-9999
666,2017,3,26,12,-9999,-9999,-9999,0,0,-9999,-9999,-9999
667,2017,3,26,15,-9999,-9999,-9999,0,0,-9999,-9999,-9999
668,2017,3,26,18,-9999,-9999,-9999,0,0,-9999,-9999,-9999
669,2017,3,26,21,-9999,-9999,-9999,0,0,-9999,-9999,-9999
670,2017,3,27,0,-9999,-9999,-9999,0,0,-9999,-9999,-9999
671,2017,3,27,3,-9999,-9999,-9999,0,0,-9999,-9999,-9999
672,2017,3,27,6,-9999,-9999,-9999,0,0,-9999,-9999,-9999
673,2017,3,27,9,-9999,-9999,-9999,0,0,-9999,-9999,-9999
674,2017,3,27,12,-9999,-9999,-9999,0,0,-9999,-9999,-9999
675,2017,3,27,15,-9999,-9999,-9999,0,0,-9999,-9999,-9999
676,2017,3,27,18,-9999,-9999,-9999,0,0,-9999,-9999,-9999
677,2017,3,27,21,-9999,-9999,-9999,0,0,-9999,-9999,-9999
678,2017,3,28,0,-9999,-9999,-9999,0,0,-9999,-9999,-9999
679,2017,3,28,3,-9999,-9999,-9999,0,0,-9999,-9999,-9999
680,2017,3,28,6,-9999,-9999,-9999,0,0,-9999,-9999,-9999
681,2017,3,28,9,-9999,-9999,-9999,0,0,-9999,-9999,-9999
682,2017,3,28,12,-9999,-9999,-9999,0,0,-9999,-9999,-9999
683,2017,3,28,15,-9999,-9999,-9999,0,0,-9999,-9999,-9999
684,2017,3,28,18,-9999,-9999,-9999,0,0,-9999,-9999,-9999
685,2017,3,28,21,-9999,-9999,-9999,0,0,-9999,-9999,-9999
686,2017,3,29,0,-9999,-9999,-9999,0,0,-9999,-9999,-9999
687,2017,3,29,3,-9999,-9999,-9999,0,0,-9999,-9999,-9999
688,2017,3,29,6,-9999,-9999,-9999,0,0,-9999,-9999,-9999
689,2017,3,29,9,-9999,-9999,-9999,0,0,-9999,-9999,-9999
690,2017,3,29,12,-9999,-9999,-9999,0,0,-9999,-9999,-9999
691,2017,3,29,15,-9999,-9999,-9999,0,0,-9999,-9999,-9999
692,2017,3,29,18,-9999,-9999,-9999,0,0,-9999,-9999,-9999
693,2017,3,29,21,-9999,-9999,-9999,0,0,-9999,-9999,-9999
694,2017,3,30,0,-9999,-9999,-9999,0,0,-9999,-9999,-9999
695,2017,3,30,3,-9999,-9999,-9999,0,0,-9999,-9999,-9999
696,2017,3,30,6,-9999,-9999,-9999,0,0,-9999,-9999,-9999
697,2017,3,30,9,-9999,-9999,-9999,0,0,-9999,-9999,-9999
698,2017,3,30,12,-9999,-9999,-9999,0,0,-9999,-9999,-9999
699,2017,3,30,15,-9999,-9999,-9999,0,0,-9999,-9999,-9999
700,2017,3,30,18,-9999,-9999,-9999,0,0,-9999,-9999,-9999
701,2017,3,30,21,-9999,-9999,-9999,0,0,-9999,-9999,-9999
702,2017,3,31,0,-9999,-9999,-9999,0,0,-9999,-9999,-9999
703,2017,3,31,3,-9999,-9999,-9999,0,0,-9999,-9999,-9999
704,2017,3,31,6,-9999,-9999,-9999,0,0,-9999,-9999,-9999
705,2017,3,31,9,-9999,-9999,-9999,0,0,-9999,-9999,-9999
706,2017,3,31,12,-9999,-9999,-9999,0,0,-9999,-9999,-9999
707,2017,3,31,15,-9999,-9999,-9999,0,0,-9999,-9999,-9999
708,2017,3,31,18,-9999,-9999,-9999,0,0,-9999,-9999,-9999
709,2017,3,31,21,-9999,-9999,-9999,0,0,-9999,-9999,-9999
710,2017,4,1,0,-9999,-9999,-9999,0,0,-9999,-9999,-9999
711,2017,4,1,3,-9999,-9999,-9999,0,0,-9999,-9999,-9999
712,2017,4,1,6,-9999,-9999,-9999,0,0,-9999,-9999,-9999
713,2017,4,1,9,-9999,-9999,-9999,0,0,-9999,-9999,-9999
714,2017,4,1,12,-9999,-9999,-9999,0,0,-9999,-9999,-9999
715,2017,4,1,15,-9999,-9999,-9999,0,0,-9999,-9999,-9999
716,2017,4,1,18,-9999,-9999,-9999,0,0,-9999,-9999,-9999
717,2017,4,1,21,-9999,-9999,-9999,0,0,-9999,-9999,-9999
718,2017,4,2,0,-9999,-9999,-9999,0,0,-9999,-9999,-9999
719,2017,4,2,3,-9999,-9999,-9999,0,0,-9999,-9999,-9999
720,2017,4,2,6,-9999,-9999,-9999,0,0,-9999,-9999,-9999
721,2017,4,2,9,-9999,-9999,-9999,0,0,-9999,-9999,-9999
722,2017,4,2,12,-9999,-9999,-9999,0,0,-9999,-9999,-9999
723,2017,4,2,15,-9999,-9999,-9999,0,0,-9999,-9999,-9999
724,2017,4,2,18,-9999,-9999,-9999,0,0,-9999,-9999,-9999
725,2017,4,2,21,-9999,-9999,-9999,0,0,-9999,-9999,-9999
726,2017,4,3,0,-9999,-9999,-9999,0,0,-9999,-9999,-9999
727,2017,4,3,3,-9999,-9999,-9999,0,0,-9999,-9999,-9999
728,2017,4,3,6,-9999,-9999,-9999,0,0,-9999,-9999,-9999
729,2017,4,3,9,-9999,-9999,-9999,0,0,-9999,-9999,-9999
730,2017,4,3,12,-9999,-9999,-9999,0,0,-9999,-9999,-9999
731,2017,4,3,15,-9999,-9999,-9999,0,0,-9999,-9999,-9999
732,2017,4,3,18,-9999,-9999,-9999,0,0,-9999,-9999,-9999
733,2017,4,3,21,-9999,-9999,-9999,0,0,-9999,-9999,-9999
734,2017,4,4,0,-9999,-9999,-9999,0,0,-9999,-9999,-9999
735,2017,4,4,3,-9999,-9999,-9999,0,0,-9999,-9999,-9999
736,2017,4,4,6,-9999,-9999,-9999,0,0,-9999,-9999,-9999
737,2017,4,4,9,-9999,-9999,-9999,0,0,-9999,-9999,-9999
738,2017,4,4,12,-9999,-9999,-9999,0,0,-9999,-9999,-9999
739,2017,4,4,15,-9999,-9999,-9999,0,0,-9999,-9999,-9999
740,2017,4,4,18,-9999,-9999,-9999,0,0,-9999,-9999,-9999
741,2017,4,4,21,-9999,-9999,-9999,0,0,-9999,-9999,-9999
742,2017,4,5,0,-9999,-9999,-9999,0,0,-9999,-9999,-9999
743,2017,4,5,3,-9999,-9999,-9999,0,0,-9999,-9999,-9999
744,2017,4,5,6,-9999,-9999,-9999,0,0,-9999,-9999,-9999
745,2017,4,5,9,-9999,-9999,-9999,0,0,-9999,-9999,-9999
746,2017,4,5,12,-9999,-9999,-9999,0,0,-9999,-9999,-9999
747,2017,4,5,15,-9999,-9999,-9999,0,0,-9999,-9999,-9999
748,2017,4,5,18,-9999,-9999,-9999,0,0,-9999,-9999,-9999
749,2017,4,5,21,-9999,-9999,-9999,0,0,-9999,-9999,-9999
750,2017,4,6,0,-9999,-9999,-9999,0,0,-9999,-9999,-9999
751,2017,4,6,3,-9999,-9999,-9999,0,0,-9999,-9999,-9999
752,2017,4,6,6,-9999,-9999,-9999,0,0,-9999,-9999,-9999
753,2017,4,6,9,-9999,-9999,-9999,0,0,-9999,-9999,-9999
754,2017,4,6,12,-9999,-9999,-9999,0,0,-9999,-9999,-9999
755,2017,4,6,15,-9999,-9999,-9999,0,0,-9999,-9999,-9999
756,2017,4,6,18,-9999,-9999,-9999,0,0,-9999,-9999,-9999
757,2017,4,6,21,-9999,-9999,-9999,0,0,-9999,-9999,-9999
758,2017,4,7,0,-9999,-9999,-9999,0,0,-9999,-9999,-9999
759,2017,4,7,3,-9999,-9999,-9999,0,0,-9999,-9999,-9999
760,2017,4,7,6,-9999,-9999,-9999,0,0,-9999,-9999,-9999
761,2017,4,7,9,-9999,-9999,-9999,0,0,-9999,-9999,-9999
762,2017,4,7,12,-9999,-9999,-9999,0,0,-9999,-9999,-9999
763,2017,4,7,15,-9999,-9999,-9999,0,0,-9999,-9999,-9999
764,2017,4,7,18,-9999,-9999,-9999,0,0,-9999,-9999,-9999
765,2017,4,7,21,-9999,-9999,-9999,0,0,-9999,-9999,-9999
766,2017,4,8,0,-9999,-9999,-9999,0,0,-9999,-9999,-9999
767,2017,4,8,3,-9999,-9999,-9999,0,0,-9999,-9999,-9999
768,2017,4,8,6,-9999,-9999,-9999,0,0,-9999,-9999,-9999
769,2017,4,8,9,-9999,-9999,-9999,0,0,-9999,-9999,-9999
770,2017,4,8,12,-9999,-9999,-9999,0,0,-9999,-9999,-9999
771,2017,4,8,15,-9999,-9999,-9999,0,0,-9999,-9999,-9999
772,2017,4,8,18,-9999,-9999,-9999,0,0,-9999,-9999,-9999
773,2017,4,8,21,-9999,-9999,-9999,0,0,-9999,-9999,-9999
774,2017,4,9,0,-9999,-9999,-9999,0,0,-9999,-9999,-9999
775,2017,4,9,3,-9999,-9999,-9999,0,0,-9999,-9999,-9999
776,2017,4,9,6,-9999,-9999,-9999,0,0,-9999,-9999,-9999
777,2017,4,9,9,-9999,-9999,-9999,0,0,-9999,-9999,-9999
778,2017,4,9,12,-9999,-9999,-9999,0,0,-9999,-9999,-9999
779,2017,4,9,15,-9999,-9999,-9999,0,0,-9999,-9999,-9999
780,2017,4,9,18,-9999,-9999,-9999,0,0,-9999,-9999,-9999
781,2017,4,9,21,-9999,-9999,-9999,0,0,-9999,-9999,-9999
782,2017,4,10,0,-9999,-9999,-9999,0,0,-9999,-9999,-9999
783,2017,4,10,3,-9999,-9999,-9999,0,0,-9999,-9999,-9999
784,2017,4,10,6,-9999,-9999,-9999,0,0,-9999,-9999,-9999
785,2017,4,10,9,-9999,-9999,-9999,0,0,-9999,-9999,-9999
786,2017,4,10,12,-9999,-9999,-9999,0,0,-9999,-9999,-9999
787,2017,4,10,15,-9999,-9999,-9999,0,0,-9999,-9999,-9999
788,2017,4,10,18,-9999,-9999,-9999,0,0,-9999,-9999,-9999
789,2017,4,10,21,-9999,-9999,-9999,0,0,-9999,-9999,-9999
790,2017,4,11,0,-9999,-9999,-9999,0,0,-9999,-9999,-9999
791,2017,4,11,3,-9999,-9999,-9999,0,0,-9999,-9999,-9999
792,2017,4,11,6,-9999,-9999,-9999,0,0,-9999,-9999,-9999
793,2017,4,11,9,-9999,-9999,-9999,0,0,-9999,-9999,-9999
794,2017,4,11,12,-9999,-9999,-9999,0,0,-9999,-9999,-9999
795,2017,4,11,15,-9999,-9999,-9999,0,0,-9999,-9999,-9999
796,2017,4,11,18,-9999,-9999,-9999,0,0,-9999,-9999,-9999
797,2017,4,11,21,-9999,-9999,-9999,0,0,-9999,-9999,-9999
798,2017,4,12,0,-9999,-9999,-9999,0,0,-9999,-9999,-9999
799,2017,4,12,3,-9999,-9999,-9999,0,0,-9999,-9999,-9999
800,2017,4,12,6,-9999,-9999,-9999,0,0,-9999,-9999,-9999
801,2017,4,12,9,-9999,-9999,-9999,0,0,-9999,-9999,-9999
802,2017,4,12,12,-9999,-9999,-9999,0,0,-9999,-9999,-9999
803,2017,4,12,15,-9999,-9999,-9999,0,0,-9999,-9999,-9999
804,2017,4,12,18,-9999,-9999,-9999,0,0,-9999,-9999,-9999
805,2017,4,12,21,-9999,-9999,-9999,0,0,-9999,-9999,-9999
806,2017,4,13,0,-9999,-9999,-9999,0,0,-9999,-9999,-9999
807,2017,4,13,3,-9999,-9999,-9999,0,0,-9999,-9999,-9999
808,2017,4,13,6,-9999,-9999,-9999,0,0,-9999,-9999,-9999
809,2017,4,13,9,-9999,-9999,-9999,0,0,-9999,-9999,-9999
810,2017,4,13,12,-9999,-9999,-9999,0,0,-9999,-9999,-9999
811,2017,4,13,15,-9999,-9999,-9999,0,0,-9999,-9999,-9999
812,2017,4,13,18,-9999,-9999,-9999,0,0,-9999,-9999,-9999
813,2017,4,13,21,-9999,-9999,-9999,0,0,-9999,-9999,-9999
814,2017,4,14,0,-9999,-9999,-9999,0,0,-9999,-9999,-9999
815,2017,4,14,3,-9999,-9999,-9999,0,0,-9999,-9999,-9999
816,2017,4,14,6,-9999,-9999,-9999,0,0,-9999,-9999,-9999
817,2017,4,14,9,-9999,-9999,-9999,0,0,-9999,-9999,-9999
818,2017,4,14,12,-9999,-9999,-9999,0,0,-9999,-9999,-9999
819,2017,4,14,15,-9999,-9999,-9999,0,0,-9999,-9999,-9999
820,2017,4,14,18,-9999,-9999,-9999,0,0,-9999,-9999,-9999
821,2017,4,14,21,-9999,-9999,-9999,0,0,-9999,-9999,-9999
822,2017,4,15,0,-9999,-9999,-9999,0,0,-9999,-9999,-9999
823,2017,4,15,3,-9999,-9999,-9999,0,0,-9999,-9999,-9999
824,2017,4,15,6,-9999,-9999,-9999,0,0,-9999,-9999,-9999
825,2017,4,15,9,-9999,-9999,-9999,0,0,-9999,-9999,-9999
826,2017,4,15,12,-9999,-9999,-9999,0,0,-9999,-9999,-9999
827,2017,4,15,15,-9999,-9999,-9999,0,0,-9999,-9999,-9999
828,2017,4,15,18,-9999,-9999,-9999,0,0,-9999,-9999,-9999
829,2017,4,15,21,-9999,-9999,-9999,0,0,-9999,-9999,-9999
830,2017,4,16,0,-9999,-9999,-9999,0,0,-9999,-9999,-9999
831,2017,4,16,3,-9999,-9999,-9999,0,0,-9999,-9999,-9999
832,2017,4,16,6,-9999,-9999,-9999,0,0,-9999,-9999,-9999
833,2017,4,16,9,-9999,-9999,-9999,0,0,-9999,-9999,-9999
834,2017,4,16,12,-9999,-9999,-9999,0,0,-9999,-9999,-9999
835,2017,4,16,15,-9999,-9999,-9999,0,0,-9999,-9999,-9999
836,2017,4,16,18,-9999,-9999,-9999,0,0,-9999,-9999,-9999
837,2017,4,16,21,-9999,-9999,-9999,0,0,-9999,-9999,-9999
838,2017,4,17,0,-9999,-9999,-9999,0,0,-9999,-9999,-9999
839,2017,4,17,3,-9999,-9999,-9999,0,0,-9999,-9999,-9999
840,2017,4,17,6,-9999,-9999,-9999,0,0,-9999,-9999,-9999
841,2017,4,17,9,-9999,-9999,-9999,0,0,-9999,-9999,-9999
842,2017,4,17,12,-9999,-9999,-9999,0,0,-9999,-9999,-9999
843,2017,4,17,15,-9999,-9999,-9999,0,0,-9999,-9999,-9999
844,2017,4,17,18,-9999,-9999,-9999,0,0,-9999,-9999,-9999
845,2017,4,17,21,-9999,-9999,-9999,0,0,-9999,-9999,-9999
846,2017,4,18,0,-9999,-9999,-9999,0,0,-9999,-9999,-9999
847,2017,4,18,3,-9999,-9999,-9999,0,0,-9999,-9999,-9999
848,2017,4,18,6,-9999,-9999,-9999,0,0,-9999,-9999,-9999
849,2017,4,18,9,-9999,-9999,-9999,0,0,-9999,-9999,-9999
850,2017,4,18,12,-9999,-9999,-9999,0,0,-9999,-9999,-9999
851,2017,4,18,15,-9999,-9999,-9999,0,0,-9999,-9999,-9999
852,2017,4,18,18,-9999,-9999,-9999,0,0,-9999,-9999,-9999
853,2017,4,18,21,-9999,-9999,-9999,0,0,-9999,-9999,-9999
854,2017,4,19,0,-9999,-9999,-9999,0,0,-9999,-9999,-9999
855,2017,4,19,3,-9999,-9999,-9999,0,0,-9999,-9999,-9999
856,2017,4,19,6,-9999,-9999,-9999,0,0,-9999,-9999,-9999
857,2017,4,19,9,-9999,-9999,-9999,0,0,-9999,-9999,-9999
858,2017,4,19,12,-9999,-9999,-9999,0,0,-9999,-9999,-9999
859,2017,4,19,15,-9999,-9999,-9999,0,0,-9999,-9999,-9999
860,2017,4,19,18,-9999,-9999,-9999,0,0,-9999,-9999,-9999
861,2017,4,19,21,-9999,-9999,-9999,0,0,-9999,-9999,-9999
862,2017,4,20,0,-9999,-9999,-9999,0,0,-9999,-9999,-9999
863,2017,4,20,3,-9999,-9999,-9999,0,0,-9999,-9999,-9999
864,2017,4,20,6,-9999,-9999,-9999,0,0,-9999,-9999,-9999
865,2017,4,20,9,-9999,-9999,-9999,0,0,-9999,-9999,-9999
866,2017,4,20,12,-9999,-9999,-9999,0,0,-9999,-9999,-9999
867,2017,4,20,15,-9999,-9999,-9999,0,0,-9999,-9999,-9999
868,2017,4,20,18,-9999,-9999,-9999,0,0,-9999,-9999,-9999
869,2017,4,20,21,-9999,-9999,-9999,0,0,-9999,-9999,-9999
870,2017,4,21,0,-9999,-9999,-9999,0,0,-9999,-9999,-9999
871,2017,4,21,3,-9999,-9999,-9999,0,0,-9999,-9999,-9999
872,2017,4,21,6,-9999,-9999,-9999,0,0,-9999,-9999,-9999
873,2017,4,21,9,-9999,-9999,-9999,0,0,-9999,-9999,-9999
874,2017,4,21,12,-9999,-9999,-9999,0,0,-9999,-9999,-9999
875,2017,4,21,15,-9999,-9999,-9999,0,0,-9999,-9999,-9999
876,2017,4,21,18,-9999,-9999,-9999,0,0,-9999,-9999,-9999
877,2017,4,21,21,-9999,-9999,-9999,0,0,-9999,-9999,-9999
878,2017,4,22,0,-9999,-9999,-9999,0,0,-9999,-9999,-9999
879,2017,4,22,3,-9999,-9999,-9999,0,0,-9999,-9999,-9999
880,2017,4,22,6,-9999,-9999,-9999,0,0,-9999,-9999,-9999
881,2017,4,22,9,-9999,-9999,-9999,0,0,-9999,-9999,-9999
882,2017,4,22,12,-9999,-9999,-9999,0,0,-9999,-9999,-9999
883,2017,4,22,15,-9999,-9999,-9999,0,0,-9999,-9999,-9999
884,2017,4,22,18,-9999,-9999,-9999,0,0,-9999,-9999,-9999
885,2017,4,22,21,-9999,-9999,-9999,0,0,-9999,-9999,-9999
886,2017,4,23,0,-9999,-9999,-9999,0,0,-9999,-9999,-9999
887,2017,4,23,3,-9999,-9999,-9999,0,0,-9999,-9999,-9999
888,2017,4,23,6,-9999,-9999,-9999,0,0,-9999,-9999,-9999
889,2017,4,23,9,-9999,-9999,-9999,0,0,-9999,-9999,-9999
890,2017,4,23,12,-9999,-9999,-9999,0,0,-9999,-9999,-9999
891,2017,4,23,15,-9999,-9999,-9999,0,0,-9999,-9999,-9999
892,2017,4,23,18,-9999,-9999,-9999,0,0,-9999,-9999,-9999
893,2017,4,23,21,-9999,-9999,-9999,0,0,-9999,-9999,-9999
894,2017,4,24,0,-9999,-9999,-9999,0,0,-9999,-9999,-9999
895,2017,4,24,3,-9999,-9999,-9999,0,0,-9999,-9999,-9999
896,2017,4,24,6,-9999,-9999,-9999,0,0,-9999,-9999,-9999
897,2017,4,24,9,-9999,-9999,-9999,0,0,-9999,-9999,-9999
898,2017,4,24,12,-9999,-9999,-9999,0,0,-9999,-9999,-9999
899,2017,4,24,15,-9999,-9999,-9999,0,0,-9999,-9999,-9999
900,2017,4,24,18,-9999,-9999,-9999,0,0,-9999,-9999,-9999
901,2017,4,24,21,-9999,-9999,-9999,0,0,-9999,-9999,-9999
902,2017,4,25,0,-9999,-9999,-9999,0,0,-9999,-9999,-9999
903,2017,4,25,3,-9999,-9999,-9999,0,0,-9999,-9999,-9999
904,2017,4,25,6,-9999,-9999,-9999,0,0,-9999,-9999,-9999
905,2017,4,25,9,-9999,-9999,-9999,0,0,-9999,-9999,-9999
906,2017,4,25,12,-9999,-9999,-9999,0,0,-9999,-9999,-9999
907,2017,4,25,15,-9999,-9999,-9999,0,0,-9999,-9999,-9999
908,2017,4,25,18,-9999,-9999,-9999,0,0,-9999,-9999,-9999
909,2017,4,25,21,-9999,-9999,-9999,0,0,-9999,-9999,-9999
910,2017,4,26,0,-9999,-9999,-9999,0,0,-9999,-9999,-9999
911,2017,4,26,3,-9999,-9999,-9999,0,0,-9999,-9999,-9999
912,2017,4,26,6,-9999,-9999,-9999,0,0,-9999,-9999,-9999
913,2017,4,26,9,-9999,-9999,-9999,0,0,-9999,-9999,-9999
914,2017,4,26,12,-9999,-9999,-9999,0,0,-9999,-9999,-9999
915,2017,4,26,15,-9999,-9999,-9999,0,0,-9999,-9999,-9999
916,2017,4,26,18,-9999,-9999,-9999,0,0,-9999,-9999,-9999
917,2017,4,26,21,-9999,-9999,-9999,0,0,-9999,-9999,-9999
918,2017,4,27,0,-9999,-9999,-9999,0,0,-9999,-9999,-9999
919,2017,4,27,3,-9999,-9999,-9999,0,0,-9999,-9999,-9999
920,2017,4,27,6,-9999,-9999,-9999,0,0,-9999,-9999,-9999
921,2017,4,27,9,-9999,-9999,-9999,0,0,-9999,-9999,-9999
922,2017,4,27,12,-9999,-9999,-9999,0,0,-9999,-9999,-9999
923,2017,4,27,15,-9999,-9999,-9999,0,0,-9999,-9999,-9999
924,2017,4,27,18,-9999,-9999,-9999,0,0,-9999,-9999,-9999
925,2017,4,27,21,-9999,-9999,-9999,0,0,-9999,-9999,-9999
926,2017,4,28,0,-9999,-9999,-9999,0,0,-9999,-9999,-9999
927,2017,4,28,3,-9999,-9999,-9999,0,0,-9999,-9999,-9999
928,2017,4,28,6,-9999,-9999,-9999,0,0,-9999,-9999,-9999
929,2017,4,28,9,-9999,-9999,-9999,0,0,-9999,-9999,-9999
930,2017,4,28,12,-9999,-9999,-9999,0,0,-9999,-9999,-9999
931,2017,4,28,15,-9999,-9999,-9999,0,0,-9999,-9999,-9999
932,2017,4,28,18,-9999,-9999,-9999,0,0,-9999,-9999,-9999
933,2017,4,28,21,-9999,-9999,-9999,0,0,-9999,-9999,-9999
934,2017,4,29,0,-9999,-9999,-9999,0,0,-9999,-9999,-9999
935,2017,4,29,3,-9999,-9999,-9999,0,0,-9999,-9999,-9999
936,2017,4,29,6,-9999,-9999,-9999,0,0,-9999,-9999,-9999
937,2017,4,29,9,-9999,-9999,-9999,0,0,-9999,-9999,-9999
938,2017,4,29,12,-9999,-9999,-9999,0,0,-9999,-9999,-9999
939,2017,4,29,15,-9999,-9999,-9999,0,0,-9999,-9999,-9999
940,2017,4,29,18,-9999,-9999,-9999,0,0,-9999,-9999,-9999
941,2017,4,29,21,-9999,-9999,-9999,0,0,-9999,-9999,-9999
942,2017,4,30,3,-9999,-9999,-9999,0,0,-9999,-9999,-9999
943,2017,4,30,6,-9999,-9999,-9999,0,0,-9999,-9999,-9999
944,2017,4,30,9,-9999,-9999,-9999,0,0,-9999,-9999,-9999
945,2017,4,30,12,-9999,-9999,-9999,0,0,-9999,-9999,-9999
946,2017,4,30,15,-9999,-9999,-9999,0,0,-9999,-9999,-9999
947,2017,4,30,18,-9999,-9999,-9999,0,0,-9999,-9999,-9999
948,2017,4,30,21,-9999,-9999,-9999,0,0,-9999,-9999,-9999
949,2017,5,1,0,-9999,-9999,-9999,0,0,-9999,-9999,-9999
950,2017,5,1,3,-9999,-9999,-9999,0,0,-9999,-9999,-9999
951,2017,5,1,6,-9999,-9999,-9999,0,0,-9999,-9999,-9999
952,2017,5,1,9,-9999,-9999,-9999,0,0,-9999,-9999,-9999
953,2017,5,1,12,-9999,-9999,-9999,0,0,-9999,-9999,-9999
954,2017,5,1,15,-9999,-9999,-9999,0,0,-9999,-9999,-9999
955,2017,5,1,18,-9999,-9999,-9999,0,0,-9999,-9999,-9999
956,2017,5,1,21,-9999,-9999,-9999,0,0,-9999,-9999,-9999
957,2017,5,2,0,-9999,-9999,-9999,0,0,-9999,-9999,-9999
958,2017,5,2,3,-9999,-9999,-9999,0,0,-9999,-9999,-9999
959,2017,5,2,6,-9999,-9999,-9999,0,0,-9999,-9999,-9999
960,2017,5,2,9,-9999,-9999,-9999,0,0,-9999,-9999,-9999
961,2017,5,2,12,-9999,-9999,-9999,0,0,-9999,-9999,-9999
962,2017,5,2,15,-9999,-9999,-9999,0,0,-9999,-9999,-9999
963,2017,5,2,18,-9999,-9999,-9999,0,0,-9999,-9999,-9999
964,2017,5,2,21,-9999,-9999,-9999,0,0,-9999,-9999,-9999
965,2017,5,3,0,-9999,-9999,-9999,0,0,-9999,-9999,-9999
966,2017,5,3,3,-9999,-9999,-9999,0,0,-9999,-9999,-9999
967,2017,5,3,6,-9999,-9999,-9999,0,0,-9999,-9999,-9999
968,2017,5,3,9,-9999,-9999,-9999,0,0,-9999,-9999,-9999
969,2017,5,3,12,-9999,-9999,-9999,0,0,-9999,-9999,-9999
970,2017,5,3,15,-9999,-9999,-9999,0,0,-9999,-9999,-9999
971,2017,5,3,18,-9999,-9999,-9999,0,0,-9999,-9999,-9999
972,2017,5,3,21,-9999,-9999,-9999,0,0,-9999,-9999,-9999
973,2017,5,4,0,-9999,-9999,-9999,0,0,-9999,-9999,-9999
974,2017,5,4,3,-9999,-9999,-9999,0,0,-9999,-9999,-9999
975,2017,5,4,6,-9999,-9999,-9999,0,0,-9999,-9999,-9999
976,2017,5,4,9,-9999,-9999,-9999,0,0,-9999,-9999,-9999
977,2017,5,4,12,-9999,-9999,-9999,0,0,-9999,-9999,-9999
978,2017,5,4,15,-9999,-9999,-9999,0,0,-9999,-9999,-9999
979,2017,5,4,18,-9999,-9999,-9999,0,0,-9999,-9999,-9999
980,2017,5,4,21,-9999,-9999,-9999,0,0,-9999,-9999,-9999
981,2017,5,5,0,-9999,-9999,-9999,0,0,-9999,-9999,-9999
982,2017,5,5,3,-9999,-9999,-9999,0,0,-9999,-9999,-9999
983,2017,5,5,6,-9999,-9999,-9999,0,0,-9999,-9999,-9999
984,2017,5,5,9,-9999,-9999,-9999,0,0,-9999,-9999,-9999
985,2017,5,5,12,-9999,-9999,-9999,0,0,-9999,-9999,-9999
986,2017,5,5,15,-9999,-9999,-9999,0,0,-9999,-9999,-9999
987,2017,5,5,18,-9999,-9999,-9999,0,0,-9999,-9999,-9999
988,2017,5,5,21,-9999,-9999,-9999,0,0,-9999,-9999,-9999
989,2017,5,6,0,-9999,-9999,-9999,0,0,-9999,-9999,-9999
990,2017,5,6,3,-9999,-9999,-9999,0,0,-9999,-9999,-9999
991,2017,5,6,6,-9999,-9999,-9999,0,0,-9999,-9999,-9999
992,2017,5,6,9,-9999,-9999,-9999,0,0,-9999,-9999,-9999
993,2017,5,6,12,-9999,-9999,-9999,0,0,-9999,-9999,-9999
994,2017,5,6,15,-9999,-9999,-9999,0,0,-9999,-9999,-9999
995,2017,5,6,18,-9999,-9999,-9999,0,0,-9999,-9999,-9999
996,2017,5,6,21,-9999,-9999,-9999,0,0,-9999,-9999,-9999
997,2017,5,7,0,-9999,-9999,-9999,0,0,-9999,-9999,-9999
998,2017,5,7,3,-9999,-9999,-9999,0,0,-9999,-9999,-9999
999,2017,5,7,6,-9999,-9999,-9999,0,0,-9999,-9999,-9999
1000,2017,5,7,9,-9999,-9999,-9999,0,0,-9999,-9999,-9999
1001,2017,5,7,12,-9999,-9999,-9999,0,0,-9999,-9999,-9999
1002,2017,5,7,15,-9999,-9999,-9999,0,0,-9999,-9999,-9999
1003,2017,5,7,18,-9999,-9999,-9999,0,0,-9999,-9999,-9999
1004,2017,5,7,21,-9999,-9999,-9999,0,0,-9999,-9999,-9999
1005,2017,5,8,0,-9999,-9999,-9999,0,0,-9999,-9999,-9999
1006,2017,5,8,3,-9999,-9999,-9999,0,0,-9999,-9999,-9999
1007,2017,5,8,6,-9999,-9999,-9999,0,0,-9999,-9999,-9999
1008,2017,5,8,9,-9999,-9999,-9999,0,0,-9999,-9999,-9999
1009,2017,5,8,12,-9999,-9999,-9999,0,0,-9999,-9999,-9999
1010,2017,5,8,18,-9999,-9999,-9999,0,0,-9999,-9999,-9999
1011,2017,5,8,21,-9999,-9999,-9999,0,0,-9999,-9999,-9999
1012,2017,5,9,0,-9999,-9999,-9999,0,0,-9999,-9999,-9999
1013,2017,5,9,3,-9999,-9999,-9999,0,0,-9999,-9999,-9999
1014,2017,5,9,6,-9999,-9999,-9999,0,0,-9999,-9999,-9999
1015,2017,5,9,9,-9999,-9999,-9999,0,0,-9999,-9999,-9999
1016,2017,5,9,12,-9999,-9999,-9999,0,0,-9999,-9999,-9999
1017,2017,5,9,15,-9999,-9999,-9999,0,0,-9999,-9999,-9999
1018,2017,5,9,18,-9999,-9999,-9999,0,0,-9999,-9999,-9999
1019,2017,5,9,21,-9999,-9999,-9999,0,0,-9999,-9999,-9999
1020,2017,5,10,0,-9999,-9999,-9999,0,0,-9999,-9999,-9999
1021,2017,5,10,3,-9999,-9999,-9999,0,0,-9999,-9999,-9999
1022,2017,5,10,6,-9999,-9999,-9999,0,0,-9999,-9999,-9999
1023,2017,5,10,9,-9999,-9999,-9999,0,0,-9999,-9999,-9999
1024,2017,5,10,12,-9999,-9999,-9999,0,0,-9999,-9999,-9999
1025,2017,5,10,15,-9999,-9999,-9999,0,0,-9999,-9999,-9999
1026,2017,5,10,18,-9999,-9999,-9999,0,0,-9999,-9999,-9999
1027,2017,5,10,21,-9999,-9999,-9999,0,0,-9999,-9999,-9999
1028,2017,5,11,0,-9999,-9999,-9999,0,0,-9999,-9999,-9999
1029,2017,5,11,3,-9999,-9999,-9999,0,0,-9999,-9999,-9999
1030,2017,5,11,6,-9999,-9999,-9999,0,0,-9999,-9999,-9999
1031,2017,5,11,9,-9999,-9999,-9999,0,0,-9999,-9999,-9999
1032,2017,5,11,12,-9999,-9999,-9999,0,0,-9999,-9999,-9999
1033,2017,5,11,15,-9999,-9999,-9999,0,0,-9999,-9999,-9999
1034,2017,5,11,18,-9999,-9999,-9999,0,0,-9999,-9999,-9999
1035,2017,5,11,21,-9999,-9999,-9999,0,0,-9999,-9999,-9999
1036,2017,5,12,0,-9999,-9999,-9999,0,0,-9999,-9999,-9999
1037,2017,5,12,3,-9999,-9999,-9999,0,0,-9999,-9999,-9999
1038,2017,5,12,6,-9999,-9999,-9999,0,0,-9999,-9999,-9999
1039,2017,5,12,9,-9999,-9999,-9999,0,0,-9999,-9999,-9999
1040,2017,5,12,12,-9999,-9999,-9999,0,0,-9999,-9999,-9999
1041,2017,5,12,15,-9999,-9999,-9999,0,0,-9999,-9999,-9999
1042,2017,5,12,18,-9999,-9999,-9999,0,0,-9999,-9999,-9999
1043,2017,5,12,21,-9999,-9999,-9999,0,0,-9999,-9999,-9999
1044,2017,5,13,0,-9999,-9999,-9999,0,0,-9999,-9999,-9999
1045,2017,5,13,3,-9999,-9999,-9999,0,0,-9999,-9999,-9999
1046,2017,5,13,6,-9999,-9999,-9999,0,0,-9999,-9999,-9999
1047,2017,5,13,9,-9999,-9999,-9999,0,0,-9999,-9999,-9999
1048,2017,5,13,12,-9999,-9999,-9999,0,0,-9999,-9999,-9999
1049,2017,5,13,15,-9999,-9999,-9999,0,0,-9999,-9999,-9999
1050,2017,5,13,18,-9999,-9999,-9999,0,0,-9999,-9999,-9999
1051,2017,5,13,21,-9999,-9999,-9999,0,0,-9999,-9999,-9999
1052,2017,5,14,0,-9999,-9999,-9999,0,0,-9999,-9999,-9999
1053,2017,5,14,3,-9999,-9999,-9999,0,0,-9999,-9999,-9999
1054,2017,5,14,6,-9999,-9999,-9999,0,0,-9999,-9999,-9999
1055,2017,5,14,9,-9999,-9999,-9999,0,0,-9999,-9999,-9999
1056,2017,5,14,12,-9999,-9999,-9999,0,0,-9999,-9999,-9999
1057,2017,5,14,15,-9999,-9999,-9999,0,0,-9999,-9999,-9999
1058,2017,5,14,18,-9999,-9999,-9999,0,0,-9999,-9999,-9999
1059,2017,5,14,21,-9999,-9999,-9999,0,0,-9999,-9999,-9999
1060,2017,5,15,0,-9999,-9999,-9999,0,0,-9999,-9999,-9999
1061,2017,5,15,3,-9999,-9999,-9999,0,0,-9999,-9999,-9999
1062,2017,5,15,6,-9999,-9999,-9999,0,0,-9999,-9999,-9999
1063,2017,5,15,9,-9999,-9999,-9999,0,0,-9999,-9999,-9999
1064,2017,5,15,12,-9999,-9999,-9999,0,0,-9999,-9999,-9999
1065,2017,5,15,15,-9999,-9999,-9999,0,0,-9999,-9999,-9999
1066,2017,5,15,18,-9999,-9999,-9999,0,0,-9999,-9999,-9999
1067,2017,5,15,21,-9999,-9999,-9999,0,0,-9999,-9999,-9999
1068,2017,5,16,0,-9999,-9999,-9999,0,0,-9999,-9999,-9999
1069,2017,5,16,3,-9999,-9999,-9999,0,0,-9999,-9999,-9999
1070,2017,5,16,6,-9999,-9999,-9999,0,0,-9999,-9999,-9999
1071,2017,5,16,9,-9999,-9999,-9999,0,0,-9999,-9999,-9999
1072,2017,5,16,12,-9999,-9999,-9999,0,0,-9999,-9999,-9999
1073,2017,5,16,15,-9999,-9999,-9999,0,0,-9999,-9999,-9999
1074,2017,5,16,18,-9999,-9999,-9999,0,0,-9999,-9999,-9999
1075,2017,5,16,21,-9999,-9999,-9999,0,0,-9999,-9999,-9999
1076,2017,5,17,0,-9999,-9999,-9999,0,0,-9999,-9999,-9999
1077,2017,5,17,3,-9999,-9999,-9999,0,0,-9999,-9999,-9999
1078,2017,5,17,6,-9999,-9999,-9999,0,0,-9999,-9999,-9999
1079,2017,5,17,9,-9999,-9999,-9999,0,0,-9999,-9999,-9999
1080,2017,5,17,12,-9999,-9999,-9999,0,0,-9999,-9999,-9999
1081,2017,5,17,15,-9999,-9999,-9999,0,0,-9999,-9999,-9999
1082,2017,5,17,18,-9999,-9999,-9999,0,0,-9999,-9999,-9999
1083,2017,5,17,21,-9999,-9999,-9999,0,0,-9999,-9999,-9999
1084,2017,5,18,0,-9999,-9999,-9999,0,0,-9999,-9999,-9999
1085,2017,5,18,3,-9999,-9999,-9999,0,0,-9999,-9999,-9999
1086,2017,5,18,6,-9999,-9999,-9999,0,0,-9999,-9999,-9999
1087,2017,5,18,9,-9999,-9999,-9999,0,0,-9999,-9999,-9999
1088,2017,5,18,12,-9999,-9999,-9999,0,0,-9999,-9999,-9999
1089,2017,5,18,15,-9999,-9999,-9999,0,0,-9999,-9999,-9999
1090,2017,5,18,18,-9999,-9999,-9999,0,0,-9999,-9999,-9999
1091,2017,5,18,21,-9999,-9999,-9999,0,0,-9999,-9999,-9999
1092,2017,5,19,0,-9999,-9999,-9999,0,0,-9999,-9999,-9999
1093,2017,5,19,3,-9999,-9999,-9999,0,0,-9999,-9999,-9999
1094,2017,5,19,6,-9999,-9999,-9999,0,0,-9999,-9999,-9999
1095,2017,5,19,9,-9999,-9999,-9999,0,0,-9999,-9999,-9999
1096,2017,5,19,12,-9999,-9999,-9999,0,0,-9999,-9999,-9999
1097,2017,5,19,15,-9999,-9999,-9999,0,0,-9999,-9999,-9999
1098,2017,5,19,18,-9999,-9999,-9999,0,0,-9999,-9999,-9999
1099,2017,5,19,21,-9999,-9999,-9999,0,0,-9999,-9999,-9999
1100,2017,5,20,0,-9999,-9999,-9999,0,0,-9999,-9999,-9999
1101,2017,5,20,3,-9999,-9999,-9999,0,0,-9999,-9999,-9999
1102,2017,5,20,6,-9999,-9999,-9999,0,0,-9999,-9999,-9999
1103,2017,5,20,9,-9999,-9999,-9999,0,0,-9999,-9999,-9999
1104,2017,5,20,12,-9999,-9999,-9999,0,0,-9999,-9999,-9999
1105,2017,5,20,15,-9999,-9999,-9999,0,0,-9999,-9999,-9999
1106,2017,5,20,18,-9999,-9999,-9999,0,0,-9999,-9999,-9999
1107,2017,5,20,21,-9999,-9999,-9999,0,0,-9999,-9999,-9999
1108,2017,5,21,0,-9999,-9999,-9999,0,0,-9999,-9999,-9999
1109,2017,5,21,3,-9999,-9999,-9999,0,0,-9999,-9999,-9999
1110,2017,5,21,6,-9999,-9999,-9999,0,0,-9999,-9999,-9999
1111,2017,5,21,9,-9999,-9999,-9999,0,0,-9999,-9999,-9999
1112,2017,5,21,12,-9999,-9999,-9999,0,0,-9999,-9999,-9999
1113,2017,5,21,15,-9999,-9999,-9999,0,0,-9999,-9999,-9999
1114,2017,5,21,18,-9999,-9999,-9999,0,0,-9999,-9999,-9999
1115,2017,5,21,21,-9999,-9999,-9999,0,0,-9999,-9999,-9999
1116,2017,5,22,0,-9999,-9999,-9999,0,0,-9999,-9999,-9999
1117,2017,5,22,3,-9999,-9999,-9999,0,0,-9999,-9999,-9999
1118,2017,5,22,6,-9999,-9999,-9999,0,0,-9999,-9999,-9999
1119,2017,5,22,9,-9999,-9999,-9999,0,0,-9999,-9999,-9999
1120,2017,5,22,12,-9999,-9999,-9999,0,0,-9999,-9999,-9999
1121,2017,5,22,15,-9999,-9999,-9999,0,0,-9999,-9999,-9999
1122,2017,5,22,18,-9999,-9999,-9999,0,0,-9999,-9999,-9999
1123,2017,5,22,21,-9999,-9999,-9999,0,0,-9999,-9999,-9999
1124,2017,5,23,0,-9999,-9999,-9999,0,0,-9999,-9999,-9999
1125,2017,5,23,3,-9999,-9999,-9999,0,0,-9999,-9999,-9999
1126,2017,5,23,6,-9999,-9999,-9999,0,0,-9999,-9999,-9999
1127,2017,5,23,9,-9999,-9999,-9999,0,0,-9999,-9999,-9999
1128,2017,5,23,12,-9999,-9999,-9999,0,0,-9999,-9999,-9999
1129,2017,5,23,15,-9999,-9999,-9999,0,0,-9999,-9999,-9999
1130,2017,5,23,18,-9999,-9999,-9999,0,0,-9999,-9999,-9999
1131,2017,5,23,21,-9999,-9999,-9999,0,0,-9999,-9999,-9999
1132,2017,5,24,0,-9999,-9999,-9999,0,0,-9999,-9999,-9999
1133,2017,5,24,3,-9999,-9999,-9999,0,0,-9999,-9999,-9999
1134,2017,5,24,6,-9999,-9999,-9999,0,0,-9999,-9999,-9999
1135,2017,5,24,9,-9999,-9999,-9999,0,0,-9999,-9999,-9999
1136,2017,5,24,12,-9999,-9999,-9999,0,0,-9999,-9999,-9999
1137,2017,5,24,15,-9999,-9999,-9999,0,0,-9999,-9999,-9999
1138,2017,5,24,18,-9999,-9999,-9999,0,0,-9999,-9999,-9999
1139,2017,5,24,21,-9999,-9999,-9999,0,0,-9999,-9999,-9999
1140,2017,5,25,0,-9999,-9999,-9999,0,0,-9999,-9999,-9999
1141,2017,5,25,3,-9999,-9999,-9999,0,0,-9999,-9999,-9999
1142,2017,5,25,6,-9999,-9999,-9999,0,0,-9999,-9999,-9999
1143,2017,5,25,9,-9999,-9999,-9999,0,0,-9999,-9999,-9999
1144,2017,5,25,12,-9999,-9999,-9999,0,0,-9999,-9999,-9999
1145,2017,5,25,15,-9999,-9999,-9999,0,0,-9999,-9999,-9999
1146,2017,5,25,18,-9999,-9999,-9999,0,0,-9999,-9999,-9999
1147,2017,5,25,21,-9999,-9999,-9999,0,0,-9999,-9999,-9999
1148,2017,5,26,0,-9999,-9999,-9999,0,0,-9999,-9999,-9999
1149,2017,5,26,3,-9999,-9999,-9999,0,0,-9999,-9999,-9999
1150,2017,5,26,6,-9999,-9999,-9999,0,0,-9999,-9999,-9999
1151,2017,5,26,9,-9999,-9999,-9999,0,0,-9999,-9999,-9999
1152,2017,5,26,12,-9999,-9999,-9999,0,0,-9999,-9999,-9999
1153,2017,5,26,15,-9999,-9999,-9999,0,0,-9999,-9999,-9999
1154,2017,5,26,18,-9999,-9999,-9999,0,0,-9999,-9999,-9999
1155,2017,5,26,21,-9999,-9999,-9999,0,0,-9999,-9999,-9999
1156,2017,5,27,0,-9999,-9999,-9999,0,0,-9999,-9999,-9999
1157,2017,5,27,3,-9999,-9999,-9999,0,0,-9999,-9999,-9999
1158,2017,5,27,6,-9999,-9999,-9999,0,0,-9999,-9999,-9999
1159,2017,5,27,9,-9999,-9999,-9999,0,0,-9999,-9999,-9999
1160,2017,5,27,12,-9999,-9999,-9999,0,0,-9999,-9999,-9999
1161,2017,5,27,15,-9999,-9999,-9999,0,0,-9999,-9999,-9999
1162,2017,5,27,18,-9999,-9999,-9999,0,0,-9999,-9999,-9999
1163,2017,5,27,21,-9999,-9999,-9999,0,0,-9999,-9999,-9999
1164,2017,5,28,0,-9999,-9999,-9999,0,0,-9999,-9999,-9999
1165,2017,5,28,3,-9999,-9999,-9999,0,0,-9999,-9999,-9999
1166,2017,5,28,6,-9999,-9999,-9999,0,0,-9999,-9999,-9999
1167,2017,5,28,9,-9999,-9999,-9999,0,0,-9999,-9999,-9999
1168,2017,5,28,12,-9999,-9999,-9999,0,0,-9999,-9999,-9999
1169,2017,5,28,15,-9999,-9999,-9999,0,0,-9999,-9999,-9999
1170,2017,5,28,18,-9999,-9999,-9999,0,0,-9999,-9999,-9999
1171,2017,5,28,21,-9999,-9999,-9999,0,0,-9999,-9999,-9999
1172,2017,5,29,0,-9999,-9999,-9999,0,0,-9999,-9999,-9999
1173,2017,5,29,3,-9999,-9999,-9999,0,0,-9999,-9999,-9999
1174,2017,5,29,6,-9999,-9999,-9999,0,0,-9999,-9999,-9999
1175,2017,5,29,9,-9999,-9999,-9999,0,0,-9999,-9999,-9999
1176,2017,5,29,12,-9999,-9999,-9999,0,0,-9999,-9999,-9999
1177,2017,5,29,15,-9999,-9999,-9999,0,0,-9999,-9999,-9999
1178,2017,5,29,18,-9999,-9999,-9999,0,0,-9999,-9999,-9999
1179,2017,5,29,21,-9999,-9999,-9999,0,0,-9999,-9999,-9999
1180,2017,5,30,0,-9999,-9999,-9999,0,0,-9999,-9999,-9999
1181,2017,5,30,3,-9999,-9999,-9999,0,0,-9999,-9999,-9999
1182,2017,5,30,6,-9999,-9999,-9999,0,0,-9999,-9999,-9999
1183,2017,5,30,9,-9999,-9999,-9999,0,0,-9999,-9999,-9999
1184,2017,5,30,12,-9999,-9999,-9999,0,0,-9999,-9999,-9999
1185,2017,5,30,15,-9999,-9999,-9999,0,0,-9999,-9999,-9999
1186,2017,5,30,18,-9999,-9999,-9999,0,0,-9999,-9999,-9999
1187,2017,5,30,21,-9999,-9999,-9999,0,0,-9999,-9999,-9999
1188,2017,5,31,0,-9999,-9999,-9999,0,0,-9999,-9999,-9999
1189,2017,5,31,3,-9999,-9999,-9999,0,0,-9999,-9999,-9999
1190,2017,5,31,6,-9999,-9999,-9999,0,0,-9999,-9999,-9999
1191,2017,5,31,9,-9999,-9999,-9999,0,0,-9999,-9999,-9999
1192,2017,5,31,12,-9999,-9999,-9999,0,0,-9999,-9999,-9999
1193,2017,5,31,15,-9999,-9999,-9999,0,0,-9999,-9999,-9999
1194,2017,5,31,18,-9999,-9999,-9999,0,0,-9999,-9999,-9999
1195,2017,5,31,21,-9999,-9999,-9999,0,0,-9999,-9999,-9999
1196,2017,6,1,0,-9999,-9999,-9999,0,0,-9999,-9999,-9999
1197,2017,6,1,3,-9999,-9999,-9999,0,0,-9999,-9999,-9999
1198,2017,6,1,6,-9999,-9999,-9999,0,0,-9999,-9999,-9999
1199,2017,6,1,9,-9999,-9999,-9999,0,0,-9999,-9999,-9999
1200,2017,6,1,12,-9999,-9999,-9999,0,0,-9999,-9999,-9999
1201,2017,6,1,15,-9999,-9999,-9999,0,0,-9999,-9999,-9999
1202,2017,6,1,18,-9999,-9999,-9999,0,0,-9999,-9999,-9999
1203,2017,6,1,21,-9999,-9999,-9999,0,0,-9999,-9999,-9999
1204,2017,6,2,0,-9999,-9999,-9999,0,0,-9999,-9999,-9999
1205,2017,6,2,3,-9999,-9999,-9999,0,0,-9999,-9999,-9999
1206,2017,6,2,6,-9999,-9999,-9999,0,0,-9999,-9999,-9999
1207,2017,6,2,9,-9999,-9999,-9999,0,0,-9999,-9999,-9999
1208,2017,6,2,12,-9999,-9999,-9999,0,0,-9999,-9999,-9999
1209,2017,6,2,15,-9999,-9999,-9999,0,0,-9999,-9999,-9999
1210,2017,6,2,18,-9999,-9999,-9999,0,0,-9999,-9999,-9999
1211,2017,6,2,21,-9999,-9999,-9999,0,0,-9999,-9999,-9999
1212,2017,6,3,0,-9999,-9999,-9999,0,0,-9999,-9999,-9999
1213,2017,6,3,3,-9999,-9999,-9999,0,0,-9999,-9999,-9999
1214,2017,6,3,6,-9999,-9999,-9999,0,0,-9999,-9999,-9999
1215,2017,6,3,9,-9999,-9999,-9999,0,0,-9999,-9999,-9999
1216,2017,6,3,12,-9999,-9999,-9999,0,0,-9999,-9999,-9999
1217,2017,6,3,15,-9999,-9999,-9999,0,0,-9999,-9999,-9999
1218,2017,6,3,18,-9999,-9999,-9999,0,0,-9999,-9999,-9999
1219,2017,6,3,21,-9999,-9999,-9999,0,0,-9999,-9999,-9999
1220,2017,6,4,0,-9999,-9999,-9999,0,0,-9999,-9999,-9999
1221,2017,6,4,3,-9999,-9999,-9999,0,0,-9999,-9999,-9999
1222,2017,6,4,6,-9999,-9999,-9999,0,0,-9999,-9999,-9999
1223,2017,6,4,9,-9999,-9999,-9999,0,0,-9999,-9999,-9999
1224,2017,6,4,12,-9999,-9999,-9999,0,0,-9999,-9999,-9999
1225,2017,6,4,15,-9999,-9999,-9999,0,0,-9999,-9999,-9999
1226,2017,6,4,18,-9999,-9999,-9999,0,0,-9999,-9999,-9999
1227,2017,6,4,21,-9999,-9999,-9999,0,0,-9999,-9999,-9999
1228,2017,6,5,0,-9999,-9999,-9999,0,0,-9999,-9999,-9999
1229,2017,6,5,3,-9999,-9999,-9999,0,0,-9999,-9999,-9999
1230,2017,6,5,6,-9999,-9999,-9999,0,0,-9999,-9999,-9999
1231,2017,6,5,9,-9999,-9999,-9999,0,0,-9999,-9999,-9999
1232,2017,6,5,12,-9999,-9999,-9999,0,0,-9999,-9999,-9999
1233,2017,6,5,15,-9999,-9999,-9999,0,0,-9999,-9999,-9999
1234,2017,6,5,18,-9999,-9999,-9999,0,0,-9999,-9999,-9999
1235,2017,6,5,21,-9999,-9999,-9999,0,0,-9999,-9999,-9999
1236,2017,6,6,0,-9999,-9999,-9999,0,0,-9999,-9999,-9999
1237,2017,6,6,3,-9999,-9999,-9999,0,0,-9999,-9999,-9999
1238,2017,6,6,6,-9999,-9999,-9999,0,0,-9999,-9999,-9999
1239,2017,6,6,9,-9999,-9999,-9999,0,0,-9999,-9999,-9999
1240,2017,6,6,12,-9999,-9999,-9999,0,0,-9999,-9999,-9999
1241,2017,6,6,15,-9999,-9999,-9999,0,0,-9999,-9999,-9999
1242,2017,6,6,18,-9999,-9999,-9999,0,0,-9999,-9999,-9999
1243,2017,6,6,21,-9999,-9999,-9999,0,0,-9999,-9999,-9999
1244,2017,6,7,0,-9999,-9999,-9999,0,0,-9999,-9999,-9999
1245,2017,6,7,3,-9999,-9999,-9999,0,0,-9999,-9999,-9999
1246,2017,6,7,6,-9999,-9999,-9999,0,0,-9999,-9999,-9999
1247,2017,6,7,9,-9999,-9999,-9999,0,0,-9999,-9999,-9999
1248,2017,6,7,12,-9999,-9999,-9999,0,0,-9999,-9999,-9999
1249,2017,6,7,15,-9999,-9999,-9999,0,0,-9999,-9999,-9999
1250,2017,6,7,18,-9999,-9999,-9999,0,0,-9999,-9999,-9999
1251,2017,6,7,21,-9999,-9999,-9999,0,0,-9999,-9999,-9999
1252,2017,6,8,0,-9999,-9999,-9999,0,0,-9999,-9999,-9999
1253,2017,6,8,3,-9999,-9999,-9999,0,0,-9999,-9999,-9999
1254,2017,6,8,6,-9999,-9999,-9999,0,0,-9999,-9999,-9999
1255,2017,6,8,9,-9999,-9999,-9999,0,0,-9999,-9999,-9999
1256,2017,6,8,12,-9999,-9999,-9999,0,0,-9999,-9999,-9999
1257,2017,6,8,15,-9999,-9999,-9999,0,0,-9999,-9999,-9999
1258,2017,6,8,18,-9999,-9999,-9999,0,0,-9999,-9999,-9999
1259,2017,6,8,21,-9999,-9999,-9999,0,0,-9999,-9999,-9999
1260,2017,6,9,0,-9999,-9999,-9999,0,0,-9999,-9999,-9999
1261,2017,6,9,3,-9999,-9999,-9999,0,0,-9999,-9999,-9999
1262,2017,6,9,6,-9999,-9999,-9999,0,0,-9999,-9999,-9999
1263,2017,6,9,9,-9999,-9999,-9999,0,0,-9999,-9999,-9999
1264,2017,6,9,12,-9999,-9999,-9999,0,0,-9999,-9999,-9999
1265,2017,6,9,15,-9999,-9999,-9999,0,0,-9999,-9999,-9999
1266,2017,6,9,18,-9999,-9999,-9999,0,0,-9999,-9999,-9999
1267,2017,6,9,21,-9999,-9999,-9999,0,0,-9999,-9999,-9999
1268,2017,6,10,0,-9999,-9999,-9999,0,0,-9999,-9999,-9999
1269,2017,6,10,3,-9999,-9999,-9999,0,0,-9999,-9999,-9999
1270,2017,6,10,6,-9999,-9999,-9999,0,0,-9999,-9999,-9999
1271,2017,6,10,9,-9999,-9999,-9999,0,0,-9999,-9999,-9999
1272,2017,6,10,12,-9999,-9999,-9999,0,0,-9999,-9999,-9999
1273,2017,6,10,15,-9999,-9999,-9999,0,0,-9999,-9999,-9999
1274,2017,6,10,18,-9999,-9999,-9999,0,0,-9999,-9999,-9999
1275,2017,6,10,21,-9999,-9999,-9999,0,0,-9999,-9999,-9999
1276,2017,6,11,0,-9999,-9999,-9999,0,0,-9999,-9999,-9999
1277,2017,6,11,3,-9999,-9999,-9999,0,0,-9999,-9999,-9999
1278,2017,6,11,6,-9999,-9999,-9999,0,0,-9999,-9999,-9999
1279,2017,6,11,9,-9999,-9999,-9999,0,0,-9999,-9999,-9999
1280,2017,6,11,12,-9999,-9999,-9999,0,0,-9999,-9999,-9999
1281,2017,6,11,15,-9999,-9999,-9999,0,0,-9999,-9999,-9999
1282,2017,6,11,18,-9999,-9999,-9999,0,0,-9999,-9999,-9999
1283,2017,6,11,21,-9999,-9999,-9999,0,0,-9999,-9999,-9999
1284,2017,6,12,0,-9999,-9999,-9999,0,0,-9999,-9999,-9999
1285,2017,6,12,3,-9999,-9999,-9999,0,0,-9999,-9999,-9999
1286,2017,6,12,6,-9999,-9999,-9999,0,0,-9999,-9999,-9999
1287,2017,6,12,9,-9999,-9999,-9999,0,0,-9999,-9999,-9999
1288,2017,6,12,12,-9999,-9999,-9999,0,0,-9999,-9999,-9999
1289,2017,6,12,15,-9999,-9999,-9999,0,0,-9999,-9999,-9999
1290,2017,6,12,18,-9999,-9999,-9999,0,0,-9999,-9999,-9999
1291,2017,6,12,21,-9999,-9999,-9999,0,0,-9999,-9999,-9999
1292,2017,6,13,0,-9999,-9999,-9999,0,0,-9999,-9999,-9999
1293,2017,6,13,3,-9999,-9999,-9999,0,0,-9999,-9999,-9999
1294,2017,6,13,6,-9999,-9999,-9999,0,0,-9999,-9999,-9999
1295,2017,6,13,9,-9999,-9999,-9999,0,0,-9999,-9999,-9999
1296,2017,6,13,12,-9999,-9999,-9999,0,0,-9999,-9999,-9999
1297,2017,6,13,15,-9999,-9999,-9999,0,0,-9999,-9999,-9999
1298,2017,6,13,18,-9999,-9999,-9999,0,0,-9999,-9999,-9999
1299,2017,6,13,21,-9999,-9999,-9999,0,0,-9999,-9999,-9999
1300,2017,6,14,0,-9999,-9999,-9999,0,0,-9999,-9999,-9999
1301,2017,6,14,3,-9999,-9999,-9999,0,0,-9999,-9999,-9999
1302,2017,6,14,6,-9999,-9999,-9999,0,0,-9999,-9999,-9999
1303,2017,6,14,9,-9999,-9999,-9999,0,0,-9999,-9999,-9999
1304,2017,6,14,12,-9999,-9999,-9999,0,0,-9999,-9999,-9999
1305,2017,6,14,15,-9999,-9999,-9999,0,0,-9999,-9999,-9999
1306,2017,6,14,18,-9999,-9999,-9999,0,0,-9999,-9999,-9999
1307,2017,6,14,21,-9999,-9999,-9999,0,0,-9999,-9999,-9999
1308,2017,6,15,0,-9999,-9999,-9999,0,0,-9999,-9999,-9999
1309,2017,6,15,3,-9999,-9999,-9999,0,0,-9999,-9999,-9999
1310,2017,6,15,6,-9999,-9999,-9999,0,0,-9999,-9999,-9999
1311,2017,6,15,9,-9999,-9999,-9999,0,0,-9999,-9999,-9999
1312,2017,6,15,12,-9999,-9999,-9999,0,0,-9999,-9999,-9999
1313,2017,6,15,15,-9999,-9999,-9999,0,0,-9999,-9999,-9999
1314,2017,6,15,18,-9999,-9999,-9999,0,0,-9999,-9999,-9999
1315,2017,6,15,21,-9999,-9999,-9999,0,0,-9999,-9999,-9999
1316,2017,6,16,0,-9999,-9999,-9999,0,0,-9999,-9999,-9999
1317,2017,6,16,3,-9999,-9999,-9999,0,0,-9999,-9999,-9999
1318,2017,6,16,6,-9999,-9999,-9999,0,0,-9999,-9999,-9999
1319,2017,6,16,9,-9999,-9999,-9999,0,0,-9999,-9999,-9999
1320,2017,6,16,12,-9999,-9999,-9999,0,0,-9999,-9999,-9999
1321,2017,6,16,15,-9999,-9999,-9999,0,0,-9999,-9999,-9999
1322,2017,6,16,18,-9999,-9999,-9999,0,0,-9999,-9999,-9999
1323,2017,6,16,21,-9999,-9999,-9999,0,0,-9999,-9999,-9999
1324,2017,6,17,0,-9999,-9999,-9999,0,0,-9999,-9999,-9999
1325,2017,6,17,3,-9999,-9999,-9999,0,0,-9999,-9999,-9999
1326,2017,6,17,6,-9999,-9999,-9999,0,0,-9999,-9999,-9999
1327,2017,6,17,9,-9999,-9999,-9999,0,0,-9999,-9999,-9999
1328,2017,6,17,12,-9999,-9999,-9999,0,0,-9999,-9999,-9999
1329,2017,6,17,15,-9999,-9999,-9999,0,0,-9999,-9999,-9999
1330,2017,6,17,18,-9999,-9999,-9999,0,0,-9999,-9999,-9999
1331,2017,6,17,21,-9999,-9999,-9999,0,0,-9999,-9999,-9999
1332,2017,6,18,0,-9999,-9999,-9999,0,0,-9999,-9999,-9999
1333,2017,6,18,3,-9999,-9999,-9999,0,0,-9999,-9999,-9999
1334,2017,6,18,6,-9999,-9999,-9999,0,0,-9999,-9999,-9999
1335,2017,6,18,9,-9999,-9999,-9999,0,0,-9999,-9999,-9999
1336,2017,6,18,12,-9999,-9999,-9999,0,0,-9999,-9999,-9999
1337,2017,6,18,15,-9999,-9999,-9999,0,0,-9999,-9999,-9999
1338,2017,6,18,18,-9999,-9999,-9999,0,0,-9999,-9999,-9999
1339,2017,6,18,21,-9999,-9999,-9999,0,0,-9999,-9999,-9999
1340,2017,6,19,0,-9999,-9999,-9999,0,0,-9999,-9999,-9999
1341,2017,6,19,3,-9999,-9999,-9999,0,0,-9999,-9999,-9999
1342,2017,6,19,6,-9999,-9999,-9999,0,0,-9999,-9999,-9999
1343,2017,6,19,9,-9999,-9999,-9999,0,0,-9999,-9999,-9999
1344,2017,6,19,12,-9999,-9999,-9999,0,0,-9999,-9999,-9999
1345,2017,6,19,15,-9999,-9999,-9999,0,0,-9999,-9999,-9999
1346,2017,6,19,18,-9999,-9999,-9999,0,0,-9999,-9999,-9999
1347,2017,6,19,21,-9999,-9999,-9999,0,0,-9999,-9999,-9999
1348,2017,6,20,0,-9999,-9999,-9999,0,0,-9999,-9999,-9999
1349,2017,6,20,3,-9999,-9999,-9999,0,0,-9999,-9999,-9999
1350,2017,6,20,6,-9999,-9999,-9999,0,0,-9999,-9999,-9999
1351,2017,6,20,9,-9999,-9999,-9999,0,0,-9999,-9999,-9999
1352,2017,6,20,12,-9999,-9999,-9999,0,0,-9999,-9999,-9999
1353,2017,6,20,15,-9999,-9999,-9999,0,0,-9999,-9999,-9999
1354,2017,6,20,18,-9999,-9999,-9999,0,0,-9999,-9999,-9999
1355,2017,6,20,21,-9999,-9999,-9999,0,0,-9999,-9999,-9999
1356,2017,6,21,0,-9999,-9999,-9999,0,0,-9999,-9999,-9999
1357,2017,6,21,3,-9999,-9999,-9999,0,0,-9999,-9999,-9999
1358,2017,6,21,6,-9999,-9999,-9999,0,0,-9999,-9999,-9999
1359,2017,6,21,9,-9999,-9999,-9999,0,0,-9999,-9999,-9999
1360,2017,6,21,12,-9999,-9999,-9999,0,0,-9999,-9999,-9999
1361,2017,6,21,15,-9999,-9999,-9999,0,0,-9999,-9999,-9999
1362,2017,6,21,18,-9999,-9999,-9999,0,0,-9999,-9999,-9999
1363,2017,6,21,21,-9999,-9999,-9999,0,0,-9999,-9999,-9999
1364,2017,6,22,0,-9999,-9999,-9999,0,0,-9999,-9999,-9999
1365,2017,6,22,3,-9999,-9999,-9999,0,0,-9999,-9999,-9999
1366,2017,6,22,6,-9999,-9999,-9999,0,0,-9999,-9999,-9999
1367,2017,6,22,9,-9999,-9999,-9999,0,0,-9999,-9999,-9999
1368,2017,6,22,12,-9999,-9999,-9999,0,0,-9999,-9999,-9999
1369,2017,6,22,15,-9999,-9999,-9999,0,0,-9999,-9999,-9999
1370,2017,6,22,18,-9999,-9999,-9999,0,0,-9999,-9999,-9999
1371,2017,6,22,21,-9999,-9999,-9999,0,0,-9999,-9999,-9999
1372,2017,6,23,0,-9999,-9999,-9999,0,0,-9999,-9999,-9999
1373,2017,6,23,3,-9999,-9999,-9999,0,0,-9999,-9999,-9999
1374,2017,6,23,6,-9999,-9999,-9999,0,0,-9999,-9999,-9999
1375,2017,6,23,9,-9999,-9999,-9999,0,0,-9999,-9999,-9999
1376,2017,6,23,12,-9999,-9999,-9999,0,0,-9999,-9999,-9999
1377,2017,6,23,15,-9999,-9999,-9999,0,0,-9999,-9999,-9999
1378,2017,6,23,18,-9999,-9999,-9999,0,0,-9999,-9999,-9999
1379,2017,6,23,21,-9999,-9999,-9999,0,0,-9999,-9999,-9999
1380,2017,6,24,0,-9999,-9999,-9999,0,0,-9999,-9999,-9999
1381,2017,6,24,3,-9999,-9999,-9999,0,0,-9999,-9999,-9999
1382,2017,6,24,6,-9999,-9999,-9999,0,0,-9999,-9999,-9999
1383,2017,6,24,9,-9999,-9999,-9999,0,0,-9999,-9999,-9999
1384,2017,6,24,12,-9999,-9999,-9999,0,0,-9999,-9999,-9999
1385,2017,6,24,15,-9999,-9999,-9999,0,0,-9999,-9999,-9999
1386,2017,6,24,18,-9999,-9999,-9999,0,0,-9999,-9999,-9999
1387,2017,6,24,21,-9999,-9999,-9999,0,0,-9999,-9999,-9999
1388,2017,6,25,0,-9999,-9999,-9999,0,0,-9999,-9999,-9999
1389,2017,6,25,3,-9999,-9999,-9999,0,0,-9999,-9999,-9999
1390,2017,6,25,6,-9999,-9999,-9999,0,0,-9999,-9999,-9999
1391,2017,6,25,9,-9999,-9999,-9999,0,0,-9999,-9999,-9999
1392,2017,6,25,12,-9999,-9999,-9999,0,0,-9999,-9999,-9999
1393,2017,6,25,15,-9999,-9999,-9999,0,0,-9999,-9999,-9999
1394,2017,6,25,18,-9999,-9999,-9999,0,0,-9999,-9999,-9999
1395,2017,6,25,21,-9999,-9999,-9999,0,0,-9999,-9999,-9999
1396,2017,6,26,0,-9999,-9999,-9999,0,0,-9999,-9999,-9999
1397,2017,6,26,3,-9999,-9999,-9999,0,0,-9999,-9999,-9999
1398,2017,6,26,6,-9999,-9999,-9999,0,0,-9999,-9999,-9999
1399,2017,6,26,9,-9999,-9999,-9999,0,0,-9999,-9999,-9999
1400,2017,6,26,12,-9999,-9999,-9999,0,0,-9999,-9999,-9999
1401,2017,6,26,15,-9999,-9999,-9999,0,0,-9999,-9999,-9999
1402,2017,6,26,18,-9999,-9999,-9999,0,0,-9999,-9999,-9999
1403,2017,6,26,21,-9999,-9999,-9999,0,0,-9999,-9999,-9999
1404,2017,6,27,0,-9999,-9999,-9999,0,0,-9999,-9999,-9999
1405,2017,6,27,3,-9999,-9999,-9999,0,0,-9999,-9999,-9999
1406,2017,6,27,6,-9999,-9999,-9999,0,0,-9999,-9999,-9999
1407,2017,6,27,9,-9999,-9999,-9999,0,0,-9999,-9999,-9999
1408,2017,6,27,12,-9999,-9999,-9999,0,0,-9999,-9999,-9999
1409,2017,6,27,15,-9999,-9999,-9999,0,0,-9999,-9999,-9999
1410,2017,6,27,18,-9999,-9999,-9999,0,0,-9999,-9999,-9999
1411,2017,6,27,21,-9999,-9999,-9999,0,0,-9999,-9999,-9999
1412,2017,6,28,0,-9999,-9999,-9999,0,0,-9999,-9999,-9999
1413,2017,6,28,3,-9999,-9999,-9999,0,0,-9999,-9999,-9999
1414,2017,6,28,6,-9999,-9999,-9999,0,0,-9999,-9999,-9999
1415,2017,6,28,9,-9999,-9999,-9999,0,0,-9999,-9999,-9999
1416,2017,6,28,12,-9999,-9999,-9999,0,0,-9999,-9999,-9999
1417,2017,6,28,15,-9999,-9999,-9999,0,0,-9999,-9999,-9999
1418,2017,6,28,18,-9999,-9999,-9999,0,0,-9999,-9999,-9999
1419,2017,6,28,21,-9999,-9999,-9999,0,0,-9999,-9999,-9999
1420,2017,6,29,0,-9999,-9999,-9999,0,0,-9999,-9999,-9999
1421,2017,6,29,3,-9999,-9999,-9999,0,0,-9999,-9999,-9999
1422,2017,6,29,6,-9999,-9999,-9999,0,0,-9999,-9999,-9999
1423,2017,6,29,9,-9999,-9999,-9999,0,0,-9999,-9999,-9999
1424,2017,6,29,12,-9999,-9999,-9999,0,0,-9999,-9999,-9999
1425,2017,6,29,15,-9999,-9999,-9999,0,0,-9999,-9999,-9999
1426,2017,6,29,18,-9999,-9999,-9999,0,0,-9999,-9999,-9999
1427,2017,6,29,21,-9999,-9999,-9999,0,0,-9999,-9999,-9999
1428,2017,6,30,0,-9999,-9999,-9999,0,0,-9999,-9999,-9999
1429,2017,6,30,9,-9999,-9999,-9999,0,0,-9999,-9999,-9999
1430,2017,6,30,15,-9999,-9999,-9999,0,0,-9999,-9999,-9999
1431,2017,6,30,18,-9999,-9999,-9999,0,0,-9999,-9999,-9999
1432,2017,6,30,21,-9999,-9999,-9999,0,0,-9999,-9999,-9999
1433,2017,7,1,0,-9999,-9999,-9999,0,0,-9999,-9999,-9999
1434,2017,7,1,3,-9999,-9999,-9999,0,0,-9999,-9999,-9999
1435,2017,7,1,6,-9999,-9999,-9999,0,0,-9999,-9999,-9999
1436,2017,7,1,9,-9999,-9999,-9999,0,0,-9999,-9999,-9999
1437,2017,7,1,12,-9999,-9999,-9999,0,0,-9999,-9999,-9999
1438,2017,7,1,15,-9999,-9999,-9999,0,0,-9999,-9999,-9999
1439,2017,7,1,18,-9999,-9999,-9999,0,0,-9999,-9999,-9999
1440,2017,7,1,21,-9999,-9999,-9999,0,0,-9999,-9999,-9999
1441,2017,7,2,0,-9999,-9999,-9999,0,0,-9999,-9999,-9999
1442,2017,7,2,3,-9999,-9999,-9999,0,0,-9999,-9999,-9999
1443,2017,7,2,6,-9999,-9999,-9999,0,0,-9999,-9999,-9999
1444,2017,7,2,9,-9999,-9999,-9999,0,0,-9999,-9999,-9999
1445,2017,7,2,12,-9999,-9999,-9999,0,0,-9999,-9999,-9999
1446,2017,7,2,15,-9999,-9999,-9999,0,0,-9999,-9999,-9999
1447,2017,7,2,18,-9999,-9999,-9999,0,0,-9999,-9999,-9999
1448,2017,7,2,21,-9999,-9999,-9999,0,0,-9999,-9999,-9999
1449,2017,7,3,0,-9999,-9999,-9999,0,0,-9999,-9999,-9999
1450,2017,7,3,3,-9999,-9999,-9999,0,0,-9999,-9999,-9999
1451,2017,7,3,6,-9999,-9999,-9999,0,0,-9999,-9999,-9999
1452,2017,7,3,9,-9999,-9999,-9999,0,0,-9999,-9999,-9999
1453,2017,7,3,12,-9999,-9999,-9999,0,0,-9999,-9999,-9999
1454,2017,7,3,15,-9999,-9999,-9999,0,0,-9999,-9999,-9999
1455,2017,7,3,18,-9999,-9999,-9999,0,0,-9999,-9999,-9999
1456,2017,7,3,21,-9999,-9999,-9999,0,0,-9999,-9999,-9999
1457,2017,7,4,0,-9999,-9999,-9999,0,0,-9999,-9999,-9999
1458,2017,7,4,3,-9999,-9999,-9999,0,0,-9999,-9999,-9999
1459,2017,7,4,6,-9999,-9999,-9999,0,0,-9999,-9999,-9999
1460,2017,7,4,9,-9999,-9999,-9999,0,0,-9999,-9999,-9999
1461,2017,7,4,12,-9999,-9999,-9999,0,0,-9999,-9999,-9999
1462,2017,7,4,15,-9999,-9999,-9999,0,0,-9999,-9999,-9999
1463,2017,7,4,18,-9999,-9999,-9999,0,0,-9999,-9999,-9999
1464,2017,7,4,21,-9999,-9999,-9999,0,0,-9999,-9999,-9999
1465,2017,7,5,0,-9999,-9999,-9999,0,0,-9999,-9999,-9999
1466,2017,7,5,3,-9999,-9999,-9999,0,0,-9999,-9999,-9999
1467,2017,7,5,6,-9999,-9999,-9999,0,0,-9999,-9999,-9999
1468,2017,7,5,9,-9999,-9999,-9999,0,0,-9999,-9999,-9999
1469,2017,7,5,12,-9999,-9999,-9999,0,0,-9999,-9999,-9999
1470,2017,7,5,15,-9999,-9999,-9999,0,0,-9999,-9999,-9999
1471,2017,7,5,18,-9999,-9999,-9999,0,0,-9999,-9999,-9999
1472,2017,7,5,21,-9999,-9999,-9999,0,0,-9999,-9999,-9999
1473,2017,7,6,0,-9999,-9999,-9999,0,0,-9999,-9999,-9999
1474,2017,7,6,3,-9999,-9999,-9999,0,0,-9999,-9999,-9999
1475,2017,7,6,6,-9999,-9999,-9999,0,0,-9999,-9999,-9999
1476,2017,7,6,9,-9999,-9999,-9999,0,0,-9999,-9999,-9999
1477,2017,7,6,12,-9999,-9999,-9999,0,0,-9999,-9999,-9999
1478,2017,7,6,15,-9999,-9999,-9999,0,0,-9999,-9999,-9999
1479,2017,7,6,18,-9999,-9999,-9999,0,0,-9999,-9999,-9999
1480,2017,7,6,21,-9999,-9999,-9999,0,0,-9999,-9999,-9999
1481,2017,7,7,0,-9999,-9999,-9999,0,0,-9999,-9999,-9999
1482,2017,7,7,3,-9999,-9999,-9999,0,0,-9999,-9999,-9999
1483,2017,7,7,6,-9999,-9999,-9999,0,0,-9999,-9999,-9999
1484,2017,7,7,9,-9999,-9999,-9999,0,0,-9999,-9999,-9999
1485,2017,7,7,12,-9999,-9999,-9999,0,0,-9999,-9999,-9999
1486,2017,7,7,15,-9999,-9999,-9999,0,0,-9999,-9999,-9999
1487,2017,7,7,18,-9999,-9999,-9999,0,0,-9999,-9999,-9999
1488,2017,7,7,21,-9999,-9999,-9999,0,0,-9999,-9999,-9999
1489,2017,7,8,0,-9999,-9999,-9999,0,0,-9999,-9999,-9999
1490,2017,7,8,3,-9999,-9999,-9999,0,0,-9999,-9999,-9999
1491,2017,7,8,6,-9999,-9999,-9999,0,0,-9999,-9999,-9999
1492,2017,7,8,9,-9999,-9999,-9999,0,0,-9999,-9999,-9999
1493,2017,7,8,12,-9999,-9999,-9999,0,0,-9999,-9999,-9999
1494,2017,7,8,15,-9999,-9999,-9999,0,0,-9999,-9999,-9999
1495,2017,7,8,18,-9999,-9999,-9999,0,0,-9999,-9999,-9999
1496,2017,7,8,21,-9999,-9999,-9999,0,0,-9999,-9999,-9999
1497,2017,7,9,0,-9999,-9999,-9999,0,0,-9999,-9999,-9999
1498,2017,7,9,3,-9999,-9999,-9999,0,0,-9999,-9999,-9999
1499,2017,7,9,6,-9999,-9999,-9999,0,0,-9999,-9999,-9999
1500,2017,7,9,9,-9999,-9999,-9999,0,0,-9999,-9999,-9999
1501,2017,7,9,12,-9999,-9999,-9999,0,0,-9999,-9999,-9999
1502,2017,7,9,15,-9999,-9999,-9999,0,0,-9999,-9999,-9999
1503,2017,7,9,18,-9999,-9999,-9999,0,0,-9999,-9999,-9999
1504,2017,7,9,21,-9999,-9999,-9999,0,0,-9999,-9999,-9999
1505,2017,7,10,0,-9999,-9999,-9999,0,0,-9999,-9999,-9999
1506,2017,7,10,3,-9999,-9999,-9999,0,0,-9999,-9999,-9999
1507,2017,7,10,6,-9999,-9999,-9999,0,0,-9999,-9999,-9999
1508,2017,7,10,9,-9999,-9999,-9999,0,0,-9999,-9999,-9999
1509,2017,7,10,12,-9999,-9999,-9999,0,0,-9999,-9999,-9999
1510,2017,7,10,15,-9999,-9999,-9999,0,0,-9999,-9999,-9999
1511,2017,7,10,18,-9999,-9999,-9999,0,0,-9999,-9999,-9999
1512,2017,7,10,21,-9999,-9999,-9999,0,0,-9999,-9999,-9999
1513,2017,7,11,0,-9999,-9999,-9999,0,0,-9999,-9999,-9999
1514,2017,7,11,3,-9999,-9999,-9999,0,0,-9999,-9999,-9999
1515,2017,7,11,6,-9999,-9999,-9999,0,0,-9999,-9999,-9999
1516,2017,7,11,9,-9999,-9999,-9999,0,0,-9999,-9999,-9999
1517,2017,7,11,12,-9999,-9999,-9999,0,0,-9999,-9999,-9999
1518,2017,7,11,15,-9999,-9999,-9999,0,0,-9999,-9999,-9999
1519,2017,7,11,18,-9999,-9999,-9999,0,0,-9999,-9999,-9999
1520,2017,7,11,21,-9999,-9999,-9999,0,0,-9999,-9999,-9999
1521,2017,7,12,0,-9999,-9999,-9999,0,0,-9999,-9999,-9999
1522,2017,7,12,3,-9999,-9999,-9999,0,0,-9999,-9999,-9999
1523,2017,7,12,6,-9999,-9999,-9999,0,0,-9999,-9999,-9999
1524,2017,7,12,9,-9999,-9999,-9999,0,0,-9999,-9999,-9999
1525,2017,7,12,12,-9999,-9999,-9999,0,0,-9999,-9999,-9999
1526,2017,7,12,15,-9999,-9999,-9999,0,0,-9999,-9999,-9999
1527,2017,7,12,18,-9999,-9999,-9999,0,0,-9999,-9999,-9999
1528,2017,7,12,21,-9999,-9999,-9999,0,0,-9999,-9999,-9999
1529,2017,7,13,0,-9999,-9999,-9999,0,0,-9999,-9999,-9999
1530,2017,7,13,3,-9999,-9999,-9999,0,0,-9999,-9999,-9999
1531,2017,7,13,6,-9999,-9999,-9999,0,0,-9999,-9999,-9999
1532,2017,7,13,9,-9999,-9999,-9999,0,0,-9999,-9999,-9999
1533,2017,7,13,12,-9999,-9999,-9999,0,0,-9999,-9999,-9999
1534,2017,7,13,15,-9999,-9999,-9999,0,0,-9999,-9999,-9999
1535,2017,7,13,18,-9999,-9999,-9999,0,0,-9999,-9999,-9999
1536,2017,7,13,21,-9999,-9999,-9999,0,0,-9999,-9999,-9999
1537,2017,7,14,0,-9999,-9999,-9999,0,0,-9999,-9999,-9999
1538,2017,7,14,3,-9999,-9999,-9999,0,0,-9999,-9999,-9999
1539,2017,7,14,6,-9999,-9999,-9999,0,0,-9999,-9999,-9999
1540,2017,7,14,9,-9999,-9999,-9999,0,0,-9999,-9999,-9999
1541,2017,7,14,12,-9999,-9999,-9999,0,0,-9999,-9999,-9999
1542,2017,7,14,15,-9999,-9999,-9999,0,0,-9999,-9999,-9999
1543,2017,7,14,18,-9999,-9999,-9999,0,0,-9999,-9999,-9999
1544,2017,7,14,21,-9999,-9999,-9999,0,0,-9999,-9999,-9999
1545,2017,7,15,0,-9999,-9999,-9999,0,0,-9999,-9999,-9999
1546,2017,7,15,3,-9999,-9999,-9999,0,0,-9999,-9999,-9999
1547,2017,7,15,6,-9999,-9999,-9999,0,0,-9999,-9999,-9999
1548,2017,7,15,9,-9999,-9999,-9999,0,0,-9999,-9999,-9999
1549,2017,7,15,12,-9999,-9999,-9999,0,0,-9999,-9999,-9999
1550,2017,7,15,15,-9999,-9999,-9999,0,0,-9999,-9999,-9999
1551,2017,7,15,18,-9999,-9999,-9999,0,0,-9999,-9999,-9999
1552,2017,7,15,21,-9999,-9999,-9999,0,0,-9999,-9999,-9999
1553,2017,7,16,0,-9999,-9999,-9999,0,0,-9999,-9999,-9999
1554,2017,7,16,3,-9999,-9999,-9999,0,0,-9999,-9999,-9999
1555,2017,7,16,6,-9999,-9999,-9999,0,0,-9999,-9999,-9999
1556,2017,7,16,9,-9999,-9999,-9999,0,0,-9999,-9999,-9999
1557,2017,7,16,12,-9999,-9999,-9999,0,0,-9999,-9999,-9999
1558,2017,7,16,15,-9999,-9999,-9999,0,0,-9999,-9999,-9999
1559,2017,7,16,18,-9999,-9999,-9999,0,0,-9999,-9999,-9999
1560,2017,7,16,21,-9999,-9999,-9999,0,0,-9999,-9999,-9999
1561,2017,7,17,0,-9999,-9999,-9999,0,0,-9999,-9999,-9999
1562,2017,7,17,3,-9999,-9999,-9999,0,0,-9999,-9999,-9999
1563,2017,7,17,6,-9999,-9999,-9999,0,0,-9999,-9999,-9999
1564,2017,7,17,9,-9999,-9999,-9999,0,0,-9999,-9999,-9999
1565,2017,7,17,12,-9999,-9999,-9999,0,0,-9999,-9999,-9999
1566,2017,7,17,15,-9999,-9999,-9999,0,0,-9999,-9999,-9999
1567,2017,7,17,18,-9999,-9999,-9999,0,0,-9999,-9999,-9999
1568,2017,7,17,21,-9999,-9999,-9999,0,0,-9999,-9999,-9999
1569,2017,7,18,0,-9999,-9999,-9999,0,0,-9999,-9999,-9999
1570,2017,7,18,3,-9999,-9999,-9999,0,0,-9999,-9999,-9999
1571,2017,7,18,6,-9999,-9999,-9999,0,0,-9999,-9999,-9999
1572,2017,7,18,9,-9999,-9999,-9999,0,0,-9999,-9999,-9999
1573,2017,7,18,12,-9999,-9999,-9999,0,0,-9999,-9999,-9999
1574,2017,7,18,15,-9999,-9999,-9999,0,0,-9999,-9999,-9999
1575,2017,7,18,18,-9999,-9999,-9999,0,0,-9999,-9999,-9999
1576,2017,7,18,21,-9999,-9999,-9999,0,0,-9999,-9999,-9999
1577,2017,7,19,0,-9999,-9999,-9999,0,0,-9999,-9999,-9999
1578,2017,7,19,3,-9999,-9999,-9999,0,0,-9999,-9999,-9999
1579,2017,7,19,6,-9999,-9999,-9999,0,0,-9999,-9999,-9999
1580,2017,7,19,9,-9999,-9999,-9999,0,0,-9999,-9999,-9999
1581,2017,7,19,12,-9999,-9999,-9999,0,0,-9999,-9999,-9999
1582,2017,7,19,15,-9999,-9999,-9999,0,0,-9999,-9999,-9999
1583,2017,7,19,18,-9999,-9999,-9999,0,0,-9999,-9999,-9999
1584,2017,7,19,21,-9999,-9999,-9999,0,0,-9999,-9999,-9999
1585,2017,7,20,0,-9999,-9999,-9999,0,0,-9999,-9999,-9999
1586,2017,7,20,3,-9999,-9999,-9999,0,0,-9999,-9999,-9999
1587,2017,7,20,6,-9999,-9999,-9999,0,0,-9999,-9999,-9999
1588,2017,7,20,9,-9999,-9999,-9999,0,0,-9999,-9999,-9999
1589,2017,7,20,12,-9999,-9999,-9999,0,0,-9999,-9999,-9999
1590,2017,7,20,15,-9999,-9999,-9999,0,0,-9999,-9999,-9999
1591,2017,7,20,18,-9999,-9999,-9999,0,0,-9999,-9999,-9999
1592,2017,7,20,21,-9999,-9999,-9999,0,0,-9999,-9999,-9999
1593,2017,7,21,0,-9999,-9999,-9999,0,0,-9999,-9999,-9999
1594,2017,7,21,3,-9999,-9999,-9999,0,0,-9999,-9999,-9999
1595,2017,7,21,6,-9999,-9999,-9999,0,0,-9999,-9999,-9999
1596,2017,7,21,9,-9999,-9999,-9999,0,0,-9999,-9999,-9999
1597,2017,7,21,12,-9999,-9999,-9999,0,0,-9999,-9999,-9999
1598,2017,7,21,15,-9999,-9999,-9999,0,0,-9999,-9999,-9999
1599,2017,7,21,18,-9999,-9999,-9999,0,0,-9999,-9999,-9999
1600,2017,7,21,21,-9999,-9999,-9999,0,0,-9999,-9999,-9999
1601,2017,7,22,0,-9999,-9999,-9999,0,0,-9999,-9999,-9999
1602,2017,7,22,3,-9999,-9999,-9999,0,0,-9999,-9999,-9999
1603,2017,7,22,6,-9999,-9999,-9999,0,0,-9999,-9999,-9999
1604,2017,7,22,9,-9999,-9999,-9999,0,0,-9999,-9999,-9999
1605,2017,7,22,12,-9999,-9999,-9999,0,0,-9999,-9999,-9999
1606,2017,7,22,15,-9999,-9999,-9999,0,0,-9999,-9999,-9999
1607,2017,7,22,18,-9999,-9999,-9999,0,0,-9999,-9999,-9999
1608,2017,7,22,21,-9999,-9999,-9999,0,0,-9999,-9999,-9999
1609,2017,7,23,0,-9999,-9999,-9999,0,0,-9999,-9999,-9999
1610,2017,7,23,3,-9999,-9999,-9999,0,0,-9999,-9999,-9999
1611,2017,7,23,6,-9999,-9999,-9999,0,0,-9999,-9999,-9999
1612,2017,7,23,9,-9999,-9999,-9999,0,0,-9999,-9999,-9999
1613,2017,7,23,12,-9999,-9999,-9999,0,0,-9999,-9999,-9999
1614,2017,7,23,15,-9999,-9999,-9999,0,0,-9999,-9999,-9999
1615,2017,7,23,18,-9999,-9999,-9999,0,0,-9999,-9999,-9999
1616,2017,7,23,21,-9999,-9999,-9999,0,0,-9999,-9999,-9999
1617,2017,7,24,0,-9999,-9999,-9999,0,0,-9999,-9999,-9999
1618,2017,7,24,3,-9999,-9999,-9999,0,0,-9999,-9999,-9999
1619,2017,7,24,6,-9999,-9999,-9999,0,0,-9999,-9999,-9999
1620,2017,7,24,9,-9999,-9999,-9999,0,0,-9999,-9999,-9999
1621,2017,7,24,12,-9999,-9999,-9999,0,0,-9999,-9999,-9999
1622,2017,7,24,15,-9999,-9999,-9999,0,0,-9999,-9999,-9999
1623,2017,7,24,18,-9999,-9999,-9999,0,0,-9999,-9999,-9999
1624,2017,7,24,21,-9999,-9999,-9999,0,0,-9999,-9999,-9999
1625,2017,7,25,0,-9999,-9999,-9999,0,0,-9999,-9999,-9999
1626,2017,7,25,3,-9999,-9999,-9999,0,0,-9999,-9999,-9999
1627,2017,7,25,6,-9999,-9999,-9999,0,0,-9999,-9999,-9999
1628,2017,7,25,9,-9999,-9999,-9999,0,0,-9999,-9999,-9999
1629,2017,7,25,12,-9999,-9999,-9999,0,0,-9999,-9999,-9999
1630,2017,7,25,15,-9999,-9999,-9999,0,0,-9999,-9999,-9999
1631,2017,7,25,18,-9999,-9999,-9999,0,0,-9999,-9999,-9999
1632,2017,7,25,21,-9999,-9999,-9999,0,0,-9999,-9999,-9999
1633,2017,7,26,0,-9999,-9999,-9999,0,0,-9999,-9999,-9999
1634,2017,7,26,3,-9999,-9999,-9999,0,0,-9999,-9999,-9999
1635,2017,7,26,6,-9999,-9999,-9999,0,0,-9999,-9999,-9999
1636,2017,7,26,9,-9999,-9999,-9999,0,0,-9999,-9999,-9999
1637,2017,7,26,12,-9999,-9999,-9999,0,0,-9999,-9999,-9999
1638,2017,7,26,15,-9999,-9999,-9999,0,0,-9999,-9999,-9999
1639,2017,7,26,18,-9999,-9999,-9999,0,0,-9999,-9999,-9999
1640,2017,7,26,21,-9999,-9999,-9999,0,0,-9999,-9999,-9999
1641,2017,7,27,0,-9999,-9999,-9999,0,0,-9999,-9999,-9999
1642,2017,7,27,3,-9999,-9999,-9999,0,0,-9999,-9999,-9999
1643,2017,7,27,6,-9999,-9999,-9999,0,0,-9999,-9999,-9999
1644,2017,7,27,9,-9999,-9999,-9999,0,0,-9999,-9999,-9999
1645,2017,7,27,12,-9999,-9999,-9999,0,0,-9999,-9999,-9999
1646,2017,7,27,15,-9999,-9999,-9999,0,0,-9999,-9999,-9999
1647,2017,7,27,18,-9999,-9999,-9999,0,0,-9999,-9999,-9999
1648,2017,7,27,21,-9999,-9999,-9999,0,0,-9999,-9999,-9999
1649,2017,7,28,0,-9999,-9999,-9999,0,0,-9999,-9999,-9999
1650,2017,7,28,3,-9999,-9999,-9999,0,0,-9999,-9999,-9999
1651,2017,7,28,6,-9999,-9999,-9999,0,0,-9999,-9999,-9999
1652,2017,7,28,9,-9999,-9999,-9999,0,0,-9999,-9999,-9999
1653,2017,7,28,12,-9999,-9999,-9999,0,0,-9999,-9999,-9999
1654,2017,7,28,15,-9999,-9999,-9999,0,0,-9999,-9999,-9999
1655,2017,7,28,18,-9999,-9999,-9999,0,0,-9999,-9999,-9999
1656,2017,7,28,21,-9999,-9999,-9999,0,0,-9999,-9999,-9999
1657,2017,7,29,0,-9999,-9999,-9999,0,0,-9999,-9999,-9999
1658,2017,7,29,3,-9999,-9999,-9999,0,0,-9999,-9999,-9999
1659,2017,7,29,6,-9999,-9999,-9999,0,0,-9999,-9999,-9999
1660,2017,7,29,9,-9999,-9999,-9999,0,0,-9999,-9999,-9999
1661,2017,7,29,12,-9999,-9999,-9999,0,0,-9999,-9999,-9999
1662,2017,7,29,15,-9999,-9999,-9999,0,0,-9999,-9999,-9999
1663,2017,7,29,18,-9999,-9999,-9999,0,0,-9999,-9999,-9999
1664,2017,7,29,21,-9999,-9999,-9999,0,0,-9999,-9999,-9999
1665,2017,7,30,0,-9999,-9999,-9999,0,0,-9999,-9999,-9999
1666,2017,7,30,3,-9999,-9999,-9999,0,0,-9999,-9999,-9999
1667,2017,7,30,6,-9999,-9999,-9999,0,0,-9999,-9999,-9999
1668,2017,7,30,9,-9999,-9999,-9999,0,0,-9999,-9999,-9999
1669,2017,7,30,12,-9999,-9999,-9999,0,0,-9999,-9999,-9999
1670,2017,7,30,15,-9999,-9999,-9999,0,0,-9999,-9999,-9999
1671,2017,7,30,18,-9999,-9999,-9999,0,0,-9999,-9999,-9999
1672,2017,7,30,21,-9999,-9999,-9999,0,0,-9999,-9999,-9999
1673,2017,7,31,0,-9999,-9999,-9999,0,0,-9999,-9999,-9999
1674,2017,7,31,3,-9999,-9999,-9999,0,0,-9999,-9999,-9999
1675,2017,7,31,6,-9999,-9999,-9999,0,0,-9999,-9999,-9999
1676,2017,7,31,9,-9999,-9999,-9999,0,0,-9999,-9999,-9999
1677,2017,7,31,12,-9999,-9999,-9999,0,0,-9999,-9999,-9999
1678,2017,7,31,15,-9999,-9999,-9999,0,0,-9999,-9999,-9999
1679,2017,7,31,18,-9999,-9999,-9999,0,0,-9999,-9999,-9999
1680,2017,7,31,21,-9999,-9999,-9999,0,0,-9999,-9999,-9999
1681,2017,8,1,0,-9999,-9999,-9999,0,0,-9999,-9999,-9999
1682,2017,8,1,3,-9999,-9999,-9999,0,0,-9999,-9999,-9999
1683,2017,8,1,6,-9999,-9999,-9999,0,0,-9999,-9999,-9999
1684,2017,8,1,9,-9999,-9999,-9999,0,0,-9999,-9999,-9999
1685,2017,8,1,12,-9999,-9999,-9999,0,0,-9999,-9999,-9999
1686,2017,8,1,15,-9999,-9999,-9999,0,0,-9999,-9999,-9999
1687,2017,8,1,18,-9999,-9999,-9999,0,0,-9999,-9999,-9999
1688,2017,8,1,21,-9999,-9999,-9999,0,0,-9999,-9999,-9999
1689,2017,8,2,0,-9999,-9999,-9999,0,0,-9999,-9999,-9999
1690,2017,8,2,3,-9999,-9999,-9999,0,0,-9999,-9999,-9999
1691,2017,8,2,6,-9999,-9999,-9999,0,0,-9999,-9999,-9999
1692,2017,8,2,9,-9999,-9999,-9999,0,0,-9999,-9999,-9999
1693,2017,8,2,12,-9999,-9999,-9999,0,0,-9999,-9999,-9999
1694,2017,8,2,15,-9999,-9999,-9999,0,0,-9999,-9999,-9999
1695,2017,8,2,18,-9999,-9999,-9999,0,0,-9999,-9999,-9999
1696,2017,8,2,21,-9999,-9999,-9999,0,0,-9999,-9999,-9999
1697,2017,8,3,0,-9999,-9999,-9999,0,0,-9999,-9999,-9999
1698,2017,8,3,3,-9999,-9999,-9999,0,0,-9999,-9999,-9999
1699,2017,8,3,6,-9999,-9999,-9999,0,0,-9999,-9999,-9999
1700,2017,8,3,9,-9999,-9999,-9999,0,0,-9999,-9999,-9999
1701,2017,8,3,12,-9999,-9999,-9999,0,0,-9999,-9999,-9999
1702,2017,8,3,15,-9999,-9999,-9999,0,0,-9999,-9999,-9999
1703,2017,8,3,18,-9999,-9999,-9999,0,0,-9999,-9999,-9999
1704,2017,8,3,21,-9999,-9999,-9999,0,0,-9999,-9999,-9999
1705,2017,8,4,0,-9999,-9999,-9999,0,0,-9999,-9999,-9999
1706,2017,8,4,3,-9999,-9999,-9999,0,0,-9999,-9999,-9999
1707,2017,8,4,6,-9999,-9999,-9999,0,0,-9999,-9999,-9999
1708,2017,8,4,9,-9999,-9999,-9999,0,0,-9999,-9999,-9999
1709,2017,8,4,12,-9999,-9999,-9999,0,0,-9999,-9999,-9999
1710,2017,8,4,15,-9999,-9999,-9999,0,0,-9999,-9999,-9999
1711,2017,8,4,18,-9999,-9999,-9999,0,0,-9999,-9999,-9999
1712,2017,8,4,21,-9999,-9999,-9999,0,0,-9999,-9999,-9999
1713,2017,8,5,0,-9999,-9999,-9999,0,0,-9999,-9999,-9999
1714,2017,8,5,3,-9999,-9999,-9999,0,0,-9999,-9999,-9999
1715,2017,8,5,6,-9999,-9999,-9999,0,0,-9999,-9999,-9999
1716,2017,8,5,9,-9999,-9999,-9999,0,0,-9999,-9999,-9999
1717,2017,8,5,12,-9999,-9999,-9999,0,0,-9999,-9999,-9999
1718,2017,8,5,15,-9999,-9999,-9999,0,0,-9999,-9999,-9999
1719,2017,8,5,18,-9999,-9999,-9999,0,0,-9999,-9999,-9999
1720,2017,8,5,21,-9999,-9999,-9999,0,0,-9999,-9999,-9999
1721,2017,8,6,0,-9999,-9999,-9999,0,0,-9999,-9999,-9999
1722,2017,8,6,3,-9999,-9999,-9999,0,0,-9999,-9999,-9999
1723,2017,8,6,6,-9999,-9999,-9999,0,0,-9999,-9999,-9999
1724,2017,8,6,9,-9999,-9999,-9999,0,0,-9999,-9999,-9999
1725,2017,8,6,12,-9999,-9999,-9999,0,0,-9999,-9999,-9999
1726,2017,8,6,15,-9999,-9999,-9999,0,0,-9999,-9999,-9999
1727,2017,8,6,18,-9999,-9999,-9999,0,0,-9999,-9999,-9999
1728,2017,8,6,21,-9999,-9999,-9999,0,0,-9999,-9999,-9999
1729,2017,8,7,0,-9999,-9999,-9999,0,0,-9999,-9999,-9999
1730,2017,8,7,3,-9999,-9999,-9999,0,0,-9999,-9999,-9999
1731,2017,8,7,6,-9999,-9999,-9999,0,0,-9999,-9999,-9999
1732,2017,8,7,9,-9999,-9999,-9999,0,0,-9999,-9999,-9999
1733,2017,8,7,12,-9999,-9999,-9999,0,0,-9999,-9999,-9999
1734,2017,8,7,15,-9999,-9999,-9999,0,0,-9999,-9999,-9999
1735,2017,8,7,18,-9999,-9999,-9999,0,0,-9999,-9999,-9999
1736,2017,8,7,21,-9999,-9999,-9999,0,0,-9999,-9999,-9999
1737,2017,8,8,0,-9999,-9999,-9999,0,0,-9999,-9999,-9999
1738,2017,8,8,6,-9999,-9999,-9999,0,0,-9999,-9999,-9999
1739,2017,8,8,9,-9999,-9999,-9999,0,0,-9999,-9999,-9999
1740,2017,8,8,12,-9999,-9999,-9999,0,0,-9999,-9999,-9999
1741,2017,8,8,15,-9999,-9999,-9999,0,0,-9999,-9999,-9999
1742,2017,8,8,18,-9999,-9999,-9999,0,0,-9999,-9999,-9999
1743,2017,8,8,21,-9999,-9999,-9999,0,0,-9999,-9999,-9999
1744,2017,8,9,0,-9999,-9999,-9999,0,0,-9999,-9999,-9999
1745,2017,8,9,3,-9999,-9999,-9999,0,0,-9999,-9999,-9999
1746,2017,8,9,6,-9999,-9999,-9999,0,0,-9999,-9999,-9999
1747,2017,8,9,9,-9999,-9999,-9999,0,0,-9999,-9999,-9999
1748,2017,8,9,12,-9999,-9999,-9999,0,0,-9999,-9999,-9999
1749,2017,8,9,15,-9999,-9999,-9999,0,0,-9999,-9999,-9999
1750,2017,8,9,18,-9999,-9999,-9999,0,0,-9999,-9999,-9999
1751,2017,8,9,21,-9999,-9999,-9999,0,0,-9999,-9999,-9999
1752,2017,8,10,0,-9999,-9999,-9999,0,0,-9999,-9999,-9999
1753,2017,8,10,3,-9999,-9999,-9999,0,0,-9999,-9999,-9999
1754,2017,8,10,6,-9999,-9999,-9999,0,0,-9999,-9999,-9999
1755,2017,8,10,9,-9999,-9999,-9999,0,0,-9999,-9999,-9999
1756,2017,8,10,12,-9999,-9999,-9999,0,0,-9999,-9999,-9999
1757,2017,8,10,15,-9999,-9999,-9999,0,0,-9999,-9999,-9999
1758,2017,8,10,18,-9999,-9999,-9999,0,0,-9999,-9999,-9999
1759,2017,8,10,21,-9999,-9999,-9999,0,0,-9999,-9999,-9999
1760,2017,8,11,0,-9999,-9999,-9999,0,0,-9999,-9999,-9999
1761,2017,8,11,3,-9999,-9999,-9999,0,0,-9999,-9999,-9999
1762,2017,8,11,6,-9999,-9999,-9999,0,0,-9999,-9999,-9999
1763,2017,8,11,9,-9999,-9999,-9999,0,0,-9999,-9999,-9999
1764,2017,8,11,12,-9999,-9999,-9999,0,0,-9999,-9999,-9999
1765,2017,8,11,15,-9999,-9999,-9999,0,0,-9999,-9999,-9999
1766,2017,8,11,18,-9999,-9999,-9999,0,0,-9999,-9999,-9999
1767,2017,8,11,21,-9999,-9999,-9999,0,0,-9999,-9999,-9999
1768,2017,8,12,0,-9999,-9999,-9999,0,0,-9999,-9999,-9999
1769,2017,8,12,3,-9999,-9999,-9999,0,0,-9999,-9999,-9999
1770,2017,8,12,6,-9999,-9999,-9999,0,0,-9999,-9999,-9999
1771,2017,8,12,9,-9999,-9999,-9999,0,0,-9999,-9999,-9999
1772,2017,8,12,12,-9999,-9999,-9999,0,0,-9999,-9999,-9999
1773,2017,8,12,15,-9999,-9999,-9999,0,0,-9999,-9999,-9999
1774,2017,8,12,18,-9999,-9999,-9999,0,0,-9999,-9999,-9999
1775,2017,8,12,21,-9999,-9999,-9999,0,0,-9999,-9999,-9999
1776,2017,8,13,0,-9999,-9999,-9999,0,0,-9999,-9999,-9999
1777,2017,8,13,3,-9999,-9999,-9999,0,0,-9999,-9999,-9999
1778,2017,8,13,6,-9999,-9999,-9999,0,0,-9999,-9999,-9999
1779,2017,8,13,9,-9999,-9999,-9999,0,0,-9999,-9999,-9999
1780,2017,8,13,12,-9999,-9999,-9999,0,0,-9999,-9999,-9999
1781,2017,8,13,15,-9999,-9999,-9999,0,0,-9999,-9999,-9999
1782,2017,8,13,18,-9999,-9999,-9999,0,0,-9999,-9999,-9999
1783,2017,8,13,21,-9999,-9999,-9999,0,0,-9999,-9999,-9999
1784,2017,8,14,0,-9999,-9999,-9999,0,0,-9999,-9999,-9999
1785,2017,8,14,3,-9999,-9999,-9999,0,0,-9999,-9999,-9999
1786,2017,8,14,6,-9999,-9999,-9999,0,0,-9999,-9999,-9999
1787,2017,8,14,9,-9999,-9999,-9999,0,0,-9999,-9999,-9999
1788,2017,8,14,12,-9999,-9999,-9999,0,0,-9999,-9999,-9999
1789,2017,8,14,15,-9999,-9999,-9999,0,0,-9999,-9999,-9999
1790,2017,8,14,18,-9999,-9999,-9999,0,0,-9999,-9999,-9999
1791,2017,8,14,21,-9999,-9999,-9999,0,0,-9999,-9999,-9999
1792,2017,8,15,0,-9999,-9999,-9999,0,0,-9999,-9999,-9999
1793,2017,8,15,3,-9999,-9999,-9999,0,0,-9999,-9999,-9999
1794,2017,8,15,6,-9999,-9999,-9999,0,0,-9999,-9999,-9999
1795,2017,8,15,9,-9999,-9999,-9999,0,0,-9999,-9999,-9999
1796,2017,8,15,12,-9999,-9999,-9999,0,0,-9999,-9999,-9999
1797,2017,8,15,15,-9999,-9999,-9999,0,0,-9999,-9999,-9999
1798,2017,8,15,21,-9999,-9999,-9999,0,0,-9999,-9999,-9999
1799,2017,8,16,0,-9999,-9999,-9999,0,0,-9999,-9999,-9999
1800,2017,8,16,3,-9999,-9999,-9999,0,0,-9999,-9999,-9999
1801,2017,8,16,6,-9999,-9999,-9999,0,0,-9999,-9999,-9999
1802,2017,8,16,9,-9999,-9999,-9999,0,0,-9999,-9999,-9999
1803,2017,8,16,12,-9999,-9999,-9999,0,0,-9999,-9999,-9999
1804,2017,8,16,15,-9999,-9999,-9999,0,0,-9999,-9999,-9999
1805,2017,8,16,18,-9999,-9999,-9999,0,0,-9999,-9999,-9999
1806,2017,8,16,21,-9999,-9999,-9999,0,0,-9999,-9999,-9999
1807,2017,8,17,0,-9999,-9999,-9999,0,0,-9999,-9999,-9999
1808,2017,8,17,3,-9999,-9999,-9999,0,0,-9999,-9999,-9999
1809,2017,8,17,6,-9999,-9999,-9999,0,0,-9999,-9999,-9999
1810,2017,8,17,9,-9999,-9999,-9999,0,0,-9999,-9999,-9999
1811,2017,8,17,12,-9999,-9999,-9999,0,0,-9999,-9999,-9999
1812,2017,8,17,15,-9999,-9999,-9999,0,0,-9999,-9999,-9999
1813,2017,8,17,18,-9999,-9999,-9999,0,0,-9999,-9999,-9999
1814,2017,8,17,21,-9999,-9999,-9999,0,0,-9999,-9999,-9999
1815,2017,8,18,0,-9999,-9999,-9999,0,0,-9999,-9999,-9999
1816,2017,8,18,3,-9999,-9999,-9999,0,0,-9999,-9999,-9999
1817,2017,8,18,6,-9999,-9999,-9999,0,0,-9999,-9999,-9999
1818,2017,8,18,9,-9999,-9999,-9999,0,0,-9999,-9999,-9999
1819,2017,8,18,12,-9999,-9999,-9999,0,0,-9999,-9999,-9999
1820,2017,8,18,15,-9999,-9999,-9999,0,0,-9999,-9999,-9999
1821,2017,8,18,18,-9999,-9999,-9999,0,0,-9999,-9999,-9999
1822,2017,8,18,21,-9999,-9999,-9999,0,0,-9999,-9999,-9999
1823,2017,8,19,0,-9999,-9999,-9999,0,0,-9999,-9999,-9999
1824,2017,8,19,3,-9999,-9999,-9999,0,0,-9999,-9999,-9999
1825,2017,8,19,6,-9999,-9999,-9999,0,0,-9999,-9999,-9999
1826,2017,8,19,9,-9999,-9999,-9999,0,0,-9999,-9999,-9999
1827,2017,8,19,12,-9999,-9999,-9999,0,0,-9999,-9999,-9999
1828,2017,8,19,15,-9999,-9999,-9999,0,0,-9999,-9999,-9999
1829,2017,8,19,18,-9999,-9999,-9999,0,0,-9999,-9999,-9999
1830,2017,8,19,21,-9999,-9999,-9999,0,0,-9999,-9999,-9999
1831,2017,8,20,0,-9999,-9999,-9999,0,0,-9999,-9999,-9999
1832,2017,8,20,3,-9999,-9999,-9999,0,0,-9999,-9999,-9999
1833,2017,8,20,6,-9999,-9999,-9999,0,0,-9999,-9999,-9999
1834,2017,8,20,9,-9999,-9999,-9999,0,0,-9999,-9999,-9999
1835,2017,8,20,12,-9999,-9999,-9999,0,0,-9999,-9999,-9999
1836,2017,8,20,15,-9999,-9999,-9999,0,0,-9999,-9999,-9999
1837,2017,8,20,18,-9999,-9999,-9999,0,0,-9999,-9999,-9999
1838,2017,8,20,21,-9999,-9999,-9999,0,0,-9999,-9999,-9999
1839,2017,8,21,0,-9999,-9999,-9999,0,0,-9999,-9999,-9999
1840,2017,8,21,3,-9999,-9999,-9999,0,0,-9999,-9999,-9999
1841,2017,8,21,6,-9999,-9999,-9999,0,0,-9999,-9999,-9999
1842,2017,8,21,9,-9999,-9999,-9999,0,0,-9999,-9999,-9999
1843,2017,8,21,12,-9999,-9999,-9999,0,0,-9999,-9999,-9999
1844,2017,8,21,15,-9999,-9999,-9999,0,0,-9999,-9999,-9999
1845,2017,8,21,18,-9999,-9999,-9999,0,0,-9999,-9999,-9999
1846,2017,8,21,21,-9999,-9999,-9999,0,0,-9999,-9999,-9999
1847,2017,8,22,0,-9999,-9999,-9999,0,0,-9999,-9999,-9999
1848,2017,8,22,3,-9999,-9999,-9999,0,0,-9999,-9999,-9999
1849,2017,8,22,6,-9999,-9999,-9999,0,0,-9999,-9999,-9999
1850,2017,8,22,9,-9999,-9999,-9999,0,0,-9999,-9999,-9999
1851,2017,8,22,12,-9999,-9999,-9999,0,0,-9999,-9999,-9999
1852,2017,8,23,3,-9999,-9999,-9999,0,0,-9999,-9999,-9999
1853,2017,8,23,6,-9999,-9999,-9999,0,0,-9999,-9999,-9999
1854,2017,8,23,9,-9999,-9999,-9999,0,0,-9999,-9999,-9999
1855,2017,8,23,12,-9999,-9999,-9999,0,0,-9999,-9999,0
1856,2017,8,23,14,150,114,-9999,360,-9999,-9999,-9999,-9999
1857,2017,8,23,15,155,114,-9999,0,0,-9999,-9999,-9999
1858,2017,8,23,16,159,113,-9999,360,-9999,-9999,-9999,-9999
1859,2017,8,23,17,175,109,-9999,360,-9999,-9999,-9999,-9999
1860,2017,8,23,18,185,98,-9999,0,0,-9999,-9999,0
1861,2017,8,23,19,200,103,-9999,360,-9999,-9999,-9999,-9999
1862,2017,8,23,20,203,94,-9999,360,-9999,-9999,-9999,-9999
1863,2017,8,23,21,212,96,-9999,0,0,-9999,-9999,-9999
1864,2017,8,23,22,211,75,-9999,360,-9999,-9999,-9999,-9999
1865,2017,8,23,23,211,89,-9999,360,-9999,-9999,-9999,-9999
1866,2017,8,24,0,213,88,-9999,0,0,-9999,-9999,0
1867,2017,8,24,1,212,93,-9999,360,-9999,-9999,-9999,-9999
1868,2017,8,24,3,192,102,10034,0,0,-9999,-9999,-9999
1869,2017,8,24,4,189,109,10029,360,-9999,-9999,-9999,-9999
1870,2017,8,24,5,186,111,10025,360,-9999,-9999,-9999,-9999
1871,2017,8,24,6,180,116,10022,0,0,-9999,-9999,-9999
1872,2017,8,24,7,171,118,10020,360,-9999,-9999,-9999,-9999
1873,2017,8,24,8,163,119,10020,360,-9999,-9999,-9999,-9999
1874,2017,8,24,9,157,125,10018,0,0,-9999,-9999,-9999
1875,2017,8,24,10,154,119,10017,360,-9999,-9999,-9999,-9999
1876,2017,8,24,11,150,122,10016,360,-9999,-9999,-9999,-9999
1877,2017,8,24,12,147,126,10018,0,0,-9999,-9999,0
1878,2017,8,24,13,149,122,10019,360,-9999,-9999,-9999,-9999
1879,2017,8,24,14,151,112,10019,360,-9999,-9999,-9999,-9999
1880,2017,8,24,15,156,108,10018,0,0,-9999,-9999,-9999
1881,2017,8,24,19,193,71,10021,360,-9999,-9999,13,-9999
1882,2017,8,25,4,172,108,-9999,170,-9999,-9999,-9999,-9999
1883,2017,8,25,5,168,102,-9999,170,-9999,-9999,-9999,-9999
1884,2017,8,25,6,147,106,-9999,0,0,-9999,-9999,-9999
1885,2017,8,25,7,155,112,10038,10,-9999,-9999,-9999,-9999
1886,2017,8,25,8,143,115,-9999,340,-9999,-9999,-9999,-9999
1887,2017,8,25,9,139,117,-9999,0,0,-9999,-9999,-9999
1888,2017,8,25,10,133,116,-9999,340,-9999,-9999,-9999,-9999
1889,2017,8,25,11,129,112,-9999,360,-9999,-9999,-9999,-9999
1890,2017,8,25,12,129,115,-9999,0,0,-9999,-9999,0
1891,2017,8,25,13,129,117,-9999,350,-9999,-9999,-9999,-9999
1892,2017,8,25,14,132,116,-9999,350,-9999,-9999,-9999,-9999
1893,2017,8,25,17,142,121,10030,340,-9999,-9999,-9999,-9999
1894,2017,8,25,18,142,124,10030,350,26,-9999,-9999,-9999
1895,2017,8,25,19,142,126,10027,330,26,-9999,-9999,-9999
1896,2017,8,25,20,146,129,10026,340,31,-9999,1,-9999
1897,2017,8,25,21,151,125,10024,330,36,-9999,-9999,-9999
1898,2017,8,25,22,154,115,10023,330,41,-9999,-9999,-9999
1899,2017,8,25,23,153,115,10025,330,36,-9999,-9999,-9999
1900,2017,8,26,0,151,121,10024,350,36,-9999,-9999,-9999
1901,2017,8,26,1,160,115,10023,360,46,-9999,-9999,-9999
1902,2017,8,26,2,163,121,10023,350,41,-9999,-9999,-9999
1903,2017,8,26,3,149,122,10025,340,46,-9999,-9999,-9999
1904,2017,8,26,4,142,120,10024,330,46,-9999,-9999,-9999
1905,2017,8,26,5,136,117,10023,320,46,-9999,-9999,-9999
1906,2017,8,26,6,134,117,10023,310,41,-9999,-9999,0
1907,2017,8,26,7,134,119,10024,320,46,-9999,-9999,-9999
1908,2017,8,26,8,132,116,10025,320,46,-9999,-9999,-9999
1909,2017,8,26,9,128,113,10028,320,51,-9999,-9999,-9999
1910,2017,8,26,10,124,114,10031,320,57,-9999,-9999,-9999
1911,2017,8,26,11,122,112,10035,320,57,-9999,-9999,-9999
1912,2017,8,26,12,122,114,10036,330,46,-9999,-9999,0
1913,2017,8,26,13,122,114,10040,330,46,-9999,-9999,-9999
1914,2017,8,26,14,123,108,10043,330,46,-9999,-9999,-9999
1915,2017,8,26,15,120,105,10047,320,36,-9999,-9999,-9999
1916,2017,8,26,16,118,102,10050,320,41,-9999,-9999,-9999
1917,2017,8,26,17,122,99,10053,320,36,-9999,-9999,-9999
1918,2017,8,26,18,125,94,10055,320,31,-9999,-9999,0
1919,2017,8,26,19,124,92,10060,310,31,-9999,-9999,-9999
1920,2017,8,26,20,127,95,10061,340,26,-9999,-9999,-9999
1921,2017,8,26,21,124,87,10066,290,21,-9999,-9999,-9999
1922,2017,8,26,22,115,75,10067,350,21,-9999,-9999,-9999
1923,2017,8,26,23,129,87,10068,360,21,-9999,-9999,-9999
1924,2017,8,27,0,133,84,10067,30,21,-9999,-9999,0
1925,2017,8,27,1,136,88,10067,90,15,-9999,-9999,-9999
1926,2017,8,27,2,125,87,10066,30,15,-9999,-9999,-9999
1927,2017,8,27,3,127,90,10067,50,26,-9999,-9999,-9999
1928,2017,8,27,4,115,91,10068,60,21,-9999,-9999,-9999
1929,2017,8,27,5,101,88,10069,100,5,-9999,-9999,-9999
1930,2017,8,27,6,97,85,10068,50,15,-9999,-9999,0
1931,2017,8,27,7,102,92,10064,50,31,-9999,-9999,-9999
1932,2017,8,27,8,113,99,10064,160,10,-9999,-9999,-9999
1933,2017,8,27,9,102,87,10062,60,15,-9999,-9999,-9999
1934,2017,8,27,10,117,106,10056,80,31,-9999,-9999,-9999
1935,2017,8,27,11,120,95,10056,100,21,-9999,-9999,-9999
1936,2017,8,27,12,119,106,10054,70,26,-9999,-9999,0
1937,2017,8,27,13,121,108,10052,90,31,-9999,-9999,-9999
1938,2017,8,27,14,124,110,10049,80,21,-9999,-9999,-9999
1939,2017,8,27,15,130,111,10048,80,36,-9999,-9999,-9999
1940,2017,8,27,16,125,112,10047,80,36,-9999,-9999,-9999
1941,2017,8,27,17,149,113,10047,100,26,-9999,-9999,-9999
1942,2017,8,27,18,149,113,10046,110,26,-9999,-9999,0
1943,2017,8,27,19,146,115,10048,120,26,-9999,-9999,-9999
1944,2017,8,27,20,129,119,10050,120,10,-9999,20,-9999
1945,2017,8,27,21,133,120,10053,360,0,-9999,17,-9999
1946,2017,8,27,22,138,126,10051,70,21,-9999,4,-9999
1947,2017,8,27,23,136,115,10053,170,21,-9999,5,-9999
1948,2017,8,28,0,130,116,10055,190,10,-9999,28,70
1949,2017,8,28,1,130,115,10055,210,5,-9999,1,-9999
1950,2017,8,28,2,127,114,10056,220,15,-9999,-9999,-9999
1951,2017,8,28,3,122,114,10058,240,26,-9999,1,-9999
1952,2017,8,28,4,120,115,10059,240,15,-9999,5,-9999
1953,2017,8,28,5,121,115,10059,220,15,-9999,6,-9999
1954,2017,8,28,6,120,114,10061,190,15,-9999,4,20
1955,2017,8,28,7,118,109,10064,180,15,-9999,6,-9999
1956,2017,8,28,8,119,110,10065,130,10,-9999,1,-9999
1957,2017,8,28,9,117,111,10066,220,15,-9999,4,-9999
1958,2017,8,28,10,113,106,10069,170,5,-9999,13,-9999
1959,2017,8,28,11,114,107,10074,160,5,-9999,2,-9999
1960,2017,8,28,12,114,109,10080,60,15,-9999,-9999,30
1961,2017,8,28,13,114,103,10088,40,36,-9999,1,-9999
1962,2017,8,28,14,111,97,10095,50,31,-9999,-9999,-9999
1963,2017,8,28,15,117,96,10104,50,41,-9999,-9999,-9999
1964,2017,8,28,16,124,97,10113,40,41,-9999,-9999,-9999
1965,2017,8,28,17,129,89,10121,50,41,-9999,-9999,-9999
1966,2017,8,28,18,137,84,10128,80,31,-9999,-9999,-9999
1967,2017,8,28,19,142,79,10135,100,21,-9999,-9999,-9999
1968,2017,8,28,20,142,82,10142,350,21,-9999,-9999,-9999
1969,2017,8,28,21,154,67,10146,40,31,-9999,-9999,-9999
1970,2017,8,28,22,145,61,10151,350,10,-9999,-9999,-9999
1971,2017,8,28,23,154,55,10156,350,26,-9999,-9999,-9999
1972,2017,8,29,0,154,75,10159,360,31,-9999,-9999,0
1973,2017,8,29,1,154,89,10163,360,31,-9999,-9999,-9999
1974,2017,8,29,2,151,81,10168,30,10,-9999,-9999,-9999
1975,2017,8,29,3,140,88,10173,360,15,-9999,-9999,-9999
1976,2017,8,29,4,112,84,10176,80,10,-9999,-9999,-9999
1977,2017,8,29,5,103,95,10181,160,10,-9999,-9999,-9999
1978,2017,8,29,6,101,82,10184,180,10,-9999,-9999,0
1979,2017,8,29,7,103,79,10188,210,15,-9999,-9999,-9999
1980,2017,8,29,8,75,75,10192,360,0,-9999,-9999,-9999
1981,2017,8,29,9,87,83,10196,360,0,-9999,-9999,-9999
1982,2017,8,29,10,92,84,10198,190,15,-9999,-9999,-9999
1983,2017,8,29,11,95,89,10198,130,15,-9999,-9999,-9999
1984,2017,8,29,12,113,97,10199,170,21,-9999,-9999,0
1985,2017,8,29,13,114,102,10200,180,26,-9999,-9999,-9999
1986,2017,8,29,14,120,95,10200,190,31,-9999,-9999,-9999
1987,2017,8,29,15,126,108,10198,180,41,-9999,-9999,-9999
1988,2017,8,29,16,135,102,10200,190,41,-9999,-9999,-9999
1989,2017,8,29,17,146,101,10196,180,41,-9999,-9999,-9999
1990,2017,8,29,18,156,88,10191,190,57,-9999,-9999,0
1991,2017,8,29,19,161,74,10187,200,62,-9999,-9999,-9999
1992,2017,8,29,20,168,72,10182,190,62,-9999,-9999,-9999
1993,2017,8,29,21,174,72,10176,180,62,-9999,-9999,-9999
1994,2017,8,29,22,165,72,10167,180,62,-9999,-9999,-9999
1995,2017,8,29,23,176,67,10159,170,51,-9999,-9999,-9999
1996,2017,8,30,0,178,72,10151,170,41,-9999,-9999,0
1997,2017,8,30,1,178,72,10144,170,51,-9999,-9999,-9999
1998,2017,8,30,2,171,80,10139,170,41,-9999,-9999,-9999
1999,2017,8,30,3,160,89,10136,160,36,-9999,-9999,-9999
2000,2017,8,30,4,147,98,10132,160,31,-9999,-9999,-9999
2001,2017,8,30,5,138,102,10131,170,41,-9999,-9999,-9999
2002,2017,8,30,6,132,95,10126,170,46,-9999,-9999,0
2003,2017,8,30,7,125,90,10121,170,41,-9999,-9999,-9999
2004,2017,8,30,8,124,90,10114,180,46,-9999,-9999,-9999
2005,2017,8,30,9,124,90,10106,180,51,-9999,-9999,-9999
2006,2017,8,30,10,124,91,10099,180,51,-9999,-9999,-9999
2007,2017,8,30,11,124,92,10095,170,41,-9999,-9999,-9999
2008,2017,8,30,12,120,94,10090,170,36,-9999,-9999,0
2009,2017,8,30,13,120,96,10083,180,31,-9999,-9999,-9999
2010,2017,8,30,14,115,97,10076,180,36,-9999,-9999,-9999
2011,2017,8,30,15,132,96,10073,170,36,-9999,-9999,-9999
2012,2017,8,30,16,146,96,10067,170,26,-9999,-9999,-9999
2013,2017,8,30,17,163,95,10059,150,26,-9999,-9999,-9999
2014,2017,8,30,18,172,92,10052,170,51,-9999,-9999,0
2015,2017,8,30,19,179,101,10047,160,36,-9999,-9999,-9999
2016,2017,8,30,20,188,103,10038,160,31,-9999,-9999,-9999
2017,2017,8,30,21,203,93,10029,170,41,-9999,-9999,-9999
2018,2017,8,30,22,216,98,10018,160,31,-9999,-9999,-9999
2019,2017,8,30,23,210,86,10011,170,41,-9999,-9999,-9999
2020,2017,8,31,0,203,94,10006,170,41,-9999,-9999,0
2021,2017,8,31,1,199,106,9998,170,26,-9999,-9999,-9999
2022,2017,8,31,2,193,93,9992,170,36,-9999,-9999,-9999
2023,2017,8,31,3,181,103,9989,160,26,-9999,-9999,-9999
2024,2017,8,31,4,165,95,9981,150,21,-9999,-9999,-9999
2025,2017,8,31,5,173,107,9975,150,21,-9999,-9999,-9999
2026,2017,8,31,6,168,111,9969,160,21,-9999,-9999,0
2027,2017,8,31,7,163,110,9965,130,10,-9999,-9999,-9999
2028,2017,8,31,8,139,100,9961,50,15,-9999,-9999,-9999
2029,2017,8,31,9,141,98,9954,70,10,-9999,-9999,-9999
2030,2017,8,31,10,121,100,9949,50,5,-9999,-9999,-9999
2031,2017,8,31,11,122,95,9945,90,15,-9999,-9999,-9999
2032,2017,8,31,12,131,108,9940,90,15,-9999,-9999,0
2033,2017,8,31,13,137,110,9935,110,5,-9999,-9999,-9999
2034,2017,8,31,14,133,111,9931,60,15,-9999,-9999,-9999
2035,2017,8,31,15,138,114,9929,120,15,-9999,1,-9999
2036,2017,8,31,16,139,122,9924,110,15,-9999,5,-9999
2037,2017,8,31,17,140,115,9924,150,10,-9999,3,-9999
2038,2017,8,31,18,151,129,9921,160,10,-9999,1,9
2039,2017,8,31,19,145,130,9922,180,10,-9999,-9999,-9999
2040,2017,8,31,20,161,132,9921,180,15,-9999,-9999,-9999
2041,2017,8,31,21,165,142,9922,180,31,-9999,-9999,-9999
2042,2017,8,31,22,156,133,9924,180,51,-9999,-9999,-9999
2043,2017,8,31,23,139,118,9927,190,62,-9999,-9999,-9999
2044,2017,9,1,0,130,113,9927,200,46,-9999,-9999,0
2045,2017,9,1,1,122,95,9927,210,51,-9999,-9999,-9999
2046,2017,9,1,2,120,99,9925,200,41,-9999,-9999,-9999
2047,2017,9,1,3,109,99,9925,200,36,-9999,-9999,-9999
2048,2017,9,1,4,106,101,9923,170,26,-9999,-9999,-9999
2049,2017,9,1,5,95,-9999,9923,160,15,-9999,-9999,-9999
2050,2017,9,1,6,100,96,9924,130,15,-9999,-9999,0
2051,2017,9,1,7,101,97,9925,90,15,-9999,-9999,-9999
2052,2017,9,1,8,101,93,9930,60,15,-9999,-9999,-9999
2053,2017,9,1,9,95,89,9935,40,15,-9999,-9999,-9999
2054,2017,9,1,10,91,89,9940,50,15,-9999,-9999,-9999
2055,2017,9,1,11,104,95,9945,30,21,-9999,-9999,-9999
2056,2017,9,1,12,109,96,9950,20,21,-9999,-9999,0
2057,2017,9,1,13,95,-9999,9957,10,21,-9999,2,-9999
2058,2017,9,1,14,113,101,9963,60,15,-9999,-9999,-9999
2059,2017,9,1,15,110,94,9967,50,36,-9999,-9999,-9999
2060,2017,9,1,16,114,92,9971,10,26,-9999,-9999,-9999
2061,2017,9,1,17,127,75,9976,350,21,-9999,-9999,-9999
2062,2017,9,1,18,134,85,9981,360,26,-9999,-9999,2
2063,2017,9,1,19,142,75,9987,30,31,-9999,-9999,-9999
2064,2017,9,1,20,146,91,9994,10,31,-9999,-9999,-9999
2065,2017,9,1,21,150,85,10004,360,15,-9999,-9999,-9999
2066,2017,9,1,22,145,100,10011,350,36,-9999,-9999,-9999
2067,2017,9,1,23,150,109,10017,360,36,-9999,-9999,-9999
2068,2017,9,2,0,153,103,10024,330,31,-9999,-9999,0
2069,2017,9,2,1,146,107,10031,340,36,-9999,-9999,-9999
2070,2017,9,2,2,140,106,10036,340,46,-9999,-9999,-9999
2071,2017,9,2,3,128,111,10041,330,41,-9999,-9999,-9999
2072,2017,9,2,4,124,111,10046,330,31,-9999,-9999,-9999
2073,2017,9,2,5,123,112,10048,350,26,-9999,-9999,-9999
2074,2017,9,2,6,120,106,10051,40,10,-9999,-9999,0
2075,2017,9,2,7,116,94,10055,50,10,-9999,-9999,-9999
2076,2017,9,2,8,107,87,10059,70,21,-9999,-9999,-9999
2077,2017,9,2,9,110,87,10060,100,31,-9999,-9999,-9999
2078,2017,9,2,10,109,84,10063,110,26,-9999,-9999,-9999
2079,2017,9,2,11,108,83,10066,100,21,-9999,-9999,-9999
2080,2017,9,2,12,107,82,10069,110,31,-9999,-9999,0
2081,2017,9,2,13,107,84,10070,120,26,-9999,-9999,-9999
2082,2017,9,2,14,106,83,10072,120,26,-9999,-9999,-9999
2083,2017,9,2,15,109,85,10073,120,21,-9999,-9999,-9999
2084,2017,9,2,16,101,92,10072,130,15,-9999,8,-9999
2085,2017,9,2,17,106,92,10070,130,21,-9999,3,-9999
2086,2017,9,2,18,106,93,10070,140,21,-9999,-9999,10
2087,2017,9,2,19,109,95,10070,120,26,-9999,-9999,-9999
2088,2017,9,2,20,109,99,10072,120,26,-9999,-9999,-9999
2089,2017,9,2,21,102,96,10074,270,15,-9999,9,-9999
2090,2017,9,2,22,107,97,10075,60,5,-9999,6,-9999
2091,2017,9,2,23,119,96,10073,110,10,-9999,-9999,-9999
2092,2017,9,3,0,119,93,10075,340,5,-9999,-9999,10
2093,2017,9,3,1,123,75,10078,300,15,-9999,-9999,-9999
2094,2017,9,3,2,121,100,10079,360,0,-9999,-9999,-9999
2095,2017,9,3,3,109,96,10081,70,15,-9999,-9999,-9999
2096,2017,9,3,4,100,92,10084,200,5,-9999,-9999,-9999
2097,2017,9,3,5,110,77,10084,280,26,-9999,-9999,-9999
2098,2017,9,3,6,102,69,10088,270,21,-9999,-9999,0
2099,2017,9,3,7,100,71,10089,260,21,-9999,-9999,-9999
2100,2017,9,3,8,93,71,10093,260,21,-9999,-9999,-9999
2101,2017,9,3,9,86,67,10100,270,26,-9999,-9999,-9999
2102,2017,9,3,10,82,55,10105,260,26,-9999,-9999,-9999
2103,2017,9,3,11,87,71,10108,270,26,-9999,-9999,-9999
2104,2017,9,3,12,89,72,10112,260,15,-9999,-9999,0
2105,2017,9,3,13,92,73,10113,250,21,-9999,-9999,-9999
2106,2017,9,3,14,94,73,10115,250,31,-9999,-9999,-9999
2107,2017,9,3,15,104,78,10117,250,36,-9999,-9999,-9999
2108,2017,9,3,16,98,67,10125,300,51,-9999,1,-9999
2109,2017,9,3,17,102,63,10130,290,31,-9999,-9999,-9999
2110,2017,9,3,18,110,63,10133,290,41,-9999,-9999,-9999
2111,2017,9,3,19,98,68,10143,280,41,-9999,2,-9999
2112,2017,9,3,20,103,69,10152,300,67,-9999,-9999,-9999
2113,2017,9,3,21,96,80,10163,300,51,-9999,5,-9999
2114,2017,9,3,22,103,73,10173,300,51,-9999,1,-9999
2115,2017,9,3,23,100,76,10183,310,62,-9999,2,-9999
2116,2017,9,4,0,105,80,10190,320,57,-9999,0,10
2117,2017,9,4,1,105,66,10198,320,72,-9999,-9999,-9999
2118,2017,9,4,2,95,63,10204,320,62,-9999,-9999,-9999
2119,2017,9,4,3,103,65,10212,320,57,-9999,-9999,-9999
2120,2017,9,4,4,104,75,10220,320,46,-9999,-9999,-9999
2121,2017,9,4,5,95,77,10223,310,36,-9999,-9999,-9999
2122,2017,9,4,6,102,80,10228,300,31,-9999,-9999,0
2123,2017,9,4,7,100,82,10235,330,31,-9999,-9999,-9999
2124,2017,9,4,8,96,82,10235,350,36,-9999,-9999,-9999
2125,2017,9,4,9,93,81,10243,10,21,-9999,-9999,-9999
2126,2017,9,4,10,94,77,10249,250,26,-9999,-9999,-9999
2127,2017,9,4,11,86,74,10252,250,10,-9999,-9999,-9999
2128,2017,9,4,12,78,68,10254,260,21,-9999,-9999,0
2129,2017,9,4,13,74,64,10257,240,15,-9999,-9999,-9999
2130,2017,9,4,14,84,66,10257,280,15,-9999,-9999,-9999
2131,2017,9,4,15,93,64,10255,270,15,-9999,-9999,-9999
2132,2017,9,4,16,104,68,10255,210,5,-9999,-9999,-9999
2133,2017,9,4,17,111,72,10254,190,10,-9999,-9999,-9999
2134,2017,9,4,18,126,64,10250,190,15,-9999,-9999,0
2135,2017,9,4,19,132,67,10243,180,26,-9999,-9999,-9999
2136,2017,9,4,20,142,59,10234,170,31,-9999,-9999,-9999
2137,2017,9,4,21,151,63,10230,160,31,-9999,-9999,-9999
2138,2017,9,4,22,150,53,10220,150,31,-9999,-9999,-9999
2139,2017,9,4,23,151,61,10211,150,26,-9999,-9999,-9999
2140,2017,9,5,0,148,65,10200,160,36,-9999,-9999,0
2141,2017,9,5,1,142,61,10195,150,31,-9999,-9999,-9999
2142,2017,9,5,2,139,63,10187,150,31,-9999,-9999,-9999
2143,2017,9,5,3,138,67,10178,150,31,-9999,-9999,-9999
2144,2017,9,5,4,135,73,10176,160,26,-9999,-9999,-9999
2145,2017,9,5,5,133,76,10165,140,36,-9999,-9999,-9999
2146,2017,9,5,6,133,75,10156,150,46,-9999,-9999,0
2147,2017,9,5,7,128,73,10153,140,31,-9999,-9999,-9999
2148,2017,9,5,8,124,70,10151,170,21,-9999,-9999,-9999
2149,2017,9,5,9,120,69,10148,170,26,-9999,-9999,-9999
2150,2017,9,5,10,113,70,10149,160,21,-9999,-9999,-9999
2151,2017,9,5,11,108,72,10150,180,15,-9999,-9999,-9999
2152,2017,9,5,12,102,74,10150,160,10,-9999,-9999,0
2153,2017,9,5,13,100,80,10148,160,10,-9999,-9999,-9999
2154,2017,9,5,14,109,83,10145,190,31,-9999,-9999,-9999
2155,2017,9,5,15,118,85,10146,200,26,-9999,-9999,-9999
2156,2017,9,5,16,121,73,10147,220,21,-9999,-9999,-9999
2157,2017,9,5,17,139,74,10151,260,10,-9999,-9999,-9999
2158,2017,9,5,18,148,72,10152,360,15,-9999,-9999,0
2159,2017,9,5,19,163,83,10152,340,21,-9999,-9999,-9999
2160,2017,9,5,20,174,73,10157,340,26,-9999,-9999,-9999
2161,2017,9,5,21,180,54,10157,340,21,-9999,-9999,-9999
2162,2017,9,5,22,190,51,10160,340,31,-9999,-9999,-9999
2163,2017,9,5,23,191,50,10158,360,36,-9999,-9999,-9999
2164,2017,9,6,0,188,49,10157,20,36,-9999,-9999,0
2165,2017,9,6,1,179,46,10160,20,31,-9999,-9999,-9999
2166,2017,9,6,2,152,97,10161,30,5,-9999,-9999,-9999
2167,2017,9,6,3,127,82,10163,360,0,-9999,-9999,-9999
2168,2017,9,6,4,110,74,10165,180,10,-9999,-9999,-9999
2169,2017,9,6,5,108,94,10165,130,15,-9999,-9999,-9999
2170,2017,9,6,6,97,88,10165,360,0,-9999,-9999,0
2171,2017,9,6,7,94,88,10167,200,5,-9999,-9999,-9999
2172,2017,9,6,8,93,81,10164,110,5,-9999,-9999,-9999
2173,2017,9,6,9,85,73,10163,130,5,-9999,-9999,-9999
2174,2017,9,6,10,89,81,10161,90,10,-9999,-9999,-9999
2175,2017,9,6,11,96,87,10162,130,10,-9999,-9999,-9999
2176,2017,9,6,12,111,79,10162,120,10,-9999,-9999,0
2177,2017,9,6,13,128,61,10156,150,10,-9999,-9999,-9999
2178,2017,9,6,14,125,63,10155,140,10,-9999,-9999,-9999
2179,2017,9,6,15,143,66,10150,150,15,-9999,-9999,-9999
2180,2017,9,6,16,153,68,10144,170,36,-9999,-9999,-9999
2181,2017,9,6,17,157,72,10141,170,41,-9999,-9999,-9999
2182,2017,9,6,18,176,67,10135,170,41,-9999,-9999,0
2183,2017,9,6,19,190,76,10128,160,36,-9999,-9999,-9999
2184,2017,9,6,20,201,77,10122,160,41,-9999,-9999,-9999
2185,2017,9,6,21,213,85,10111,170,36,-9999,-9999,-9999
2186,2017,9,6,22,217,87,10103,170,46,-9999,-9999,-9999
2187,2017,9,6,23,220,92,10092,160,46,-9999,-9999,-9999
2188,2017,9,7,0,219,93,10084,160,41,-9999,-9999,0
2189,2017,9,7,1,213,100,10076,170,31,-9999,-9999,-9999
2190,2017,9,7,2,204,100,10070,160,31,-9999,-9999,-9999
2191,2017,9,7,3,190,101,10066,160,31,-9999,-9999,-9999
2192,2017,9,7,4,180,95,10063,170,51,-9999,-9999,-9999
2193,2017,9,7,5,172,92,10060,170,46,-9999,-9999,-9999
2194,2017,9,7,6,162,99,10056,190,31,-9999,-9999,0
2195,2017,9,7,7,155,102,10046,190,26,-9999,-9999,-9999
2196,2017,9,7,8,149,99,10039,160,26,-9999,-9999,-9999
2197,2017,9,7,9,150,101,10030,170,31,-9999,-9999,-9999
2198,2017,9,7,10,146,102,10023,160,26,-9999,-9999,-9999
2199,2017,9,7,11,147,104,10015,180,26,-9999,-9999,-9999
2200,2017,9,7,12,142,105,10007,170,21,-9999,-9999,0
2201,2017,9,7,13,143,108,10000,170,21,-9999,-9999,-9999
2202,2017,9,7,14,144,109,9994,170,26,-9999,-9999,-9999
2203,2017,9,7,15,146,112,9987,170,31,-9999,-9999,-9999
2204,2017,9,7,16,154,114,9984,170,31,-9999,-9999,-9999
2205,2017,9,7,17,164,114,9977,180,36,-9999,-9999,-9999
2206,2017,9,7,18,174,122,9968,170,21,-9999,-9999,0
2207,2017,9,7,19,192,122,9960,170,26,-9999,-9999,-9999
2208,2017,9,7,20,208,115,9954,170,31,-9999,-9999,-9999
2209,2017,9,7,21,212,126,9949,180,41,-9999,-9999,-9999
2210,2017,9,7,22,219,115,9940,180,31,-9999,-9999,-9999
2211,2017,9,7,23,224,127,9930,160,21,-9999,-9999,-9999
2212,2017,9,8,0,221,141,9924,120,10,-9999,-9999,0
2213,2017,9,8,1,227,144,9910,150,26,-9999,-9999,-9999
2214,2017,9,8,2,227,143,9903,170,41,-9999,-9999,-9999
2215,2017,9,8,3,215,136,9898,170,46,-9999,-9999,-9999
2216,2017,9,8,4,193,124,9895,190,31,-9999,-9999,-9999
2217,2017,9,8,5,202,116,9892,200,46,-9999,-9999,-9999
2218,2017,9,8,6,189,107,9899,240,51,-9999,-9999,0
2219,2017,9,8,7,149,114,9913,300,41,-9999,-9999,-9999
2220,2017,9,8,8,142,112,9929,280,46,-9999,-9999,-9999
2221,2017,9,8,9,140,103,9941,290,46,-9999,-9999,-9999
2222,2017,9,8,10,136,94,9949,280,51,-9999,-9999,-9999
2223,2017,9,8,11,125,90,9963,260,46,-9999,-9999,-9999
2224,2017,9,8,12,125,72,9970,290,67,-9999,-9999,0
2225,2017,9,8,13,117,55,9981,280,46,-9999,-9999,-9999
2226,2017,9,8,14,117,69,9985,260,36,-9999,-9999,-9999
2227,2017,9,8,15,122,76,9992,250,46,-9999,-9999,-9999
2228,2017,9,8,16,133,69,9998,270,57,-9999,-9999,-9999
2229,2017,9,8,17,142,64,10002,270,57,-9999,-9999,-9999
2230,2017,9,8,18,151,59,10006,260,62,-9999,-9999,0
2231,2017,9,8,19,161,53,10010,270,62,-9999,-9999,-9999
2232,2017,9,8,20,162,42,10017,270,77,-9999,-9999,-9999
2233,2017,9,8,21,169,44,10023,280,67,-9999,-9999,-9999
2234,2017,9,8,22,166,35,10027,280,72,-9999,-9999,-9999
2235,2017,9,8,23,166,46,10035,300,72,-9999,-9999,-9999
2236,2017,9,9,0,154,52,10045,310,67,-9999,-9999,0
2237,2017,9,9,1,141,53,10056,310,62,-9999,-9999,-9999
2238,2017,9,9,2,109,46,10070,350,72,-9999,-9999,-9999
2239,2017,9,9,3,89,44,10082,360,57,-9999,-9999,-9999
2240,2017,9,9,4,78,34,10093,10,57,-9999,-9999,-9999
2241,2017,9,9,5,69,24,10102,20,41,-9999,-9999,-9999
2242,2017,9,9,6,62,13,10108,20,31,-9999,-9999,0
2243,2017,9,9,7,48,9,10113,60,21,-9999,-9999,-9999
2244,2017,9,9,8,41,2,10119,60,21,-9999,-9999,-9999
2245,2017,9,9,9,38,-3,10124,70,26,-9999,-9999,-9999
2246,2017,9,9,10,32,-11,10128,60,26,-9999,-9999,-9999
2247,2017,9,9,11,36,9,10132,80,21,-9999,-9999,-9999
2248,2017,9,9,12,40,15,10135,110,36,-9999,-9999,0
2249,2017,9,9,13,36,13,10137,100,31,-9999,-9999,-9999
2250,2017,9,9,14,42,15,10140,110,26,-9999,-9999,-9999
2251,2017,9,9,15,51,17,10143,100,31,-9999,-9999,-9999
2252,2017,9,9,16,62,15,10142,150,21,-9999,-9999,-9999
2253,2017,9,9,17,72,13,10138,110,31,-9999,-9999,-9999
2254,2017,9,9,18,76,13,10135,120,31,-9999,-9999,0
2255,2017,9,9,19,75,11,10130,120,36,-9999,-9999,-9999
2256,2017,9,9,20,95,17,10128,120,31,-9999,-9999,-9999
2257,2017,9,9,21,112,22,10121,110,36,-9999,-9999,-9999
2258,2017,9,9,22,115,27,10113,120,31,-9999,-9999,-9999
2259,2017,9,9,23,125,18,10108,110,41,-9999,-9999,-9999
2260,2017,9,10,0,136,23,10108,120,31,-9999,-9999,0
2261,2017,9,10,1,137,31,10102,110,31,-9999,-9999,-9999
2262,2017,9,10,2,131,35,10098,120,21,-9999,-9999,-9999
2263,2017,9,10,3,122,38,10098,130,26,-9999,-9999,-9999
2264,2017,9,10,4,119,42,10094,110,46,-9999,-9999,-9999
2265,2017,9,10,5,112,43,10090,120,26,-9999,-9999,-9999
2266,2017,9,10,6,108,46,10085,120,26,-9999,-9999,0
2267,2017,9,10,7,103,43,10084,140,10,-9999,-9999,-9999
2268,2017,9,10,8,105,51,10080,110,21,-9999,-9999,-9999
2269,2017,9,10,9,101,52,10075,90,15,-9999,-9999,-9999
2270,2017,9,10,10,100,54,10070,120,41,-9999,-9999,-9999
2271,2017,9,10,11,99,57,10069,120,36,-9999,-9999,-9999
2272,2017,9,10,12,96,60,10069,110,31,-9999,-9999,0
2273,2017,9,10,13,87,62,10068,90,21,-9999,-9999,-9999
2274,2017,9,10,14,88,62,10065,110,26,-9999,-9999,-9999
2275,2017,9,10,15,98,64,10065,110,21,-9999,-9999,-9999
2276,2017,9,10,16,103,55,10064,120,26,-9999,-9999,-9999
2277,2017,9,10,17,114,64,10064,160,21,-9999,-9999,-9999
2278,2017,9,10,18,122,63,10062,170,26,-9999,-9999,0
2279,2017,9,10,19,131,71,10059,180,31,-9999,-9999,-9999
2280,2017,9,10,20,133,77,10060,190,36,-9999,-9999,-9999
2281,2017,9,10,21,131,75,10062,170,21,-9999,-9999,-9999
2282,2017,9,10,22,143,81,10060,160,21,-9999,-9999,-9999
2283,2017,9,10,23,149,80,10061,180,21,-9999,-9999,-9999
2284,2017,9,11,0,151,87,10061,160,15,-9999,-9999,0
2285,2017,9,11,1,143,87,10063,150,15,-9999,-9999,-9999
2286,2017,9,11,2,135,92,10063,150,15,-9999,-9999,-9999
2287,2017,9,11,3,129,94,10061,160,15,-9999,-9999,-9999
2288,2017,9,11,4,128,100,10060,160,26,-9999,-9999,-9999
2289,2017,9,11,5,125,102,10059,170,26,-9999,-9999,-9999
2290,2017,9,11,6,118,88,10062,190,41,-9999,-9999,0
2291,2017,9,11,7,112,80,10065,190,36,-9999,-9999,-9999
2292,2017,9,11,8,109,77,10063,190,36,-9999,-9999,-9999
2293,2017,9,11,9,106,74,10064,190,41,-9999,-9999,-9999
2294,2017,9,11,10,104,72,10063,180,41,-9999,-9999,-9999
2295,2017,9,11,11,107,76,10062,180,41,-9999,-9999,-9999
2296,2017,9,11,12,105,77,10063,180,31,-9999,-9999,0
2297,2017,9,11,13,103,79,10062,180,26,-9999,-9999,-9999
2298,2017,9,11,14,103,80,10063,180,36,-9999,-9999,-9999
2299,2017,9,11,15,102,83,10065,170,21,-9999,-9999,-9999
2300,2017,9,11,16,105,81,10065,160,21,-9999,-9999,-9999
2301,2017,9,11,17,108,73,10066,170,31,-9999,-9999,-9999
2302,2017,9,11,18,111,79,10068,170,36,-9999,-9999,0
2303,2017,9,11,19,113,76,10068,170,36,-9999,-9999,-9999
2304,2017,9,11,20,113,84,10070,180,36,-9999,-9999,-9999
2305,2017,9,11,21,116,77,10070,150,21,-9999,-9999,-9999
2306,2017,9,11,22,113,83,10071,130,26,-9999,1,-9999
2307,2017,9,11,23,105,86,10071,120,26,-9999,1,-9999
2308,2017,9,12,0,112,76,10072,130,26,-9999,2,4
2309,2017,9,12,1,106,77,10075,130,26,-9999,2,-9999
2310,2017,9,12,2,104,75,10077,110,31,-9999,6,-9999
2311,2017,9,12,3,103,85,10080,140,21,-9999,4,-9999
2312,2017,9,12,4,100,86,10083,140,21,-9999,6,-9999
2313,2017,9,12,5,85,77,10086,180,36,-9999,9,-9999
2314,2017,9,12,6,92,77,10089,190,15,-9999,1,30
2315,2017,9,12,7,85,77,10092,360,0,-9999,-9999,-9999
2316,2017,9,12,8,90,77,10097,170,10,-9999,2,-9999
2317,2017,9,12,9,86,77,10102,360,0,-9999,2,-9999
2318,2017,9,12,10,89,78,10106,320,21,-9999,1,-9999
2319,2017,9,12,11,78,70,10113,350,46,-9999,1,-9999
2320,2017,9,12,12,72,64,10119,350,46,-9999,5,10
2321,2017,9,12,13,68,60,10125,350,57,-9999,4,-9999
2322,2017,9,12,14,58,48,10134,330,67,-9999,2,-9999
2323,2017,9,12,15,49,34,10142,320,57,-9999,-9999,-9999
2324,2017,9,12,16,48,15,10146,320,51,-9999,-9999,-9999
2325,2017,9,12,17,55,15,10149,330,46,-9999,-9999,-9999
2326,2017,9,12,18,59,29,10154,340,51,-9999,-9999,6
2327,2017,9,12,19,70,19,10156,340,46,-9999,-9999,-9999
2328,2017,9,12,20,74,22,10160,310,46,-9999,-9999,-9999
2329,2017,9,12,21,76,23,10165,310,41,-9999,-9999,-9999
2330,2017,9,12,22,76,30,10168,320,36,-9999,-9999,-9999
2331,2017,9,12,23,74,23,10173,320,57,-9999,-9999,-9999
2332,2017,9,13,0,71,13,10175,330,51,-9999,-9999,0
2333,2017,9,13,1,67,16,10179,350,62,-9999,-9999,-9999
2334,2017,9,13,2,64,12,10184,330,46,-9999,-9999,-9999
2335,2017,9,13,3,60,16,10188,350,41,-9999,-9999,-9999
2336,2017,9,13,4,45,16,10189,350,36,-9999,-9999,-9999
2337,2017,9,13,5,52,15,10190,340,36,-9999,-9999,-9999
2338,2017,9,13,6,51,15,10193,350,31,-9999,-9999,0
2339,2017,9,13,7,48,16,10195,340,26,-9999,-9999,-9999
2340,2017,9,13,8,46,16,10198,350,26,-9999,-9999,-9999
2341,2017,9,13,9,46,14,10200,340,26,-9999,-9999,-9999
2342,2017,9,13,10,46,15,10201,40,10,-9999,-9999,-9999
2343,2017,9,13,11,43,17,10203,70,15,-9999,-9999,-9999
2344,2017,9,13,12,44,27,10207,240,10,-9999,-9999,0
2345,2017,9,13,13,43,15,10209,140,5,-9999,-9999,-9999
2346,2017,9,13,14,35,24,10209,120,5,-9999,-9999,-9999
2347,2017,9,13,15,51,20,10209,60,10,-9999,-9999,-9999
2348,2017,9,13,16,57,17,10207,60,10,-9999,-9999,-9999
2349,2017,9,13,17,63,21,10207,160,10,-9999,-9999,-9999
2350,2017,9,13,18,68,14,10207,120,10,-9999,-9999,0
2351,2017,9,13,19,75,12,10205,180,15,-9999,-9999,-9999
2352,2017,9,13,20,87,23,10205,200,15,-9999,-9999,-9999
2353,2017,9,13,21,95,23,10203,190,21,-9999,-9999,-9999
2354,2017,9,13,22,94,10,10202,130,15,-9999,-9999,-9999
2355,2017,9,13,23,104,15,10199,170,15,-9999,-9999,-9999
2356,2017,9,14,0,103,26,10198,180,26,-9999,-9999,0
2357,2017,9,14,1,100,28,10198,170,26,-9999,-9999,-9999
2358,2017,9,14,2,96,36,10198,160,21,-9999,-9999,-9999
2359,2017,9,14,3,87,32,10199,140,21,-9999,-9999,-9999
2360,2017,9,14,4,82,32,10200,140,15,-9999,-9999,-9999
2361,2017,9,14,5,83,32,10200,160,26,-9999,-9999,-9999
2362,2017,9,14,6,86,42,10202,180,41,-9999,-9999,0
2363,2017,9,14,7,86,32,10202,190,51,-9999,-9999,-9999
2364,2017,9,14,8,85,34,10202,190,57,-9999,-9999,-9999
2365,2017,9,14,9,85,41,10204,180,51,-9999,-9999,-9999
2366,2017,9,14,10,83,47,10205,180,51,-9999,-9999,-9999
2367,2017,9,14,11,81,51,10206,180,36,-9999,-9999,-9999
2368,2017,9,14,12,80,50,10204,180,36,-9999,-9999,0
2369,2017,9,14,13,80,54,10205,180,36,-9999,-9999,-9999
2370,2017,9,14,14,81,58,10206,180,46,-9999,-9999,-9999
2371,2017,9,14,15,87,66,10209,180,36,-9999,-9999,-9999
2372,2017,9,14,16,91,69,10209,180,41,-9999,-9999,-9999
2373,2017,9,14,17,101,62,10207,190,51,-9999,-9999,-9999
2374,2017,9,14,18,111,66,10203,190,46,-9999,-9999,0
2375,2017,9,14,19,122,58,10202,190,51,-9999,-9999,-9999
2376,2017,9,14,20,132,42,10200,200,57,-9999,-9999,-9999
2377,2017,9,14,21,137,33,10197,200,57,-9999,-9999,-9999
2378,2017,9,14,22,136,40,10195,200,57,-9999,-9999,-9999
2379,2017,9,14,23,138,38,10193,200,57,-9999,-9999,-9999
2380,2017,9,15,0,139,45,10190,190,46,-9999,-9999,0
2381,2017,9,15,1,137,51,10189,190,51,-9999,-9999,-9999
2382,2017,9,15,2,130,57,10187,190,41,-9999,-9999,-9999
2383,2017,9,15,3,122,67,10187,180,31,-9999,-9999,-9999
2384,2017,9,15,4,120,57,10184,180,41,-9999,-9999,-9999
2385,2017,9,15,5,112,59,10181,180,41,-9999,-9999,-9999
2386,2017,9,15,6,109,66,10180,190,51,-9999,-9999,0
2387,2017,9,15,7,95,60,10180,180,46,-9999,-9999,-9999
2388,2017,9,15,8,101,61,10179,180,41,-9999,-9999,-9999
2389,2017,9,15,9,96,60,10180,180,31,-9999,-9999,-9999
2390,2017,9,15,10,94,60,10177,180,31,-9999,-9999,-9999
2391,2017,9,15,11,89,56,10175,170,36,-9999,-9999,-9999
2392,2017,9,15,12,79,56,10174,170,21,-9999,-9999,0
2393,2017,9,15,13,73,49,10170,160,26,-9999,-9999,-9999
2394,2017,9,15,14,68,42,10168,130,15,-9999,-9999,-9999
2395,2017,9,15,15,78,45,10168,140,21,-9999,-9999,-9999
2396,2017,9,15,16,85,43,10165,150,15,-9999,-9999,-9999
2397,2017,9,15,17,107,42,10158,170,15,-9999,-9999,-9999
2398,2017,9,15,18,118,44,10154,170,31,-9999,-9999,0
2399,2017,9,15,19,136,61,10150,170,36,-9999,-9999,-9999
2400,2017,9,15,20,147,62,10145,170,31,-9999,-9999,-9999
2401,2017,9,15,21,158,61,10140,170,41,-9999,-9999,-9999
2402,2017,9,15,22,171,63,10135,170,36,-9999,-9999,-9999
2403,2017,9,15,23,176,63,10129,150,31,-9999,-9999,-9999
2404,2017,9,16,0,176,64,10127,170,36,-9999,-9999,0
2405,2017,9,16,1,167,63,10126,150,26,-9999,-9999,-9999
2406,2017,9,16,2,156,64,10128,150,26,-9999,-9999,-9999
2407,2017,9,16,3,145,70,10125,140,36,-9999,-9999,-9999
2408,2017,9,16,4,133,68,10125,150,31,-9999,-9999,-9999
2409,2017,9,16,5,126,55,10121,150,26,-9999,-9999,-9999
2410,2017,9,16,6,122,63,10115,140,26,-9999,-9999,0
2411,2017,9,16,7,119,55,10109,150,21,-9999,-9999,-9999
2412,2017,9,16,8,113,64,10107,40,10,-9999,-9999,-9999
2413,2017,9,16,9,105,62,10105,140,26,-9999,-9999,-9999
2414,2017,9,16,10,108,61,10099,150,31,-9999,-9999,-9999
2415,2017,9,16,11,103,58,10096,150,36,-9999,-9999,-9999
2416,2017,9,16,12,98,56,10093,120,26,-9999,-9999,0
2417,2017,9,16,13,97,56,10091,130,10,-9999,-9999,-9999
2418,2017,9,16,14,100,55,10087,140,26,-9999,-9999,-9999
2419,2017,9,16,15,103,54,10087,170,31,-9999,-9999,-9999
2420,2017,9,16,16,112,56,10082,150,26,-9999,-9999,-9999
2421,2017,9,16,17,123,54,10077,170,41,-9999,-9999,-9999
2422,2017,9,16,18,123,62,10074,170,41,-9999,-9999,0
2423,2017,9,16,19,131,66,10073,180,46,-9999,-9999,-9999
2424,2017,9,16,20,146,59,10069,170,41,-9999,-9999,-9999
2425,2017,9,16,21,145,67,10066,180,41,-9999,-9999,-9999
2426,2017,9,16,22,153,58,10066,210,46,-9999,-9999,-9999
2427,2017,9,16,23,159,47,10066,210,36,-9999,-9999,-9999
2428,2017,9,17,0,148,46,10064,210,21,-9999,-9999,0
2429,2017,9,17,1,137,52,10064,230,15,-9999,-9999,-9999
2430,2017,9,17,2,128,51,10066,160,15,-9999,-9999,-9999
2431,2017,9,17,3,113,63,10065,180,10,-9999,-9999,-9999
2432,2017,9,17,4,100,64,10066,230,15,-9999,-9999,-9999
2433,2017,9,17,5,96,68,10069,280,15,-9999,-9999,-9999
2434,2017,9,17,6,92,73,10069,340,10,-9999,-9999,0
2435,2017,9,17,7,93,75,10070,320,10,-9999,-9999,-9999
2436,2017,9,17,8,92,77,10072,330,15,-9999,-9999,-9999
2437,2017,9,17,9,90,77,10075,310,15,-9999,-9999,-9999
2438,2017,9,17,10,84,74,10076,310,15,-9999,-9999,-9999
2439,2017,9,17,11,82,74,10076,330,26,-9999,-9999,-9999
2440,2017,9,17,12,78,71,10075,330,26,-9999,-9999,0
2441,2017,9,17,13,73,67,10075,350,26,-9999,-9999,-9999
2442,2017,9,17,14,66,55,10077,330,15,-9999,-9999,-9999
2443,2017,9,17,15,65,64,10078,360,21,-9999,-9999,-9999
2444,2017,9,17,16,70,69,10080,340,15,-9999,-9999,-9999
2445,2017,9,17,17,79,75,10080,330,21,-9999,-9999,-9999
2446,2017,9,17,18,99,68,10079,340,21,-9999,-9999,0
2447,2017,9,17,19,108,57,10080,50,31,-9999,-9999,-9999
2448,2017,9,17,20,113,51,10081,40,31,-9999,-9999,-9999
2449,2017,9,17,21,125,48,10080,30,31,-9999,-9999,-9999
2450,2017,9,17,22,130,46,10079,30,36,-9999,-9999,-9999
2451,2017,9,17,23,134,35,10076,30,26,-9999,-9999,-9999
2452,2017,9,18,0,134,45,10075,40,26,-9999,-9999,0
2453,2017,9,18,1,128,53,10078,70,26,-9999,-9999,-9999
2454,2017,9,18,2,110,64,10080,90,21,-9999,-9999,-9999
2455,2017,9,18,3,99,63,10084,70,21,-9999,-9999,-9999
2456,2017,9,18,4,76,60,10085,40,26,-9999,-9999,-9999
2457,2017,9,18,5,64,54,10085,360,10,-9999,-9999,-9999
2458,2017,9,18,6,83,72,10085,10,21,-9999,-9999,0
2459,2017,9,18,7,84,74,10086,10,26,-9999,-9999,-9999
2460,2017,9,18,8,80,71,10087,10,26,-9999,-9999,-9999
2461,2017,9,18,9,76,67,10088,360,26,-9999,-9999,-9999
2462,2017,9,18,10,65,-9999,10089,360,26,-9999,-9999,-9999
2463,2017,9,18,11,76,68,10090,350,31,-9999,-9999,-9999
2464,2017,9,18,12,73,62,10091,360,31,-9999,-9999,0
2465,2017,9,18,13,73,62,10092,360,31,-9999,-9999,-9999
2466,2017,9,18,14,55,-9999,10097,30,5,-9999,-9999,-9999
2467,2017,9,18,17,106,49,10102,30,36,-9999,-9999,-9999
2468,2017,9,18,18,115,49,10101,40,51,-9999,-9999,0
2469,2017,9,18,19,123,40,10100,40,46,-9999,-9999,-9999
2470,2017,9,18,20,137,33,10102,40,51,-9999,-9999,-9999
2471,2017,9,18,21,141,38,10100,40,41,-9999,-9999,-9999
2472,2017,9,18,22,143,37,10100,30,46,-9999,-9999,-9999
2473,2017,9,18,23,144,41,10100,30,41,-9999,-9999,-9999
2474,2017,9,19,0,141,44,10102,30,41,-9999,-9999,0
2475,2017,9,19,1,136,44,10103,30,36,-9999,-9999,-9999
2476,2017,9,19,2,120,53,10105,30,21,-9999,-9999,-9999
2477,2017,9,19,3,105,54,10108,30,26,-9999,-9999,-9999
2478,2017,9,19,4,103,46,10109,40,31,-9999,-9999,-9999
2479,2017,9,19,5,97,47,10110,50,31,-9999,-9999,-9999
2480,2017,9,19,6,94,48,10109,40,36,-9999,-9999,0
2481,2017,9,19,7,85,50,10111,20,36,-9999,-9999,-9999
2482,2017,9,19,8,92,52,10111,20,21,-9999,-9999,-9999
2483,2017,9,19,9,86,58,10113,20,21,-9999,-9999,-9999
2484,2017,9,19,10,80,56,10115,30,21,-9999,-9999,-9999
2485,2017,9,19,11,76,60,10116,10,21,-9999,-9999,-9999
2486,2017,9,19,12,75,61,10117,10,26,-9999,-9999,0
2487,2017,9,19,13,74,62,10120,20,21,-9999,-9999,-9999
2488,2017,9,19,14,65,55,10123,20,21,-9999,-9999,-9999
2489,2017,9,19,15,78,58,10129,40,15,-9999,-9999,-9999
2490,2017,9,19,16,83,59,10133,50,31,-9999,-9999,-9999
2491,2017,9,19,17,84,60,10137,20,15,-9999,-9999,-9999
2492,2017,9,19,18,93,62,10139,50,21,-9999,-9999,0
2493,2017,9,19,19,101,62,10142,60,21,-9999,-9999,-9999
2494,2017,9,19,20,111,66,10143,360,26,-9999,-9999,-9999
2495,2017,9,19,21,124,63,10141,350,36,-9999,-9999,-9999
2496,2017,9,19,22,133,71,10143,20,26,-9999,-9999,-9999
2497,2017,9,19,23,140,61,10144,20,31,-9999,-9999,-9999
2498,2017,9,20,0,144,61,10147,60,36,-9999,-9999,0
2499,2017,9,20,1,137,55,10151,50,21,-9999,-9999,-9999
2500,2017,9,20,2,118,56,10159,60,26,-9999,-9999,-9999
2501,2017,9,20,3,113,54,10164,60,26,-9999,-9999,-9999
2502,2017,9,20,4,108,59,10169,80,31,-9999,-9999,-9999
2503,2017,9,20,5,95,59,10175,40,21,-9999,-9999,-9999
2504,2017,9,20,6,87,59,10180,40,15,-9999,-9999,0
2505,2017,9,20,7,82,55,10183,20,26,-9999,-9999,-9999
2506,2017,9,20,8,66,49,10188,50,21,-9999,-9999,-9999
2507,2017,9,20,9,64,51,10190,30,21,-9999,-9999,-9999
2508,2017,9,20,10,55,44,10194,40,26,-9999,-9999,-9999
2509,2017,9,20,11,45,-9999,10199,50,21,-9999,-9999,-9999
2510,2017,9,20,12,60,52,10204,70,26,-9999,-9999,0
2511,2017,9,20,13,59,49,10209,60,26,-9999,-9999,-9999
2512,2017,9,20,14,58,47,10214,60,21,-9999,-9999,-9999
2513,2017,9,20,15,58,45,10216,60,31,-9999,-9999,-9999
2514,2017,9,20,16,62,46,10217,70,26,-9999,-9999,-9999
2515,2017,9,20,17,64,35,10217,30,31,-9999,-9999,-9999
2516,2017,9,20,18,71,45,10220,50,26,-9999,-9999,0
2517,2017,9,20,19,79,49,10220,30,36,-9999,-9999,-9999
2518,2017,9,20,20,81,46,10221,30,31,-9999,-9999,-9999
2519,2017,9,20,21,87,49,10221,20,31,-9999,-9999,-9999
2520,2017,9,20,22,96,44,10219,30,31,-9999,-9999,-9999
2521,2017,9,20,23,102,35,10218,10,26,-9999,-9999,-9999
2522,2017,9,21,0,105,45,10215,20,26,-9999,-9999,0
2523,2017,9,21,1,97,46,10216,40,26,-9999,-9999,-9999
2524,2017,9,21,2,77,43,10218,50,26,-9999,-9999,-9999
2525,2017,9,21,3,69,43,10222,60,21,-9999,-9999,-9999
2526,2017,9,21,4,61,43,10223,50,31,-9999,-9999,-9999
2527,2017,9,21,5,50,37,10222,50,31,-9999,-9999,-9999
2528,2017,9,21,6,47,39,10221,30,21,-9999,-9999,0
2529,2017,9,21,7,44,32,10218,50,26,-9999,-9999,-9999
2530,2017,9,21,8,37,30,10218,30,15,-9999,-9999,-9999
2531,2017,9,21,9,29,25,10218,50,10,-9999,-9999,-9999
2532,2017,9,21,10,50,44,10217,90,31,-9999,-9999,-9999
2533,2017,9,21,11,52,35,10218,50,15,-9999,-9999,-9999
2534,2017,9,21,12,57,47,10219,80,10,-9999,-9999,0
2535,2017,9,21,13,58,46,10220,140,10,-9999,-9999,-9999
2536,2017,9,21,14,61,35,10221,140,10,-9999,-9999,-9999
2537,2017,9,21,15,63,46,10221,130,5,-9999,-9999,-9999
2538,2017,9,21,16,66,46,10221,150,5,-9999,-9999,-9999
2539,2017,9,21,17,70,27,10220,240,5,-9999,-9999,-9999
2540,2017,9,21,18,70,46,10218,250,10,-9999,-9999,0
2541,2017,9,21,19,70,50,10219,230,15,-9999,-9999,-9999
2542,2017,9,21,20,65,48,10218,240,21,-9999,-9999,-9999
2543,2017,9,21,21,79,44,10218,230,15,-9999,-9999,-9999
2544,2017,9,21,22,86,34,10218,180,21,-9999,-9999,-9999
2545,2017,9,21,23,87,29,10217,200,15,-9999,-9999,-9999
2546,2017,9,22,0,88,30,10217,210,15,-9999,-9999,0
2547,2017,9,22,1,79,34,10216,210,15,-9999,-9999,-9999
2548,2017,9,22,2,75,38,10217,200,21,-9999,-9999,-9999
2549,2017,9,22,3,69,39,10217,230,15,-9999,-9999,-9999
2550,2017,9,22,4,62,38,10217,240,10,-9999,-9999,-9999
2551,2017,9,22,5,63,33,10218,250,15,-9999,-9999,-9999
2552,2017,9,22,6,55,33,10217,250,10,-9999,-9999,0
2553,2017,9,22,7,42,30,10218,240,5,-9999,-9999,-9999
2554,2017,9,22,8,49,38,10216,120,15,-9999,-9999,-9999
2555,2017,9,22,9,49,35,10216,140,15,-9999,-9999,-9999
2556,2017,9,22,10,48,33,10213,130,15,-9999,-9999,-9999
2557,2017,9,22,11,52,38,10213,150,15,-9999,-9999,-9999
2558,2017,9,22,12,61,46,10212,160,21,-9999,-9999,0
2559,2017,9,22,13,55,37,10210,180,41,-9999,-9999,-9999
2560,2017,9,22,14,69,34,10207,180,62,-9999,-9999,-9999
2561,2017,9,22,15,73,36,10206,180,57,-9999,-9999,-9999
2562,2017,9,22,16,69,35,10206,150,26,-9999,-9999,-9999
2563,2017,9,22,17,70,33,10206,150,31,-9999,-9999,-9999
2564,2017,9,22,18,74,35,10205,160,31,-9999,-9999,0
2565,2017,9,22,19,79,35,10204,170,41,-9999,-9999,-9999
2566,2017,9,22,20,84,31,10203,160,36,-9999,-9999,-9999
2567,2017,9,22,21,92,23,10200,140,31,-9999,-9999,-9999
2568,2017,9,22,22,95,18,10197,140,36,-9999,-9999,-9999
2569,2017,9,22,23,95,20,10193,150,31,-9999,-9999,-9999
2570,2017,9,23,0,88,20,10191,140,41,-9999,-9999,0
2571,2017,9,23,1,82,22,10190,130,31,-9999,-9999,-9999
2572,2017,9,23,2,79,19,10192,140,36,-9999,-9999,-9999
2573,2017,9,23,3,76,13,10190,130,36,-9999,-9999,-9999
2574,2017,9,23,4,72,17,10190,140,31,-9999,-9999,-9999
2575,2017,9,23,5,69,29,10191,160,26,-9999,-9999,-9999
2576,2017,9,23,6,67,36,10190,150,26,-9999,-9999,0
2577,2017,9,23,7,68,34,10191,160,26,-9999,-9999,-9999
2578,2017,9,23,8,65,22,10192,170,36,-9999,-9999,-9999
2579,2017,9,23,9,64,15,10192,180,41,-9999,-9999,-9999
2580,2017,9,23,10,45,15,10191,160,26,-9999,-9999,-9999
2581,2017,9,23,11,50,13,10191,150,21,-9999,-9999,-9999
2582,2017,9,23,12,50,14,10193,140,21,-9999,-9999,0
2583,2017,9,23,13,53,12,10194,160,31,-9999,-9999,-9999
2584,2017,9,23,14,45,12,10196,140,26,-9999,-9999,-9999
2585,2017,9,23,15,48,16,10195,140,21,-9999,-9999,-9999
2586,2017,9,23,16,57,12,10195,160,21,-9999,-9999,-9999
2587,2017,9,23,17,71,6,10194,140,36,-9999,-9999,-9999
2588,2017,9,23,18,78,10,10193,160,31,-9999,-9999,0
2589,2017,9,23,19,82,8,10192,170,36,-9999,-9999,-9999
2590,2017,9,23,20,85,-1,10188,160,31,-9999,-9999,-9999
2591,2017,9,23,21,91,1,10187,170,36,-9999,-9999,-9999
2592,2017,9,23,22,96,-1,10183,160,26,-9999,-9999,-9999
2593,2017,9,23,23,98,1,10181,160,21,-9999,-9999,-9999
2594,2017,9,24,0,94,-2,10180,120,36,-9999,-9999,0
2595,2017,9,24,1,87,1,10180,130,26,-9999,-9999,-9999
2596,2017,9,24,2,77,4,10180,130,21,-9999,-9999,-9999
2597,2017,9,24,3,73,7,10180,130,26,-9999,-9999,-9999
2598,2017,9,24,4,68,6,10177,130,26,-9999,-9999,-9999
2599,2017,9,24,5,63,7,10176,120,21,-9999,-9999,-9999
2600,2017,9,24,6,54,9,10175,120,26,-9999,-9999,0
2601,2017,9,24,7,53,12,10173,120,26,-9999,-9999,-9999
2602,2017,9,24,8,52,16,10169,110,36,-9999,-9999,-9999
2603,2017,9,24,9,48,15,10168,120,26,-9999,-9999,-9999
2604,2017,9,24,10,41,17,10166,100,31,-9999,-9999,-9999
2605,2017,9,24,11,39,19,10164,100,36,-9999,-9999,-9999
2606,2017,9,24,12,37,20,10160,90,36,-9999,-9999,0
2607,2017,9,24,13,41,15,10154,90,36,-9999,-9999,-9999
2608,2017,9,24,14,35,27,10150,100,41,-9999,-9999,-9999
2609,2017,9,24,15,49,30,10146,100,36,-9999,-9999,-9999
2610,2017,9,24,16,54,32,10145,90,31,-9999,-9999,-9999
2611,2017,9,24,17,65,37,10139,110,31,-9999,-9999,-9999
2612,2017,9,24,18,83,38,10135,100,31,-9999,-9999,0
2613,2017,9,24,19,90,35,10132,120,36,-9999,-9999,-9999
2614,2017,9,24,20,92,47,10125,120,46,-9999,-9999,-9999
2615,2017,9,24,21,103,38,10121,130,31,-9999,-9999,-9999
2616,2017,9,24,22,95,46,10115,120,41,-9999,-9999,-9999
2617,2017,9,24,23,104,46,10109,120,26,-9999,-9999,-9999
2618,2017,9,25,0,106,47,10105,130,26,-9999,-9999,0
2619,2017,9,25,1,104,48,10101,140,31,-9999,-9999,-9999
2620,2017,9,25,2,102,49,10096,140,26,-9999,-9999,-9999
2621,2017,9,25,3,102,48,10093,150,21,-9999,-9999,-9999
2622,2017,9,25,4,97,54,10090,160,26,-9999,1,-9999
2623,2017,9,25,5,95,39,10083,150,31,-9999,-9999,-9999
2624,2017,9,25,6,92,41,10080,160,26,-9999,-9999,-9999
2625,2017,9,25,7,92,41,10074,140,26,-9999,-9999,-9999
2626,2017,9,25,8,91,42,10070,140,26,-9999,-9999,-9999
2627,2017,9,25,9,86,39,10067,140,21,-9999,-9999,-9999
2628,2017,9,25,10,87,41,10063,170,15,-9999,-9999,-9999
2629,2017,9,25,11,86,44,10057,140,21,-9999,1,-9999
2630,2017,9,25,12,86,48,10056,160,15,-9999,-9999,-9999
2631,2017,9,25,13,82,49,10050,130,26,-9999,-9999,-9999
2632,2017,9,25,14,83,52,10047,100,21,-9999,-9999,-9999
2633,2017,9,25,15,87,58,10045,130,15,-9999,-9999,-9999
2634,2017,9,25,18,95,68,10040,170,15,-9999,-9999,0
2635,2017,9,25,19,100,71,10039,140,10,-9999,-9999,-9999
2636,2017,9,25,20,104,77,10040,150,5,-9999,-9999,-9999
2637,2017,9,25,21,112,75,10042,190,15,-9999,-9999,-9999
2638,2017,9,25,22,114,74,10044,160,15,-9999,-9999,-9999
2639,2017,9,25,23,113,72,10047,220,10,-9999,-9999,-9999
2640,2017,9,26,0,113,74,10050,230,5,-9999,-9999,0
2641,2017,9,26,1,105,83,10053,360,15,-9999,-9999,-9999
2642,2017,9,26,2,100,83,10057,360,15,-9999,-9999,-9999
2643,2017,9,26,3,96,79,10060,360,21,-9999,-9999,-9999
2644,2017,9,26,4,91,76,10064,330,21,-9999,-9999,-9999
2645,2017,9,26,5,89,77,10069,330,26,-9999,-9999,-9999
2646,2017,9,26,6,88,77,10073,330,31,-9999,-9999,0
2647,2017,9,26,7,82,67,10080,330,51,-9999,-9999,-9999
2648,2017,9,26,8,80,66,10085,330,46,-9999,-9999,-9999
2649,2017,9,26,9,82,66,10090,340,51,-9999,-9999,-9999
2650,2017,9,26,10,81,55,10095,320,36,-9999,-9999,-9999
2651,2017,9,26,11,82,55,10099,330,36,-9999,-9999,-9999
2652,2017,9,26,12,84,61,10103,320,36,-9999,-9999,0
2653,2017,9,26,13,83,57,10108,320,36,-9999,-9999,-9999
2654,2017,9,26,14,82,55,10113,320,36,-9999,-9999,-9999
2655,2017,9,26,15,81,45,10121,330,41,-9999,-9999,-9999
2656,2017,9,26,16,77,43,10124,350,31,-9999,1,-9999
2657,2017,9,26,17,81,44,10129,320,15,-9999,-9999,-9999
2658,2017,9,26,18,86,47,10133,330,31,-9999,-9999,-9999
2659,2017,9,26,19,87,51,10135,330,36,-9999,-9999,-9999
2660,2017,9,26,20,88,50,10136,340,31,-9999,-9999,-9999
2661,2017,9,26,21,91,46,10140,340,31,-9999,-9999,-9999
2662,2017,9,26,22,87,44,10144,350,41,-9999,-9999,-9999
2663,2017,9,26,23,81,35,10151,330,41,-9999,-9999,-9999
2664,2017,9,27,0,83,30,10155,350,36,-9999,-9999,0
2665,2017,9,27,1,77,28,10159,350,46,-9999,-9999,-9999
2666,2017,9,27,2,74,27,10164,330,26,-9999,-9999,-9999
2667,2017,9,27,3,72,29,10169,330,26,-9999,-9999,-9999
2668,2017,9,27,4,71,32,10174,350,41,-9999,-9999,-9999
2669,2017,9,27,5,67,36,10178,350,46,-9999,-9999,-9999
2670,2017,9,27,6,59,40,10186,340,46,-9999,-9999,0
2671,2017,9,27,7,52,37,10191,340,46,-9999,-9999,-9999
2672,2017,9,27,8,48,35,10200,330,26,-9999,-9999,-9999
2673,2017,9,27,9,44,32,10205,350,46,-9999,-9999,-9999
2674,2017,9,27,10,45,22,10212,350,46,-9999,-9999,-9999
2675,2017,9,27,11,45,27,10220,330,31,-9999,-9999,-9999
2676,2017,9,27,12,41,23,10222,360,41,-9999,-9999,-9999
2677,2017,9,27,13,39,21,10230,340,46,-9999,-9999,-9999
2678,2017,9,27,14,37,22,10235,350,36,-9999,-9999,-9999
2679,2017,9,27,15,36,19,10240,10,26,-9999,-9999,-9999
2680,2017,9,27,16,44,1,10243,30,31,-9999,-9999,-9999
2681,2017,9,27,17,48,0,10246,40,21,-9999,-9999,-9999
2682,2017,9,27,18,53,-8,10252,10,31,-9999,-9999,0
2683,2017,9,27,19,59,-8,10254,30,26,-9999,-9999,-9999
2684,2017,9,27,20,64,-24,10253,30,31,-9999,-9999,-9999
2685,2017,9,27,21,64,-22,10255,340,21,-9999,-9999,-9999
2686,2017,9,27,22,70,-14,10251,20,26,-9999,-9999,-9999
2687,2017,9,27,23,74,-9,10246,70,15,-9999,-9999,-9999
2688,2017,9,28,0,72,-5,10241,100,26,-9999,-9999,0
2689,2017,9,28,1,68,-2,10238,120,26,-9999,-9999,-9999
2690,2017,9,28,2,55,1,10234,110,26,-9999,-9999,-9999
2691,2017,9,28,3,65,3,10227,110,26,-9999,-9999,-9999
2692,2017,9,28,4,68,7,10220,120,36,-9999,-9999,-9999
2693,2017,9,28,5,74,10,10214,130,31,-9999,-9999,-9999
2694,2017,9,28,6,75,20,10210,150,26,-9999,-9999,0
2695,2017,9,28,7,74,15,10200,140,31,-9999,-9999,-9999
2696,2017,9,28,8,76,33,10191,160,36,-9999,-9999,-9999
2697,2017,9,28,9,69,40,10182,150,36,-9999,2,-9999
2698,2017,9,28,10,68,53,10173,150,36,-9999,7,-9999
2699,2017,9,28,11,72,56,10159,140,36,-9999,1,-9999
2700,2017,9,28,12,75,57,10141,150,51,-9999,4,10
2701,2017,9,28,13,81,58,10126,160,57,-9999,-9999,-9999
2702,2017,9,28,14,84,58,10117,160,51,-9999,-9999,-9999
2703,2017,9,28,15,86,48,10104,169,70,-9999,-9999,-9999
2704,2017,9,28,18,99,68,10086,170,62,-9999,-9999,0
2705,2017,9,28,21,109,67,10055,170,51,-9999,-9999,-9999
2706,2017,9,29,0,119,75,10037,150,26,-9999,-9999,0
2707,2017,9,29,3,111,79,10024,180,26,-9999,-9999,-9999
2708,2017,9,29,6,105,82,10014,190,31,-9999,-9999,0
2709,2017,9,29,9,92,78,10014,190,15,-9999,-9999,-9999
2710,2017,9,29,12,72,66,10021,130,5,-9999,-9999,0
2711,2017,9,29,15,84,74,10040,340,46,-9999,-9999,-9999
2712,2017,9,29,17,101,68,10053,360,51,-9999,-9999,-9999
2713,2017,9,29,18,110,74,10059,330,31,-9999,-9999,0
2714,2017,9,29,19,118,55,10066,340,51,-9999,-9999,-9999
2715,2017,9,29,20,117,67,10068,340,41,-9999,-9999,-9999
2716,2017,9,29,21,109,69,10076,330,41,-9999,-9999,-9999
2717,2017,9,29,22,102,55,10080,330,46,-9999,-9999,-9999
2718,2017,9,29,23,100,53,10084,340,46,-9999,-9999,-9999
2719,2017,9,30,0,96,54,10088,330,51,-9999,-9999,0
2720,2017,9,30,1,92,35,10095,350,57,-9999,-9999,-9999
2721,2017,9,30,2,83,44,10099,340,46,-9999,-9999,-9999
2722,2017,9,30,3,74,39,10102,350,57,-9999,-9999,-9999
2723,2017,9,30,4,66,36,10109,350,62,-9999,-9999,-9999
2724,2017,9,30,5,58,27,10115,360,67,-9999,-9999,-9999
2725,2017,9,30,6,53,25,10119,350,57,-9999,-9999,0
2726,2017,9,30,7,50,21,10119,10,57,-9999,-9999,-9999
2727,2017,9,30,8,46,21,10121,360,46,-9999,-9999,-9999
2728,2017,9,30,9,43,22,10124,360,51,-9999,-9999,-9999
2729,2017,9,30,10,42,23,10122,360,51,-9999,-9999,-9999
2730,2017,9,30,11,41,20,10121,10,46,-9999,-9999,-9999
2731,2017,9,30,12,43,22,10120,10,46,-9999,-9999,0
2732,2017,9,30,13,40,13,10118,30,46,-9999,-9999,-9999
2733,2017,9,30,14,39,19,10117,10,36,-9999,-9999,-9999
2734,2017,9,30,15,38,16,10113,10,46,-9999,-9999,-9999
2735,2017,9,30,16,40,18,10113,20,46,-9999,-9999,-9999
2736,2017,9,30,17,40,21,10108,10,51,-9999,-9999,-9999
2737,2017,9,30,18,48,21,10107,10,41,-9999,-9999,0
2738,2017,9,30,19,52,24,10104,360,51,-9999,-9999,-9999
2739,2017,9,30,20,54,22,10100,360,51,-9999,-9999,-9999
2740,2017,9,30,21,53,28,10098,350,51,-9999,4,-9999
2741,2017,9,30,22,48,32,10096,350,62,-9999,26,-9999
2742,2017,9,30,23,35,31,10094,350,67,-9999,17,-9999
2743,2017,10,1,0,44,30,10095,350,72,-9999,12,60
2744,2017,10,1,1,42,31,10097,350,72,-9999,21,-9999
2745,2017,10,1,2,39,28,10097,350,82,-9999,25,-9999
2746,2017,10,1,3,33,21,10100,350,93,-9999,19,-9999
2747,2017,10,1,4,31,20,10102,350,93,-9999,12,-9999
2748,2017,10,1,5,32,22,10102,350,98,-9999,17,-9999
2749,2017,10,1,6,31,20,10106,350,93,-9999,7,100
2750,2017,10,1,7,32,15,10110,350,77,-9999,4,-9999
2751,2017,10,1,8,32,24,10113,340,93,-9999,6,-9999
2752,2017,10,1,9,32,21,10120,340,93,-9999,2,-9999
2753,2017,10,1,10,33,22,10131,340,93,-9999,1,-9999
2754,2017,10,1,11,36,23,10138,340,82,-9999,1,-9999
2755,2017,10,1,12,34,20,10147,340,88,-9999,-9999,10
2756,2017,10,1,13,33,15,10154,340,72,-9999,-9999,-9999
2757,2017,10,1,14,30,14,10166,320,72,-9999,-9999,-9999
2758,2017,10,1,15,25,11,10176,310,67,-9999,-9999,-9999
2759,2017,10,1,16,30,7,10185,330,72,-9999,-9999,-9999
2760,2017,10,1,17,33,2,10193,330,72,-9999,-9999,-9999
2761,2017,10,1,18,37,2,10200,320,72,-9999,-9999,0
2762,2017,10,1,19,41,-1,10206,320,62,-9999,-9999,-9999
2763,2017,10,1,20,41,2,10215,310,57,-9999,-9999,-9999
2764,2017,10,1,21,44,-14,10223,330,67,-9999,-9999,-9999
2765,2017,10,1,22,39,-19,10232,320,67,-9999,-9999,-9999
2766,2017,10,1,23,39,-33,10242,300,57,-9999,-9999,-9999
2767,2017,10,2,0,39,-33,10248,330,51,-9999,-9999,0
2768,2017,10,2,1,25,-46,10255,320,57,-9999,-9999,-9999
2769,2017,10,2,2,28,-44,10263,310,31,-9999,-9999,-9999
2770,2017,10,2,3,16,-40,10267,270,15,-9999,-9999,-9999
2771,2017,10,2,4,13,-35,10269,250,21,-9999,-9999,-9999
2772,2017,10,2,5,16,-34,10268,270,26,-9999,-9999,-9999
2773,2017,10,2,6,25,-22,10270,270,31,-9999,-9999,0
2774,2017,10,2,7,21,-17,10267,270,31,-9999,-9999,-9999
2775,2017,10,2,8,22,-13,10268,270,36,-9999,-9999,-9999
2776,2017,10,2,9,22,-10,10265,270,36,-9999,-9999,-9999
2777,2017,10,2,10,22,-8,10267,270,36,-9999,-9999,-9999
2778,2017,10,2,11,26,-6,10268,280,41,-9999,-9999,-9999
2779,2017,10,2,12,25,-6,10271,270,41,-9999,-9999,0
2780,2017,10,2,13,24,-7,10269,280,41,-9999,-9999,-9999
2781,2017,10,2,14,22,-9,10266,270,31,-9999,-9999,-9999
2782,2017,10,2,15,21,-11,10267,270,31,-9999,-9999,-9999
2783,2017,10,2,16,36,-8,10263,280,36,-9999,-9999,-9999
2784,2017,10,2,17,51,-8,10259,260,31,-9999,-9999,-9999
2785,2017,10,2,18,70,-2,10250,240,31,-9999,-9999,0
2786,2017,10,2,19,84,-7,10249,270,31,-9999,-9999,-9999
2787,2017,10,2,20,96,-6,10240,250,41,-9999,-9999,-9999
2788,2017,10,2,21,102,-19,10238,270,46,-9999,-9999,-9999
2789,2017,10,2,22,107,-16,10234,270,31,-9999,-9999,-9999
2790,2017,10,2,23,101,-19,10225,300,26,-9999,-9999,-9999
2791,2017,10,3,0,90,5,10221,60,26,-9999,-9999,0
2792,2017,10,3,1,40,9,10219,80,67,-9999,-9999,-9999
2793,2017,10,3,2,31,8,10214,90,62,-9999,-9999,-9999
2794,2017,10,3,3,24,2,10206,90,62,-9999,-9999,-9999
2795,2017,10,3,4,23,-4,10199,90,62,-9999,-9999,-9999
2796,2017,10,3,5,22,-3,10194,100,26,-9999,-9999,-9999
2797,2017,10,3,6,21,-9,10178,100,26,-9999,-9999,0
2798,2017,10,3,7,24,-6,10168,110,41,-9999,-9999,-9999
2799,2017,10,3,8,24,-4,10156,100,46,-9999,-9999,-9999
2800,2017,10,3,9,24,-3,10147,80,36,-9999,-9999,-9999
2801,2017,10,3,10,15,-2,10140,90,36,-9999,-9999,-9999
2802,2017,10,3,11,26,0,10131,90,31,-9999,-9999,-9999
2803,2017,10,3,12,27,1,10124,80,31,-9999,-9999,0
2804,2017,10,3,13,28,3,10130,50,15,-9999,-9999,-9999
2805,2017,10,3,14,23,10,10120,60,21,-9999,5,-9999
2806,2017,10,3,15,21,11,10120,40,21,-9999,11,-9999
2807,2017,10,3,16,19,10,10123,40,26,-9999,6,-9999
2808,2017,10,3,17,16,8,10130,10,31,-9999,10,-9999
2809,2017,10,3,18,18,12,10137,350,41,-9999,8,40
2810,2017,10,3,19,24,12,10146,360,51,-9999,2,-9999
2811,2017,10,3,20,29,15,10150,10,51,-9999,-9999,-9999
2812,2017,10,3,21,33,15,10166,350,62,-9999,-9999,-9999
2813,2017,10,3,22,25,8,10180,10,46,-9999,-9999,-9999
2814,2017,10,3,23,26,2,10188,10,41,-9999,-9999,-9999
2815,2017,10,4,0,22,1,10198,360,36,-9999,-9999,2
2816,2017,10,4,1,23,-3,10207,330,21,-9999,-9999,-9999
2817,2017,10,4,2,18,2,10215,340,31,-9999,1,-9999
2818,2017,10,4,3,14,3,10220,360,26,-9999,-9999,-9999
2819,2017,10,4,4,12,-6,10219,40,10,-9999,-9999,-9999
2820,2017,10,4,5,8,-13,10222,60,21,-9999,-9999,-9999
2821,2017,10,4,6,6,-9,10225,70,15,-9999,-9999,-9999
2822,2017,10,4,7,7,-11,10227,110,21,-9999,-9999,-9999
2823,2017,10,4,8,0,-18,10235,130,15,-9999,-9999,-9999
2824,2017,10,4,9,-2,-20,10238,120,10,-9999,-9999,-9999
2825,2017,10,4,10,-2,-22,10238,120,21,-9999,-9999,-9999
2826,2017,10,4,11,-2,-18,10237,120,15,-9999,-9999,-9999
2827,2017,10,4,12,-3,-17,10236,100,15,-9999,-9999,0
2828,2017,10,4,13,-3,-20,10234,120,15,-9999,-9999,-9999
2829,2017,10,4,14,-5,-21,10236,130,15,-9999,-9999,-9999
2830,2017,10,4,15,-4,-17,10235,100,26,-9999,-9999,-9999
2831,2017,10,4,16,-3,-17,10235,110,26,-9999,-9999,-9999
2832,2017,10,4,17,0,-16,10233,110,26,-9999,-9999,-9999
2833,2017,10,4,18,4,-16,10233,130,26,-9999,-9999,0
2834,2017,10,4,19,10,-11,10232,130,21,-9999,-9999,-9999
2835,2017,10,4,20,14,-12,10229,130,21,-9999,-9999,-9999
2836,2017,10,4,21,16,-14,10226,120,26,-9999,-9999,-9999
2837,2017,10,4,22,17,-18,10224,110,15,-9999,-9999,-9999
2838,2017,10,4,23,18,-15,10225,140,15,-9999,-9999,-9999
2839,2017,10,5,0,19,-14,10223,110,15,-9999,-9999,0
2840,2017,10,5,1,13,-14,10215,80,31,-9999,-9999,-9999
2841,2017,10,5,2,7,-19,10213,80,31,-9999,-9999,-9999
2842,2017,10,5,3,3,-27,10214,120,21,-9999,-9999,-9999
2843,2017,10,5,4,5,-15,10206,110,31,-9999,-9999,-9999
2844,2017,10,5,5,4,-29,10197,110,36,-9999,-9999,-9999
2845,2017,10,5,6,6,-32,10199,140,21,-9999,-9999,0
2846,2017,10,5,7,-5,-31,10194,110,31,-9999,-9999,-9999
2847,2017,10,5,8,4,-26,10186,110,36,-9999,-9999,-9999
2848,2017,10,5,9,1,-25,10174,120,41,-9999,-9999,-9999
2849,2017,10,5,10,1,-24,10170,110,31,-9999,-9999,-9999
2850,2017,10,5,11,3,-28,10163,120,31,-9999,-9999,-9999
2851,2017,10,5,12,5,-37,10156,110,31,-9999,-9999,0
2852,2017,10,5,13,3,-32,10144,120,36,-9999,-9999,-9999
2853,2017,10,5,14,2,-31,10131,120,36,-9999,-9999,-9999
2854,2017,10,5,15,4,-34,10119,130,31,-9999,-9999,-9999
2855,2017,10,5,16,8,-39,10109,120,36,-9999,-9999,-9999
2856,2017,10,5,17,14,-33,10095,120,41,-9999,-9999,-9999
2857,2017,10,5,18,18,-29,10081,120,41,-9999,-9999,0
2858,2017,10,5,19,27,-18,10065,120,36,-9999,-9999,-9999
2859,2017,10,5,20,30,-24,10049,120,36,-9999,-9999,-9999
2860,2017,10,5,21,29,-39,10040,130,36,-9999,-9999,-9999
2861,2017,10,5,22,30,-38,10028,140,41,-9999,-9999,-9999
2862,2017,10,5,23,32,-38,10024,140,36,-9999,-9999,-9999
2863,2017,10,6,0,32,-34,10015,130,26,-9999,-9999,0
2864,2017,10,6,1,31,-34,10000,120,21,-9999,-9999,-9999
2865,2017,10,6,2,31,-23,9996,130,21,-9999,-9999,-9999
2866,2017,10,6,3,27,-16,9988,140,15,-9999,-9999,-9999
2867,2017,10,6,4,24,-10,9980,120,15,-9999,-9999,-9999
2868,2017,10,6,5,20,-7,9973,130,10,-9999,-9999,-9999
2869,2017,10,6,6,16,2,9963,100,21,-9999,-9999,0
2870,2017,10,6,7,16,-5,9957,100,15,-9999,-9999,-9999
2871,2017,10,6,8,17,4,9953,130,10,-9999,-9999,-9999
2872,2017,10,6,9,18,6,9945,110,15,-9999,-9999,-9999
2873,2017,10,6,10,18,6,9940,140,5,-9999,-9999,-9999
2874,2017,10,6,11,15,6,9934,110,5,-9999,-9999,-9999
2875,2017,10,6,12,18,8,9932,60,15,-9999,-9999,0
2876,2017,10,6,13,18,7,9926,50,21,-9999,-9999,-9999
2877,2017,10,6,14,18,7,9919,60,21,-9999,-9999,-9999
2878,2017,10,6,15,19,8,9915,60,21,-9999,-9999,-9999
2879,2017,10,6,16,20,2,9911,50,31,-9999,-9999,-9999
2880,2017,10,6,17,15,3,9913,50,26,-9999,-9999,-9999
2881,2017,10,6,18,30,5,9912,50,26,-9999,-9999,0
2882,2017,10,6,19,32,8,9909,30,21,-9999,-9999,-9999
2883,2017,10,6,20,35,3,9910,40,26,-9999,-9999,-9999
2884,2017,10,6,21,28,9,9913,40,36,-9999,-9999,-9999
2885,2017,10,6,22,33,2,9915,50,41,-9999,-9999,-9999
2886,2017,10,6,23,24,-3,9920,50,41,-9999,-9999,-9999
2887,2017,10,7,0,18,-6,9927,50,41,-9999,-9999,0
2888,2017,10,7,1,14,-14,9932,50,41,-9999,-9999,-9999
2889,2017,10,7,2,5,-12,9939,50,41,-9999,-9999,-9999
2890,2017,10,7,3,2,-17,9944,50,31,-9999,-9999,-9999
2891,2017,10,7,4,-3,-17,9949,50,41,-9999,1,-9999
2892,2017,10,7,5,-3,-22,9955,50,41,-9999,1,-9999
2893,2017,10,7,6,-4,-33,9961,50,46,-9999,-9999,-9999
2894,2017,10,7,7,-6,-35,9968,50,41,-9999,-9999,-9999
2895,2017,10,7,8,-11,-47,9976,50,51,-9999,-9999,-9999
2896,2017,10,7,9,-10,-41,9984,20,57,-9999,-9999,-9999
2897,2017,10,7,10,-11,-42,9993,10,57,-9999,-9999,-9999
2898,2017,10,7,11,-13,-47,10003,10,51,-9999,-9999,-9999
2899,2017,10,7,12,-15,-51,10010,20,51,-9999,-9999,0
2900,2017,10,7,13,-20,-58,10018,40,57,-9999,-9999,-9999
2901,2017,10,7,14,-20,-57,10024,10,62,-9999,-9999,-9999
2902,2017,10,7,15,-21,-58,10030,360,62,-9999,-9999,-9999
2903,2017,10,7,16,-14,-51,10035,350,57,-9999,-9999,-9999
2904,2017,10,7,17,-15,-43,10044,340,67,-9999,-9999,-9999
2905,2017,10,7,18,-11,-44,10051,340,51,-9999,-9999,0
2906,2017,10,7,19,-15,-35,10057,360,51,-9999,-9999,-9999
2907,2017,10,7,20,-2,-38,10065,340,57,-9999,-9999,-9999
2908,2017,10,7,21,-4,-33,10075,340,62,-9999,-9999,-9999
2909,2017,10,7,22,-1,-33,10086,350,62,-9999,-9999,-9999
2910,2017,10,7,23,1,-31,10095,350,67,-9999,-9999,-9999
2911,2017,10,8,0,-1,-35,10102,350,51,-9999,-9999,0
2912,2017,10,8,1,1,-34,10111,350,57,-9999,-9999,-9999
2913,2017,10,8,2,-1,-44,10116,350,51,-9999,-9999,-9999
2914,2017,10,8,3,-3,-48,10122,20,36,-9999,-9999,-9999
2915,2017,10,8,4,-15,-57,10128,20,46,-9999,-9999,-9999
2916,2017,10,8,5,-7,-51,10133,40,26,-9999,-9999,-9999
2917,2017,10,8,6,-11,-47,10138,60,21,-9999,-9999,0
2918,2017,10,8,7,-16,-47,10142,60,21,-9999,1,-9999
2919,2017,10,8,8,-21,-50,10145,60,26,-9999,-9999,-9999
2920,2017,10,8,9,-25,-54,10151,70,21,-9999,-9999,-9999
2921,2017,10,8,10,-27,-55,10154,70,15,-9999,-9999,-9999
2922,2017,10,8,11,-31,-55,10154,70,15,-9999,-9999,-9999
2923,2017,10,8,12,-35,-55,10156,60,21,-9999,-9999,-9999
2924,2017,10,8,13,-34,-54,10159,50,15,-9999,-9999,-9999
2925,2017,10,8,14,-36,-56,10162,70,21,-9999,-9999,-9999
2926,2017,10,8,15,-37,-57,10161,70,15,-9999,-9999,-9999
2927,2017,10,8,16,-33,-57,10161,80,15,-9999,-9999,-9999
2928,2017,10,8,17,-26,-56,10157,80,26,-9999,-9999,-9999
2929,2017,10,8,18,-19,-60,10155,80,21,-9999,-9999,0
2930,2017,10,8,19,-16,-67,10151,140,15,-9999,-9999,-9999
2931,2017,10,8,20,-17,-55,10146,150,15,-9999,-9999,-9999
2932,2017,10,8,21,-20,-50,10143,150,21,-9999,-9999,-9999
2933,2017,10,8,22,-14,-53,10137,120,31,-9999,-9999,-9999
2934,2017,10,8,23,-11,-55,10131,130,21,-9999,-9999,-9999
2935,2017,10,9,0,-6,-61,10130,190,36,-9999,-9999,0
2936,2017,10,9,1,-15,-60,10122,180,36,-9999,-9999,-9999
2937,2017,10,9,2,-9,-55,10115,130,36,-9999,-9999,-9999
2938,2017,10,9,3,-12,-64,10110,130,36,-9999,-9999,-9999
2939,2017,10,9,4,-9,-64,10105,150,31,-9999,-9999,-9999
2940,2017,10,9,5,-8,-57,10099,140,31,-9999,-9999,-9999
2941,2017,10,9,6,-9,-63,10093,130,31,-9999,-9999,0
2942,2017,10,9,7,-10,-63,10090,130,36,-9999,-9999,-9999
2943,2017,10,9,8,-9,-64,10084,120,51,-9999,-9999,-9999
2944,2017,10,9,9,-10,-61,10080,120,46,-9999,-9999,-9999
2945,2017,10,9,10,-10,-57,10076,110,51,-9999,-9999,-9999
2946,2017,10,9,11,-9,-55,10073,100,62,-9999,-9999,-9999
2947,2017,10,9,12,-12,-54,10073,100,57,-9999,-9999,0
2948,2017,10,9,13,-10,-52,10073,100,67,-9999,-9999,-9999
2949,2017,10,9,14,-10,-46,10077,100,67,-9999,-9999,-9999
2950,2017,10,9,15,-10,-37,10081,100,51,-9999,-9999,-9999
2951,2017,10,9,16,-6,-33,10084,100,51,-9999,-9999,-9999
2952,2017,10,9,17,-4,-39,10087,90,41,-9999,-9999,-9999
2953,2017,10,9,18,2,-42,10093,80,21,-9999,-9999,0
2954,2017,10,9,19,4,-44,10098,90,26,-9999,-9999,-9999
2955,2017,10,9,20,9,-47,10104,100,21,-9999,-9999,-9999
2956,2017,10,9,21,12,-49,10109,90,26,-9999,-9999,-9999
2957,2017,10,9,22,13,-53,10115,70,15,-9999,-9999,-9999
2958,2017,10,9,23,11,-59,10121,40,21,-9999,-9999,-9999
2959,2017,10,10,0,9,-57,10127,60,15,-9999,-9999,0
2960,2017,10,10,1,6,-57,10133,60,21,-9999,-9999,-9999
2961,2017,10,10,2,4,-55,10139,70,21,-9999,-9999,-9999
2962,2017,10,10,3,3,-52,10145,130,5,-9999,-9999,-9999
2963,2017,10,10,4,-4,-34,10149,20,5,-9999,-9999,-9999
2964,2017,10,10,5,-6,-15,10153,250,10,-9999,-9999,-9999
2965,2017,10,10,6,-13,-28,10157,50,5,-9999,1,0
2966,2017,10,10,7,-14,-24,10160,360,0,-9999,-9999,-9999
2967,2017,10,10,8,-14,-34,10164,160,10,-9999,1,-9999
2968,2017,10,10,9,-19,-26,10169,60,15,-9999,8,-9999
2969,2017,10,10,10,-9,-40,10172,10,46,-9999,0,-9999
2970,2017,10,10,11,-11,-40,10176,350,36,-9999,-9999,-9999
2971,2017,10,10,12,-16,-48,10179,330,41,-9999,-9999,9
2972,2017,10,10,13,-18,-55,10181,310,36,-9999,-9999,-9999
2973,2017,10,10,14,-22,-58,10183,290,26,-9999,-9999,-9999
2974,2017,10,10,15,-20,-49,10185,280,15,-9999,-9999,-9999
2975,2017,10,10,16,-17,-47,10186,280,15,-9999,-9999,-9999
2976,2017,10,10,17,-10,-49,10186,260,15,-9999,-9999,-9999
2977,2017,10,10,18,-10,-40,10187,250,15,-9999,-9999,0
2978,2017,10,10,19,-11,-26,10187,240,15,-9999,1,-9999
2979,2017,10,10,20,-1,-31,10183,220,15,-9999,-9999,-9999
2980,2017,10,10,21,4,-30,10180,200,10,-9999,-9999,-9999
2981,2017,10,10,22,-8,-24,10184,310,31,-9999,5,-9999
2982,2017,10,10,23,4,-36,10182,340,21,-9999,-9999,-9999
2983,2017,10,11,0,-1,-46,10181,350,26,-9999,-9999,5
2984,2017,10,11,1,-6,-49,10181,20,15,-9999,-9999,-9999
2985,2017,10,11,2,-23,-52,10181,90,10,-9999,-9999,-9999
2986,2017,10,11,3,-30,-50,10179,130,5,-9999,-9999,-9999
2987,2017,10,11,4,-15,-35,10179,200,10,-9999,-9999,-9999
2988,2017,10,11,5,0,-26,10178,190,15,-9999,-9999,-9999
2989,2017,10,11,6,3,-32,10177,220,15,-9999,-9999,0
2990,2017,10,11,7,2,-29,10174,210,21,-9999,-9999,-9999
2991,2017,10,11,8,3,-27,10173,210,21,-9999,-9999,-9999
2992,2017,10,11,9,3,-26,10171,220,26,-9999,-9999,-9999
2993,2017,10,11,10,-6,-32,10171,230,36,-9999,-9999,-9999
2994,2017,10,11,11,-6,-33,10169,210,46,-9999,-9999,-9999
2995,2017,10,11,12,-5,-29,10165,230,26,-9999,-9999,0
2996,2017,10,11,13,-4,-29,10164,210,36,-9999,-9999,-9999
2997,2017,10,11,14,-4,-26,10164,220,31,-9999,-9999,-9999
2998,2017,10,11,15,-9,-32,10164,240,26,-9999,-9999,-9999
2999,2017,10,11,16,-9,-31,10164,240,26,-9999,-9999,-9999
3000,2017,10,11,17,-4,-27,10162,220,26,-9999,-9999,-9999
3001,2017,10,11,18,2,-22,10161,220,21,-9999,-9999,0
3002,2017,10,11,19,7,-15,10160,210,31,-9999,-9999,-9999
3003,2017,10,11,20,11,-24,10159,210,26,-9999,-9999,-9999
3004,2017,10,11,21,15,-17,10158,190,26,-9999,-9999,-9999
3005,2017,10,11,22,17,-16,10158,210,21,-9999,-9999,-9999
3006,2017,10,11,23,21,-10,10158,170,21,-9999,-9999,-9999
3007,2017,10,12,0,21,-2,10158,150,15,-9999,-9999,0
3008,2017,10,12,1,17,-3,10160,150,15,-9999,-9999,-9999
3009,2017,10,12,2,15,-9,10162,210,41,-9999,-9999,-9999
3010,2017,10,12,3,21,-8,10162,230,31,-9999,-9999,-9999
3011,2017,10,12,4,13,-14,10165,250,21,-9999,-9999,-9999
3012,2017,10,12,5,12,-11,10169,240,10,-9999,-9999,-9999
3013,2017,10,12,6,12,-9,10171,270,15,-9999,-9999,0
3014,2017,10,12,7,11,-11,10173,270,10,-9999,-9999,-9999
3015,2017,10,12,8,12,-10,10174,280,15,-9999,-9999,-9999
3016,2017,10,12,9,10,-11,10176,290,26,-9999,-9999,-9999
3017,2017,10,12,10,10,-8,10178,310,31,-9999,-9999,-9999
3018,2017,10,12,11,6,-10,10182,330,46,-9999,-9999,-9999
3019,2017,10,12,12,1,-16,10186,330,41,-9999,-9999,0
3020,2017,10,12,13,-4,-17,10191,320,41,-9999,-9999,-9999
3021,2017,10,12,14,-6,-23,10194,320,46,-9999,-9999,-9999
3022,2017,10,12,15,-14,-28,10199,320,57,-9999,-9999,-9999
3023,2017,10,12,16,-11,-44,10204,330,46,-9999,-9999,-9999
3024,2017,10,12,17,-18,-39,10206,310,51,-9999,-9999,-9999
3025,2017,10,12,18,-14,-43,10208,320,51,-9999,-9999,0
3026,2017,10,12,19,-5,-37,10211,320,51,-9999,-9999,-9999
3027,2017,10,12,20,-17,-41,10214,320,51,-9999,-9999,-9999
3028,2017,10,12,21,-18,-44,10218,340,72,-9999,3,-9999
3029,2017,10,12,22,-11,-57,10221,350,67,-9999,-9999,-9999
3030,2017,10,12,23,-11,-62,10224,350,62,-9999,-9999,-9999
3031,2017,10,13,0,-13,-63,10228,340,62,-9999,-9999,3
3032,2017,10,13,1,-21,-64,10231,340,51,-9999,-9999,-9999
3033,2017,10,13,2,-24,-64,10232,350,41,-9999,-9999,-9999
3034,2017,10,13,3,-31,-48,10233,340,26,-9999,1,-9999
3035,2017,10,13,4,-26,-60,10230,320,36,-9999,-9999,-9999
3036,2017,10,13,5,-31,-56,10231,330,41,-9999,1,-9999
3037,2017,10,13,6,-36,-72,10229,330,51,-9999,-9999,3
3038,2017,10,13,7,-40,-63,10228,320,36,-9999,-9999,-9999
3039,2017,10,13,8,-48,-67,10227,310,36,-9999,-9999,-9999
3040,2017,10,13,9,-47,-70,10226,310,36,-9999,-9999,-9999
3041,2017,10,13,10,-51,-73,10224,320,36,-9999,1,-9999
3042,2017,10,13,11,-54,-73,10222,320,41,-9999,-9999,-9999
3043,2017,10,13,12,-55,-83,10221,320,36,-9999,-9999,-9999
3044,2017,10,13,13,-57,-77,10219,320,26,-9999,-9999,-9999
3045,2017,10,13,14,-66,-75,10217,330,36,-9999,1,-9999
3046,2017,10,13,15,-64,-84,10214,320,26,-9999,-9999,-9999
3047,2017,10,13,16,-66,-88,10209,320,26,-9999,-9999,-9999
3048,2017,10,13,17,-62,-86,10203,290,15,-9999,-9999,-9999
3049,2017,10,13,18,-63,-94,10197,210,10,-9999,-9999,-9999
3050,2017,10,13,19,-60,-92,10192,40,15,-9999,-9999,-9999
3051,2017,10,13,20,-52,-95,10186,90,10,-9999,-9999,-9999
3052,2017,10,13,21,-47,-100,10179,130,15,-9999,-9999,-9999
3053,2017,10,13,22,-41,-97,10170,90,10,-9999,-9999,-9999
3054,2017,10,13,23,-37,-94,10159,180,26,-9999,-9999,-9999
3055,2017,10,14,0,-42,-88,10150,120,26,-9999,-9999,0
3056,2017,10,14,1,-44,-75,10143,120,31,-9999,-9999,-9999
3057,2017,10,14,2,-43,-82,10134,120,31,-9999,-9999,-9999
3058,2017,10,14,3,-44,-79,10127,130,31,-9999,-9999,-9999
3059,2017,10,14,4,-41,-75,10120,140,26,-9999,-9999,-9999
3060,2017,10,14,5,-40,-72,10112,140,31,-9999,-9999,-9999
3061,2017,10,14,6,-42,-70,10102,140,31,-9999,-9999,0
3062,2017,10,14,7,-42,-69,10096,140,31,-9999,-9999,-9999
3063,2017,10,14,8,-40,-64,10088,130,31,-9999,-9999,-9999
3064,2017,10,14,9,-33,-58,10084,150,26,-9999,-9999,-9999
3065,2017,10,14,10,-30,-54,10075,150,21,-9999,-9999,-9999
3066,2017,10,14,11,-26,-49,10072,160,21,-9999,-9999,-9999
3067,2017,10,14,12,-26,-52,10067,130,21,-9999,-9999,0
3068,2017,10,14,13,-24,-50,10064,130,21,-9999,-9999,-9999
3069,2017,10,14,14,-19,-43,10059,170,26,-9999,-9999,-9999
3070,2017,10,14,15,-19,-41,10056,170,31,-9999,-9999,-9999
3071,2017,10,14,16,-21,-35,10053,140,31,-9999,-9999,-9999
3072,2017,10,14,17,-19,-41,10048,150,21,-9999,-9999,-9999
3073,2017,10,14,18,-12,-30,10050,180,31,-9999,-9999,0
3074,2017,10,14,19,-14,-40,10049,220,31,-9999,-9999,-9999
3075,2017,10,14,20,-6,-36,10047,210,26,-9999,-9999,-9999
3076,2017,10,14,21,-3,-42,10048,240,31,-9999,-9999,-9999
3077,2017,10,14,22,-13,-29,10052,270,31,-9999,2,-9999
3078,2017,10,14,23,-13,-29,10055,270,21,-9999,2,-9999
3079,2017,10,15,0,-9,-39,10058,290,31,-9999,-9999,4
3080,2017,10,15,1,-12,-41,10062,300,36,-9999,-9999,-9999
3081,2017,10,15,2,-14,-39,10066,280,31,-9999,-9999,-9999
3082,2017,10,15,3,-18,-41,10071,270,26,-9999,-9999,-9999
3083,2017,10,15,4,-13,-37,10075,280,36,-9999,-9999,-9999
3084,2017,10,15,5,-14,-26,10081,310,46,-9999,1,-9999
3085,2017,10,15,6,-29,-54,10087,340,46,-9999,1,-9999
3086,2017,10,15,7,-39,-68,10090,330,46,-9999,-9999,-9999
3087,2017,10,15,8,-44,-79,10096,320,31,-9999,-9999,-9999
3088,2017,10,15,9,-46,-76,10099,330,26,-9999,-9999,-9999
3089,2017,10,15,10,-50,-86,10099,350,26,-9999,-9999,-9999
3090,2017,10,15,11,-70,-94,10096,360,0,-9999,-9999,-9999
3091,2017,10,15,12,-70,-76,10095,210,5,-9999,-9999,0
3092,2017,10,15,13,-50,-71,10091,210,15,-9999,-9999,-9999
3093,2017,10,15,14,-47,-77,10089,210,10,-9999,-9999,-9999
3094,2017,10,15,15,-41,-70,10087,130,10,-9999,-9999,-9999
3095,2017,10,15,16,-38,-84,10087,140,15,-9999,-9999,-9999
3096,2017,10,15,17,-34,-83,10083,130,21,-9999,-9999,-9999
3097,2017,10,15,18,-27,-95,10077,140,21,-9999,-9999,0
3098,2017,10,15,19,-27,-89,10075,140,31,-9999,-9999,-9999
3099,2017,10,15,20,-31,-87,10069,130,31,-9999,-9999,-9999
3100,2017,10,15,21,-30,-91,10064,120,31,-9999,-9999,-9999
3101,2017,10,15,22,-29,-91,10061,120,36,-9999,-9999,-9999
3102,2017,10,15,23,-31,-95,10059,120,31,-9999,-9999,-9999
3103,2017,10,16,0,-32,-93,10053,120,36,-9999,-9999,0
3104,2017,10,16,1,-32,-92,10050,100,41,-9999,-9999,-9999
3105,2017,10,16,2,-34,-86,10046,100,41,-9999,-9999,-9999
3106,2017,10,16,3,-36,-85,10040,100,41,-9999,-9999,-9999
3107,2017,10,16,4,-41,-76,10035,110,46,-9999,-9999,-9999
3108,2017,10,16,5,-44,-75,10033,110,26,-9999,-9999,-9999
3109,2017,10,16,6,-48,-75,10032,100,31,-9999,1,0
3110,2017,10,16,7,-48,-77,10030,110,36,-9999,-9999,-9999
3111,2017,10,16,8,-47,-76,10030,100,41,-9999,-9999,-9999
3112,2017,10,16,9,-49,-77,10031,110,36,-9999,-9999,-9999
3113,2017,10,16,10,-49,-77,10033,100,36,-9999,2,-9999
3114,2017,10,16,11,-52,-73,10031,100,46,-9999,2,-9999
3115,2017,10,16,12,-51,-73,10029,100,41,-9999,1,5
3116,2017,10,16,13,-52,-72,10029,110,41,-9999,2,-9999
3117,2017,10,16,14,-52,-70,10029,90,31,-9999,3,-9999
3118,2017,10,16,15,-53,-69,10029,100,31,-9999,3,-9999
3119,2017,10,16,16,-52,-70,10030,100,26,-9999,3,-9999
3120,2017,10,16,17,-50,-55,10027,110,26,-9999,7,-9999
3121,2017,10,16,18,-48,-67,10024,120,26,-9999,3,20
3122,2017,10,16,19,-43,-68,10023,110,26,-9999,1,-9999
3123,2017,10,16,20,-40,-66,10019,110,21,-9999,-9999,-9999
3124,2017,10,16,21,-36,-64,10018,120,10,-9999,-9999,-9999
3125,2017,10,16,22,-35,-66,10019,140,5,-9999,-9999,-9999
3126,2017,10,16,23,-25,-63,10020,20,5,-9999,-9999,-9999
3127,2017,10,17,0,-34,-55,10019,360,0,-9999,-9999,-9999
3128,2017,10,17,1,-25,-51,10017,280,15,-9999,-9999,-9999
3129,2017,10,17,2,-35,-53,10016,250,15,-9999,-9999,-9999
3130,2017,10,17,3,-38,-58,10013,250,21,-9999,-9999,-9999
3131,2017,10,17,4,-40,-66,10011,280,21,-9999,-9999,-9999
3132,2017,10,17,5,-42,-63,10011,270,15,-9999,-9999,-9999
3133,2017,10,17,6,-47,-65,10012,250,21,-9999,-9999,0
3134,2017,10,17,7,-50,-61,10012,280,15,-9999,-9999,-9999
3135,2017,10,17,8,-50,-61,10014,280,15,-9999,-9999,-9999
3136,2017,10,17,9,-52,-64,10014,310,5,-9999,-9999,-9999
3137,2017,10,17,10,-53,-62,10015,270,21,-9999,-9999,-9999
3138,2017,10,17,11,-52,-68,10014,300,21,-9999,-9999,-9999
3139,2017,10,17,12,-56,-71,10013,70,5,-9999,-9999,0
3140,2017,10,17,13,-49,-66,10010,40,5,-9999,-9999,-9999
3141,2017,10,17,14,-35,-61,10009,340,15,-9999,-9999,-9999
3142,2017,10,17,15,-45,-59,10007,350,21,-9999,-9999,-9999
3143,2017,10,17,16,-35,-55,10003,10,26,-9999,-9999,-9999
3144,2017,10,17,17,-43,-54,10007,340,10,-9999,-9999,-9999
3145,2017,10,17,18,-41,-51,10006,350,15,-9999,-9999,0
3146,2017,10,17,19,-41,-54,10006,340,15,-9999,-9999,-9999
3147,2017,10,17,20,-36,-54,10003,340,21,-9999,-9999,-9999
3148,2017,10,17,21,-33,-49,10008,360,0,-9999,1,-9999
3149,2017,10,17,22,-34,-53,10008,340,31,-9999,-9999,-9999
3150,2017,10,17,23,-34,-56,10014,340,31,-9999,-9999,-9999
3151,2017,10,18,0,-35,-51,10015,360,36,-9999,-9999,-9999
3152,2017,10,18,1,-38,-53,10019,350,41,-9999,-9999,-9999
3153,2017,10,18,2,-41,-54,10022,20,31,-9999,-9999,-9999
3154,2017,10,18,3,-39,-52,10024,20,26,-9999,-9999,-9999
3155,2017,10,18,4,-40,-56,10029,60,26,-9999,-9999,-9999
3156,2017,10,18,5,-42,-54,10029,60,21,-9999,-9999,-9999
3157,2017,10,18,6,-47,-61,10030,60,21,-9999,-9999,0
3158,2017,10,18,7,-45,-58,10034,30,10,-9999,-9999,-9999
3159,2017,10,18,8,-46,-59,10038,60,15,-9999,-9999,-9999
3160,2017,10,18,9,-45,-57,10040,90,10,-9999,-9999,-9999
3161,2017,10,18,10,-70,-81,10045,50,10,-9999,-9999,-9999
3162,2017,10,18,11,-73,-82,10049,60,15,-9999,-9999,-9999
3163,2017,10,18,12,-52,-62,10050,90,10,-9999,-9999,0
3164,2017,10,18,13,-51,-55,10051,100,15,-9999,-9999,-9999
3165,2017,10,18,14,-57,-71,10048,60,15,-9999,-9999,-9999
3166,2017,10,18,15,-63,-70,10045,120,15,-9999,-9999,-9999
3167,2017,10,18,16,-62,-77,10045,100,21,-9999,-9999,-9999
3168,2017,10,18,17,-60,-84,10044,110,26,-9999,-9999,-9999
3169,2017,10,18,18,-62,-77,10041,140,15,-9999,-9999,0
3170,2017,10,18,19,-55,-74,10039,110,15,-9999,-9999,-9999
3171,2017,10,18,20,-47,-73,10036,120,21,-9999,-9999,-9999
3172,2017,10,18,21,-43,-71,10031,100,26,-9999,-9999,-9999
3173,2017,10,18,22,-36,-67,10029,150,15,-9999,-9999,-9999
3174,2017,10,18,23,-37,-64,10026,170,26,-9999,-9999,-9999
3175,2017,10,19,0,-40,-61,10021,140,26,-9999,-9999,0
3176,2017,10,19,1,-41,-58,10018,140,15,-9999,-9999,-9999
3177,2017,10,19,2,-36,-54,10015,120,21,-9999,-9999,-9999
3178,2017,10,19,3,-37,-55,10010,120,36,-9999,-9999,-9999
3179,2017,10,19,4,-40,-54,10009,120,36,-9999,-9999,-9999
3180,2017,10,19,5,-42,-55,10005,120,41,-9999,-9999,-9999
3181,2017,10,19,6,-36,-52,10003,130,36,-9999,-9999,0
3182,2017,10,19,7,-30,-35,9999,130,31,-9999,-9999,-9999
3183,2017,10,19,8,-28,-35,9995,110,31,-9999,-9999,-9999
3184,2017,10,19,9,-26,-36,9992,100,36,-9999,-9999,-9999
3185,2017,10,19,10,-19,-31,9987,100,26,-9999,1,-9999
3186,2017,10,19,11,-10,-30,9982,120,15,-9999,-9999,-9999
3187,2017,10,19,12,-4,-26,9980,130,31,-9999,-9999,-9999
3188,2017,10,19,13,-12,-29,9980,120,26,-9999,-9999,-9999
3189,2017,10,19,14,-18,-41,9980,130,41,-9999,-9999,-9999
3190,2017,10,19,15,-26,-49,9980,120,51,-9999,-9999,-9999
3191,2017,10,19,16,-30,-50,9979,100,51,-9999,-9999,-9999
3192,2017,10,19,17,-29,-48,9975,80,46,-9999,-9999,-9999
3193,2017,10,19,18,-22,-36,9975,80,36,-9999,-9999,0
3194,2017,10,19,19,-14,-27,9973,70,26,-9999,-9999,-9999
3195,2017,10,19,20,-3,-23,9970,90,46,-9999,1,-9999
3196,2017,10,19,21,3,-22,9969,90,46,-9999,-9999,-9999
3197,2017,10,19,22,6,-17,9968,90,46,-9999,-9999,-9999
3198,2017,10,19,23,-5,-19,9967,70,36,-9999,-9999,-9999
3199,2017,10,20,0,5,-15,9966,90,41,-9999,-9999,-9999
3200,2017,10,20,1,6,-13,9966,90,36,-9999,-9999,-9999
3201,2017,10,20,2,4,-16,9964,80,21,-9999,-9999,-9999
3202,2017,10,20,3,2,-20,9967,120,36,-9999,-9999,-9999
3203,2017,10,20,4,-1,-27,9968,120,31,-9999,-9999,-9999
3204,2017,10,20,5,-3,-35,9970,120,26,-9999,-9999,-9999
3205,2017,10,20,6,-3,-33,9970,70,36,-9999,-9999,0
3206,2017,10,20,7,-2,-36,9970,90,26,-9999,-9999,-9999
3207,2017,10,20,8,-4,-36,9968,100,31,-9999,-9999,-9999
3208,2017,10,20,9,-8,-37,9969,90,31,-9999,-9999,-9999
3209,2017,10,20,10,-12,-38,9971,80,31,-9999,-9999,-9999
3210,2017,10,20,11,-15,-33,9974,80,26,-9999,-9999,-9999
3211,2017,10,20,12,-15,-36,9977,70,21,-9999,-9999,0
3212,2017,10,20,13,-18,-32,9977,30,21,-9999,-9999,-9999
3213,2017,10,20,14,-18,-35,9976,40,21,-9999,-9999,-9999
3214,2017,10,20,15,-17,-34,9976,40,21,-9999,-9999,-9999
3215,2017,10,20,16,-14,-32,9979,70,26,-9999,-9999,-9999
3216,2017,10,20,17,-13,-30,9982,90,31,-9999,-9999,-9999
3217,2017,10,20,18,-11,-28,9983,70,21,-9999,-9999,0
3218,2017,10,20,19,-7,-27,9985,60,15,-9999,-9999,-9999
3219,2017,10,20,20,-4,-15,9989,80,21,-9999,-9999,-9999
3220,2017,10,20,21,-2,-23,9988,50,15,-9999,-9999,-9999
3221,2017,10,20,22,-1,-22,9990,50,21,-9999,-9999,-9999
3222,2017,10,20,23,-1,-22,9992,50,15,-9999,-9999,-9999
3223,2017,10,21,0,-2,-21,9997,60,15,-9999,-9999,-9999
3224,2017,10,21,1,-1,-19,10000,30,10,-9999,-9999,-9999
3225,2017,10,21,2,-4,-16,10001,40,5,-9999,-9999,-9999
3226,2017,10,21,3,-5,-15,10002,50,10,-9999,-9999,-9999
3227,2017,10,21,4,-8,-18,10003,360,0,-9999,-9999,-9999
3228,2017,10,21,5,-12,-16,10004,50,15,-9999,-9999,-9999
3229,2017,10,21,6,-3,-6,10006,140,10,-9999,-9999,0
3230,2017,10,21,7,-2,-6,10007,360,0,-9999,-9999,-9999
3231,2017,10,21,8,-3,-7,10009,310,15,-9999,-9999,-9999
3232,2017,10,21,9,-3,-8,10009,340,21,-9999,-9999,-9999
3233,2017,10,21,10,-5,-8,10011,310,15,-9999,-9999,-9999
3234,2017,10,21,11,-7,-9,10009,340,15,-9999,-9999,-9999
3235,2017,10,21,12,-8,-12,10013,340,21,-9999,-9999,0
3236,2017,10,21,13,-9,-13,10015,340,21,-9999,-9999,-9999
3237,2017,10,21,14,-11,-14,10014,10,21,-9999,-9999,-9999
3238,2017,10,21,15,-11,-13,10015,330,15,-9999,-9999,-9999
3239,2017,10,21,16,-9,-12,10018,320,5,-9999,-9999,-9999
3240,2017,10,21,17,-6,-12,10019,330,10,-9999,-9999,-9999
3241,2017,10,21,18,-5,-14,10017,340,15,-9999,-9999,0
3242,2017,10,21,19,1,-11,10018,330,10,-9999,-9999,-9999
3243,2017,10,21,20,1,-10,10019,330,15,-9999,-9999,-9999
3244,2017,10,21,21,6,-15,10019,160,10,-9999,1,-9999
3245,2017,10,21,22,4,-15,10022,180,21,-9999,-9999,-9999
3246,2017,10,21,23,1,-14,10022,220,21,-9999,-9999,-9999
3247,2017,10,22,0,3,-18,10022,170,15,-9999,-9999,-9999
3248,2017,10,22,1,-2,-14,10024,140,10,-9999,-9999,-9999
3249,2017,10,22,2,0,-24,10024,150,10,-9999,-9999,-9999
3250,2017,10,22,3,-4,-18,10025,160,15,-9999,-9999,-9999
3251,2017,10,22,4,-5,-18,10024,190,31,-9999,-9999,-9999
3252,2017,10,22,5,-6,-32,10024,180,26,-9999,-9999,-9999
3253,2017,10,22,6,-10,-34,10025,130,21,-9999,-9999,0
3254,2017,10,22,7,-11,-33,10023,120,31,-9999,-9999,-9999
3255,2017,10,22,8,-12,-32,10026,130,21,-9999,-9999,-9999
3256,2017,10,22,9,-14,-31,10029,140,21,-9999,-9999,-9999
3257,2017,10,22,10,-14,-32,10029,140,15,-9999,-9999,-9999
3258,2017,10,22,11,-14,-34,10030,130,26,-9999,-9999,-9999
3259,2017,10,22,12,-14,-34,10032,130,21,-9999,-9999,0
3260,2017,10,22,13,-12,-33,10033,120,31,-9999,-9999,-9999
3261,2017,10,22,14,-9,-34,10036,110,36,-9999,-9999,-9999
3262,2017,10,22,15,-9,-35,10038,110,31,-9999,-9999,-9999
3263,2017,10,22,16,-8,-35,10040,100,36,-9999,-9999,-9999
3264,2017,10,22,17,-6,-35,10043,90,31,-9999,-9999,-9999
3265,2017,10,22,18,-4,-29,10048,110,21,-9999,-9999,-9999
3266,2017,10,22,19,0,-29,10050,100,26,-9999,-9999,-9999
3267,2017,10,22,20,4,-27,10052,110,26,-9999,-9999,-9999
3268,2017,10,22,21,8,-25,10056,110,26,-9999,-9999,-9999
3269,2017,10,22,22,9,-22,10061,110,26,-9999,-9999,-9999
3270,2017,10,22,23,9,-20,10064,90,26,-9999,-9999,-9999
3271,2017,10,23,0,9,-19,10071,120,21,-9999,-9999,0
3272,2017,10,23,1,7,-18,10076,110,15,-9999,-9999,-9999
3273,2017,10,23,2,6,-20,10080,100,15,-9999,-9999,-9999
3274,2017,10,23,3,2,-22,10085,360,0,-9999,-9999,-9999
3275,2017,10,23,4,4,-24,10088,130,15,-9999,-9999,-9999
3276,2017,10,23,5,1,-26,10092,130,15,-9999,-9999,-9999
3277,2017,10,23,6,-4,-24,10097,140,15,-9999,-9999,0
3278,2017,10,23,7,-8,-21,10103,130,15,-9999,2,-9999
3279,2017,10,23,8,-12,-23,10108,140,15,-9999,2,-9999
3280,2017,10,23,9,-14,-24,10113,130,15,-9999,4,-9999
3281,2017,10,23,10,-14,-27,10120,140,15,-9999,1,-9999
3282,2017,10,23,11,-14,-26,10125,130,10,-9999,-9999,-9999
3283,2017,10,23,12,-14,-24,10129,120,15,-9999,2,10
3284,2017,10,23,13,-13,-24,10132,160,15,-9999,2,-9999
3285,2017,10,23,14,-11,-21,10137,170,21,-9999,-9999,-9999
3286,2017,10,23,15,-8,-18,10142,160,21,-9999,-9999,-9999
3287,2017,10,23,16,-8,-15,10145,170,21,-9999,-9999,-9999
3288,2017,10,23,17,-2,-9,10148,200,31,-9999,1,-9999
3289,2017,10,23,18,-2,-12,10154,220,15,-9999,1,3
3290,2017,10,23,19,1,-9,10158,210,15,-9999,-9999,-9999
3291,2017,10,23,20,9,-8,10162,220,21,-9999,-9999,-9999
3292,2017,10,23,21,12,-12,10166,250,26,-9999,-9999,-9999
3293,2017,10,23,22,10,-19,10165,250,21,-9999,-9999,-9999
3294,2017,10,23,23,-5,-16,10167,230,21,-9999,-9999,-9999
3295,2017,10,24,0,4,-21,10166,240,21,-9999,-9999,0
3296,2017,10,24,1,0,-21,10164,230,26,-9999,-9999,-9999
3297,2017,10,24,2,-3,-29,10159,250,5,-9999,-9999,-9999
3298,2017,10,24,3,-5,-29,10151,240,21,-9999,-9999,-9999
3299,2017,10,24,4,-4,-36,10147,230,15,-9999,-9999,-9999
3300,2017,10,24,5,-7,-37,10143,240,5,-9999,-9999,-9999
3301,2017,10,24,6,-11,-38,10136,220,5,-9999,-9999,0
3302,2017,10,24,7,-18,-29,10134,310,10,-9999,1,-9999
3303,2017,10,24,8,-19,-35,10132,300,10,-9999,0,-9999
3304,2017,10,24,9,-21,-33,10131,280,5,-9999,1,-9999
3305,2017,10,24,10,-19,-35,10134,340,21,-9999,-9999,-9999
3306,2017,10,24,11,-21,-37,10137,310,15,-9999,-9999,-9999
3307,2017,10,24,12,-18,-39,10144,310,15,-9999,-9999,2
3308,2017,10,24,13,-16,-28,10151,320,36,-9999,-9999,-9999
3309,2017,10,24,14,-5,-30,10157,320,36,-9999,-9999,-9999
3310,2017,10,24,15,-15,-24,10163,320,41,-9999,1,-9999
3311,2017,10,24,16,-18,-33,10172,320,31,-9999,-9999,-9999
3312,2017,10,24,17,-16,-33,10180,320,21,-9999,-9999,-9999
3313,2017,10,24,18,-24,-47,10188,300,26,-9999,-9999,-9999
3314,2017,10,24,19,-23,-67,10191,260,26,-9999,-9999,-9999
3315,2017,10,24,20,-21,-63,10194,240,21,-9999,-9999,-9999
3316,2017,10,24,21,-17,-67,10200,240,21,-9999,-9999,-9999
3317,2017,10,24,22,-20,-55,10200,280,26,-9999,-9999,-9999
3318,2017,10,24,23,-29,-69,10202,270,21,-9999,-9999,-9999
3319,2017,10,25,0,-47,-69,10203,250,15,-9999,-9999,0
3320,2017,10,25,1,-46,-55,10204,250,21,-9999,-9999,-9999
3321,2017,10,25,2,-51,-67,10206,260,21,-9999,-9999,-9999
3322,2017,10,25,3,-51,-67,10202,250,15,-9999,-9999,-9999
3323,2017,10,25,4,-58,-70,10198,270,5,-9999,-9999,-9999
3324,2017,10,25,5,-64,-71,10194,50,10,-9999,-9999,-9999
3325,2017,10,25,6,-53,-59,10193,260,5,-9999,-9999,0
3326,2017,10,25,7,-45,-54,10187,110,15,-9999,-9999,-9999
3327,2017,10,25,8,-50,-62,10182,130,15,-9999,-9999,-9999
3328,2017,10,25,9,-49,-60,10178,150,15,-9999,-9999,-9999
3329,2017,10,25,10,-47,-57,10179,130,21,-9999,-9999,-9999
3330,2017,10,25,11,-47,-56,10183,150,15,-9999,-9999,-9999
3331,2017,10,25,12,-47,-54,10185,170,21,-9999,-9999,0
3332,2017,10,25,13,-57,-62,10185,230,26,-9999,-9999,-9999
3333,2017,10,25,14,-45,-62,10183,200,31,-9999,-9999,-9999
3334,2017,10,25,15,-49,-57,10179,170,26,-9999,-9999,-9999
3335,2017,10,25,16,-48,-56,10176,180,36,-9999,-9999,-9999
3336,2017,10,25,17,-48,-58,10176,190,46,-9999,-9999,-9999
3337,2017,10,25,18,-47,-56,10172,180,41,-9999,-9999,0
3338,2017,10,25,19,-52,-63,10171,190,46,-9999,-9999,-9999
3339,2017,10,25,20,-43,-49,10167,190,41,-9999,-9999,-9999
3340,2017,10,25,21,-30,-41,10159,190,41,-9999,-9999,-9999
3341,2017,10,25,22,-36,-49,10154,210,51,-9999,-9999,-9999
3342,2017,10,25,23,-39,-60,10149,200,46,-9999,-9999,-9999
3343,2017,10,26,0,-34,-43,10142,200,51,-9999,-9999,0
3344,2017,10,26,1,-27,-40,10135,200,51,-9999,-9999,-9999
3345,2017,10,26,2,-26,-43,10130,200,51,-9999,-9999,-9999
3346,2017,10,26,3,-25,-43,10125,220,57,-9999,-9999,-9999
3347,2017,10,26,4,-25,-40,10124,210,31,-9999,-9999,-9999
3348,2017,10,26,5,-30,-42,10120,220,31,-9999,-9999,-9999
3349,2017,10,26,6,-36,-49,10116,230,21,-9999,-9999,0
3350,2017,10,26,7,-49,-64,10116,260,26,-9999,-9999,-9999
3351,2017,10,26,8,-57,-9999,10113,180,10,-9999,-9999,-9999
3352,2017,10,26,9,-55,-66,10119,220,26,-9999,-9999,-9999
3353,2017,10,26,10,-59,-73,10123,240,26,-9999,-9999,-9999
3354,2017,10,26,11,-69,-81,10123,220,10,-9999,-9999,-9999
3355,2017,10,26,12,-69,-85,10131,260,21,-9999,-9999,0
3356,2017,10,26,13,-67,-88,10132,260,15,-9999,-9999,-9999
3357,2017,10,26,14,-63,-79,10137,260,5,-9999,-9999,-9999
3358,2017,10,26,15,-73,-88,10142,200,15,-9999,-9999,-9999
3359,2017,10,26,16,-72,-93,10144,220,10,-9999,-9999,-9999
3360,2017,10,26,17,-45,-68,10145,200,21,-9999,-9999,-9999
3361,2017,10,26,18,-42,-71,10144,360,0,-9999,-9999,0
3362,2017,10,26,19,-23,-70,10155,220,21,-9999,-9999,-9999
3363,2017,10,26,20,-14,-70,10164,200,15,-9999,-9999,-9999
3364,2017,10,26,21,0,-52,10155,160,15,-9999,-9999,-9999
3365,2017,10,26,22,2,-51,10159,170,21,-9999,-9999,-9999
3366,2017,10,26,23,-2,-44,10162,150,15,-9999,-9999,-9999
3367,2017,10,27,0,-10,-41,10162,130,15,-9999,-9999,0
3368,2017,10,27,1,-17,-48,10162,130,15,-9999,-9999,-9999
3369,2017,10,27,2,-22,-53,10166,120,21,-9999,-9999,-9999
3370,2017,10,27,3,-28,-55,10166,130,21,-9999,-9999,-9999
3371,2017,10,27,4,-32,-54,10163,130,21,-9999,-9999,-9999
3372,2017,10,27,5,-34,-52,10161,120,15,-9999,-9999,-9999
3373,2017,10,27,6,-34,-50,10160,140,15,-9999,-9999,0
3374,2017,10,27,7,-52,-60,10158,70,5,-9999,-9999,-9999
3375,2017,10,27,8,-41,-49,10155,160,10,-9999,-9999,-9999
3376,2017,10,27,9,-47,-57,10158,140,15,-9999,-9999,-9999
3377,2017,10,27,10,-46,-60,10154,140,15,-9999,-9999,-9999
3378,2017,10,27,11,-40,-59,10149,140,15,-9999,-9999,-9999
3379,2017,10,27,12,-45,-64,10146,120,15,-9999,-9999,0
3380,2017,10,27,13,-31,-50,10136,120,26,-9999,-9999,-9999
3381,2017,10,27,14,-28,-48,10127,120,26,-9999,-9999,-9999
3382,2017,10,27,15,-15,-28,10122,130,21,-9999,-9999,-9999
3383,2017,10,27,16,-4,-23,10111,130,31,-9999,-9999,-9999
3384,2017,10,27,17,3,-16,10101,120,36,-9999,-9999,-9999
3385,2017,10,27,18,7,-9,10090,130,46,-9999,-9999,0
3386,2017,10,27,19,10,-5,10081,120,46,-9999,-9999,-9999
3387,2017,10,27,20,9,-8,10068,130,57,-9999,-9999,-9999
3388,2017,10,27,21,9,-8,10056,120,51,-9999,-9999,-9999
3389,2017,10,27,22,11,-5,10045,130,51,-9999,-9999,-9999
3390,2017,10,27,23,13,-6,10035,120,41,-9999,-9999,-9999
3391,2017,10,28,0,13,-5,10030,130,31,-9999,-9999,0
3392,2017,10,28,1,11,-3,10015,120,41,-9999,1,-9999
3393,2017,10,28,2,7,-1,10005,130,31,-9999,2,-9999
3394,2017,10,28,3,7,0,9993,130,21,-9999,3,-9999
3395,2017,10,28,4,9,1,9984,130,15,-9999,3,-9999
3396,2017,10,28,5,4,-2,9979,40,5,-9999,3,-9999
3397,2017,10,28,6,2,-1,9978,20,15,-9999,3,10
3398,2017,10,28,7,4,1,9981,10,26,-9999,1,-9999
3399,2017,10,28,8,2,-1,9986,340,31,-9999,1,-9999
3400,2017,10,28,9,3,-1,9995,330,41,-9999,-9999,-9999
3401,2017,10,28,10,1,-4,10003,340,41,-9999,-9999,-9999
3402,2017,10,28,11,1,-7,10016,330,57,-9999,-9999,-9999
3403,2017,10,28,12,2,-6,10024,330,62,-9999,-9999,2
3404,2017,10,28,13,2,-8,10034,330,62,-9999,-9999,-9999
3405,2017,10,28,14,0,-10,10045,340,57,-9999,-9999,-9999
3406,2017,10,28,15,-1,-13,10057,330,57,-9999,-9999,-9999
3407,2017,10,28,16,-2,-10,10069,340,62,-9999,-9999,-9999
3408,2017,10,28,17,-4,-11,10082,350,51,-9999,1,-9999
3409,2017,10,28,18,-4,-14,10092,340,46,-9999,-9999,-9999
3410,2017,10,28,19,1,-11,10100,340,46,-9999,-9999,-9999
3411,2017,10,28,20,2,-8,10108,340,51,-9999,-9999,-9999
3412,2017,10,28,21,3,-3,10120,330,41,-9999,2,-9999
3413,2017,10,28,22,7,-8,10128,330,51,-9999,1,-9999
3414,2017,10,28,23,8,-10,10139,320,62,-9999,1,-9999
3415,2017,10,29,0,2,-13,10148,330,67,-9999,1,3
3416,2017,10,29,1,-1,-21,10156,320,57,-9999,-9999,-9999
3417,2017,10,29,2,-6,-20,10167,330,67,-9999,2,-9999
3418,2017,10,29,3,-7,-21,10177,330,57,-9999,-9999,-9999
3419,2017,10,29,4,-8,-20,10186,330,46,-9999,-9999,-9999
3420,2017,10,29,5,-7,-21,10197,330,46,-9999,1,-9999
3421,2017,10,29,6,-9,-20,10206,330,36,-9999,-9999,2
3422,2017,10,29,7,-7,-27,10213,330,57,-9999,1,-9999
3423,2017,10,29,8,-15,-27,10225,340,51,-9999,-9999,-9999
3424,2017,10,29,9,-14,-33,10233,330,46,-9999,-9999,-9999
3425,2017,10,29,10,-5,-34,10242,330,46,-9999,-9999,-9999
3426,2017,10,29,11,-17,-31,10247,330,26,-9999,-9999,-9999
3427,2017,10,29,12,-14,-33,10252,320,31,-9999,1,-9999
3428,2017,10,29,13,-12,-38,10256,320,36,-9999,-9999,-9999
3429,2017,10,29,14,-13,-36,10260,300,26,-9999,-9999,-9999
3430,2017,10,29,15,-12,-35,10261,290,15,-9999,-9999,-9999
3431,2017,10,29,16,-11,-35,10262,250,5,-9999,-9999,-9999
3432,2017,10,29,17,-9,-31,10262,220,21,-9999,-9999,-9999
3433,2017,10,29,18,-5,-23,10258,220,21,-9999,-9999,0
3434,2017,10,29,19,1,-19,10254,220,36,-9999,-9999,-9999
3435,2017,10,29,20,0,-9,10253,220,26,-9999,1,-9999
3436,2017,10,29,21,4,-5,10243,200,26,-9999,1,-9999
3437,2017,10,29,22,10,-6,10237,210,31,-9999,-9999,-9999
3438,2017,10,29,23,16,-9,10238,250,15,-9999,-9999,-9999
3439,2017,10,30,0,20,-9,10239,300,31,-9999,-9999,3
3440,2017,10,30,1,17,-11,10240,300,36,-9999,-9999,-9999
3441,2017,10,30,2,10,-12,10239,260,15,-9999,-9999,-9999
3442,2017,10,30,3,11,-15,10237,280,31,-9999,-9999,-9999
3443,2017,10,30,4,1,-20,10235,270,26,-9999,-9999,-9999
3444,2017,10,30,5,-2,-23,10236,270,26,-9999,-9999,-9999
3445,2017,10,30,6,-4,-23,10236,280,26,-9999,-9999,0
3446,2017,10,30,7,-4,-27,10230,300,26,-9999,-9999,-9999
3447,2017,10,30,8,-6,-23,10228,320,36,-9999,-9999,-9999
3448,2017,10,30,9,-10,-20,10228,330,36,-9999,-9999,-9999
3449,2017,10,30,10,-9,-16,10231,330,31,-9999,-9999,-9999
3450,2017,10,30,11,-5,-15,10236,320,26,-9999,-9999,-9999
3451,2017,10,30,12,-8,-16,10236,330,26,-9999,-9999,0
3452,2017,10,30,13,-10,-17,10235,360,41,-9999,-9999,-9999
3453,2017,10,30,14,-16,-24,10238,360,36,-9999,-9999,-9999
3454,2017,10,30,15,-21,-30,10242,10,36,-9999,1,-9999
3455,2017,10,30,16,-28,-41,10242,60,26,-9999,-9999,-9999
3456,2017,10,30,17,-33,-43,10244,50,26,-9999,-9999,-9999
3457,2017,10,30,18,-38,-55,10248,60,21,-9999,-9999,-9999
3458,2017,10,30,19,-47,-72,10246,70,26,-9999,-9999,-9999
3459,2017,10,30,20,-49,-73,10241,50,15,-9999,-9999,-9999
3460,2017,10,30,21,-50,-77,10239,60,15,-9999,-9999,-9999
3461,2017,10,30,22,-53,-79,10232,60,21,-9999,-9999,-9999
3462,2017,10,30,23,-60,-70,10222,60,26,-9999,-9999,-9999
3463,2017,10,31,0,-68,-73,10218,110,26,-9999,-9999,0
3464,2017,10,31,1,-74,-80,10208,110,36,-9999,-9999,-9999
3465,2017,10,31,2,-71,-81,10192,110,26,-9999,-9999,-9999
3466,2017,10,31,3,-68,-76,10186,120,21,-9999,-9999,-9999
3467,2017,10,31,4,-59,-67,10169,120,26,-9999,-9999,-9999
3468,2017,10,31,5,-57,-9999,10159,110,36,-9999,-9999,-9999
3469,2017,10,31,6,-59,-67,10155,100,36,-9999,-9999,0
3470,2017,10,31,7,-55,-75,10149,100,51,-9999,-9999,-9999
3471,2017,10,31,8,-70,-79,10146,100,41,-9999,-9999,-9999
3472,2017,10,31,9,-75,-87,10141,100,46,-9999,-9999,-9999
3473,2017,10,31,10,-78,-89,10140,100,36,-9999,-9999,-9999
3474,2017,10,31,11,-79,-90,10137,100,31,-9999,-9999,-9999
3475,2017,10,31,12,-80,-90,10134,100,31,-9999,-9999,0
3476,2017,10,31,13,-81,-91,10146,70,31,-9999,-9999,-9999
3477,2017,10,31,14,-83,-93,10149,90,31,-9999,-9999,-9999
3478,2017,10,31,15,-85,-97,10153,90,26,-9999,1,-9999
3479,2017,10,31,16,-87,-100,10155,110,31,-9999,1,-9999
3480,2017,10,31,17,-88,-104,10153,100,31,-9999,2,-9999
3481,2017,10,31,18,-86,-104,10154,110,21,-9999,2,6
3482,2017,10,31,19,-86,-95,10155,120,31,-9999,1,-9999
3483,2017,10,31,20,-83,-101,10155,110,26,-9999,2,-9999
3484,2017,10,31,21,-85,-102,10157,110,26,-9999,5,-9999
3485,2017,10,31,22,-86,-103,10158,110,26,-9999,6,-9999
3486,2017,10,31,23,-84,-102,10158,120,26,-9999,4,-9999
3487,2017,11,1,0,-84,-101,10158,120,15,-9999,3,20
3488,2017,11,1,1,-89,-109,10164,120,26,-9999,2,-9999
3489,2017,11,1,2,-88,-106,10168,120,21,-9999,3,-9999
3490,2017,11,1,3,-92,-109,10170,90,26,-9999,4,-9999
3491,2017,11,1,4,-94,-113,10175,100,21,-9999,2,-9999
3492,2017,11,1,5,-98,-114,10181,60,15,-9999,2,-9999
3493,2017,11,1,6,-100,-115,10186,60,10,-9999,2,10
3494,2017,11,1,7,-98,-114,10189,10,10,-9999,2,-9999
3495,2017,11,1,8,-100,-116,10194,50,10,-9999,1,-9999
3496,2017,11,1,9,-99,-114,10200,360,26,-9999,1,-9999
3497,2017,11,1,10,-98,-118,10203,340,31,-9999,-9999,-9999
3498,2017,11,1,11,-101,-121,10207,310,21,-9999,-9999,-9999
3499,2017,11,1,12,-100,-118,10209,300,10,-9999,-9999,3
3500,2017,11,1,13,-100,-116,10213,360,0,-9999,1,-9999
3501,2017,11,1,14,-96,-110,10214,230,5,-9999,2,-9999
3502,2017,11,3,6,-71,-89,10229,211,53,-9999,-9999,-9999
3503,2017,11,3,9,-60,-84,10192,194,61,-9999,-9999,-9999
3504,2017,11,3,12,-74,-104,10162,209,50,-9999,-9999,-9999
3505,2017,11,3,15,-72,-99,10139,224,20,-9999,-9999,-9999
3506,2017,11,3,18,-51,-71,10133,230,10,-9999,-9999,0
3507,2017,11,3,19,-34,-56,10132,280,26,-9999,-9999,-9999
3508,2017,11,3,20,-25,-47,-9999,270,26,-9999,-9999,-9999
3509,2017,11,3,21,-20,-42,10132,270,26,-9999,-9999,-9999
3510,2017,11,3,22,-14,-39,10133,290,26,-9999,-9999,-9999
3511,2017,11,3,23,-12,-36,10133,300,41,-9999,-9999,-9999
3512,2017,11,4,0,-15,-37,10135,280,31,-9999,-9999,0
3513,2017,11,4,1,-18,-35,10140,270,26,-9999,-9999,-9999
3514,2017,11,4,2,-15,-34,10139,290,36,-9999,-9999,-9999
3515,2017,11,4,3,-15,-36,10141,300,41,-9999,-9999,-9999
3516,2017,11,4,4,-19,-38,10145,300,26,-9999,-9999,-9999
3517,2017,11,4,5,-20,-34,10146,300,36,-9999,-9999,-9999
3518,2017,11,4,6,-19,-39,10150,300,31,-9999,-9999,0
3519,2017,11,4,7,-21,-42,10151,280,26,-9999,-9999,-9999
3520,2017,11,4,8,-27,-43,10152,280,26,-9999,-9999,-9999
3521,2017,11,4,9,-26,-43,10153,270,26,-9999,-9999,-9999
3522,2017,11,4,10,-21,-41,10154,280,41,-9999,-9999,-9999
3523,2017,11,4,11,-21,-43,10155,270,31,-9999,-9999,-9999
3524,2017,11,4,12,-23,-45,10152,290,36,-9999,-9999,0
3525,2017,11,4,13,-23,-47,10151,290,46,-9999,-9999,-9999
3526,2017,11,4,14,-27,-52,10149,270,36,-9999,-9999,-9999
3527,2017,11,4,15,-30,-54,10148,280,41,-9999,-9999,-9999
3528,2017,11,4,16,-29,-57,10146,290,46,-9999,-9999,-9999
3529,2017,11,4,17,-24,-57,10142,280,31,-9999,-9999,-9999
3530,2017,11,5,21,-92,-135,10205,240,10,-9999,-9999,-9999
3531,2017,11,6,0,-92,-125,10191,257,22,-9999,-9999,-9999
3532,2017,11,6,3,-107,-126,10169,228,20,-9999,-9999,-9999
3533,2017,11,6,6,-93,-124,10144,203,54,-9999,-9999,-9999
3534,2017,11,6,9,-87,-111,10118,180,41,-9999,-9999,-9999
3535,2017,11,6,12,-90,-115,10097,210,36,-9999,-9999,0
3536,2017,11,6,13,-94,-113,10093,240,26,-9999,2,-9999
3537,2017,11,6,14,-94,-111,10090,240,15,-9999,2,-9999
3538,2017,11,6,15,-94,-114,-9999,300,21,-9999,1,-9999
3539,2017,11,6,16,-87,-106,10094,290,26,-9999,-9999,-9999
3540,2017,11,6,17,-77,-99,-9999,300,41,-9999,-9999,-9999
3541,2017,11,6,18,-62,-100,-9999,310,67,-9999,-9999,-9999
3542,2017,11,6,19,-74,-107,10125,320,98,-9999,1,-9999
3543,2017,11,6,20,-80,-123,10143,330,113,-9999,-9999,-9999
3544,2017,11,6,21,-91,-134,10164,350,98,-9999,-9999,-9999
3545,2017,11,6,22,-97,-138,10183,350,93,-9999,-9999,-9999
3546,2017,11,6,23,-104,-149,10194,340,72,-9999,-9999,-9999
3547,2017,11,7,0,-109,-155,10204,330,46,-9999,-9999,2
3548,2017,11,7,1,-113,-148,10212,340,41,-9999,-9999,-9999
3549,2017,11,7,2,-116,-144,10221,350,51,-9999,-9999,-9999
3550,2017,11,7,3,-124,-150,10228,350,57,-9999,1,-9999
3551,2017,11,7,4,-131,-166,10237,350,46,-9999,1,-9999
3552,2017,11,7,5,-137,-162,10244,350,46,-9999,-9999,-9999
3553,2017,11,7,6,-142,-173,10255,350,62,-9999,-9999,-9999
3554,2017,11,7,7,-152,-191,10272,10,57,-9999,1,-9999
3555,2017,11,7,8,-161,-208,10283,350,67,-9999,-9999,-9999
3556,2017,11,7,9,-169,-212,10294,350,46,-9999,-9999,-9999
3557,2017,11,7,10,-173,-212,10301,320,26,-9999,-9999,-9999
3558,2017,11,7,11,-168,-201,10308,310,21,-9999,-9999,-9999
3559,2017,11,7,12,-169,-198,10309,320,21,-9999,-9999,-9999
3560,2017,11,7,13,-179,-204,10316,290,21,-9999,-9999,-9999
3561,2017,11,7,14,-186,-210,10315,260,15,-9999,-9999,-9999
3562,2017,11,7,15,-195,-216,10317,310,5,-9999,-9999,-9999
3563,2017,11,7,18,-149,-180,10308,230,21,-9999,-9999,0
3564,2017,11,7,19,-148,-180,10305,240,31,-9999,-9999,-9999
3565,2017,11,7,20,-143,-181,10300,250,21,-9999,-9999,-9999
3566,2017,11,7,21,-131,-178,10292,240,21,-9999,-9999,-9999
3567,2017,11,7,22,-143,-186,10288,260,41,-9999,-9999,-9999
3568,2017,11,7,23,-149,-186,10284,250,31,-9999,-9999,-9999
3569,2017,11,8,0,-159,-194,10279,250,36,-9999,-9999,0
3570,2017,11,8,1,-170,-202,10278,270,36,-9999,-9999,-9999
3571,2017,11,8,2,-175,-207,10272,280,31,-9999,-9999,-9999
3572,2017,11,8,3,-175,-204,10265,260,10,-9999,-9999,-9999
3573,2017,11,8,4,-177,-195,10258,180,15,-9999,-9999,-9999
3574,2017,11,8,5,-181,-204,10254,80,5,-9999,-9999,-9999
3575,2017,11,8,6,-164,-195,10249,260,26,-9999,-9999,0
3576,2017,11,8,7,-169,-198,10245,260,21,-9999,-9999,-9999
3577,2017,11,8,8,-168,-198,10246,280,15,-9999,-9999,-9999
3578,2017,11,8,9,-171,-198,10241,270,15,-9999,-9999,-9999
3579,2017,11,8,10,-154,-184,10239,290,21,-9999,-9999,-9999
3580,2017,11,8,11,-146,-177,10238,320,5,-9999,-9999,-9999
3581,2017,11,8,12,-139,-170,10241,250,10,-9999,-9999,0
3582,2017,11,8,13,-131,-162,10237,290,10,-9999,-9999,-9999
3583,2017,11,8,14,-129,-158,10239,40,10,-9999,-9999,-9999
3584,2017,11,8,15,-129,-158,10238,360,0,-9999,-9999,-9999
3585,2017,11,8,16,-122,-156,10241,280,26,-9999,-9999,-9999
3586,2017,11,8,17,-122,-156,10246,260,15,-9999,-9999,-9999
3587,2017,11,8,18,-120,-157,10241,260,10,-9999,-9999,0
3588,2017,11,8,19,-116,-157,10242,210,26,-9999,-9999,-9999
3589,2017,11,8,20,-114,-153,10235,200,21,-9999,-9999,-9999
3590,2017,11,8,21,-111,-153,10234,200,26,-9999,-9999,-9999
3591,2017,11,8,22,-114,-160,10227,200,41,-9999,-9999,-9999
3592,2017,11,8,23,-117,-158,10223,200,46,-9999,-9999,-9999
3593,2017,11,9,0,-118,-159,10212,180,46,-9999,-9999,0
3594,2017,11,9,1,-120,-163,10201,180,62,-9999,-9999,-9999
3595,2017,11,9,2,-124,-164,10194,180,51,-9999,-9999,-9999
3596,2017,11,9,3,-126,-161,10185,170,36,-9999,-9999,-9999
3597,2017,11,9,4,-135,-167,10170,160,31,-9999,-9999,-9999
3598,2017,11,9,5,-136,-168,10166,160,36,-9999,-9999,-9999
3599,2017,11,9,6,-139,-171,10154,170,46,-9999,-9999,0
3600,2017,11,9,7,-137,-167,10139,160,41,-9999,-9999,-9999
3601,2017,11,9,8,-132,-162,10132,170,36,-9999,-9999,-9999
3602,2017,11,9,9,-133,-162,10127,180,51,-9999,-9999,-9999
3603,2017,11,9,10,-129,-155,10117,180,41,-9999,-9999,-9999
3604,2017,11,9,11,-123,-153,10107,180,57,-9999,-9999,-9999
3605,2017,11,9,12,-127,-155,10099,180,41,-9999,-9999,0
3606,2017,11,9,13,-124,-148,10092,190,36,-9999,-9999,-9999
3607,2017,11,9,14,-127,-150,10084,210,36,-9999,-9999,-9999
3608,2017,11,9,15,-129,-159,10080,220,21,-9999,-9999,-9999
3609,2017,11,9,16,-137,-164,10078,230,15,-9999,-9999,-9999
3610,2017,11,9,17,-130,-162,10077,360,0,-9999,-9999,-9999
3611,2017,11,9,18,-114,-146,10073,220,15,-9999,-9999,0
3612,2017,11,9,19,-101,-137,10071,240,10,-9999,-9999,-9999
3613,2017,11,9,20,-90,-126,10068,230,10,-9999,-9999,-9999
3614,2017,11,9,21,-81,-115,10065,220,10,-9999,-9999,-9999
3615,2017,11,9,22,-66,-96,10063,260,21,-9999,-9999,-9999
3616,2017,11,9,23,-73,-102,10061,240,15,-9999,-9999,-9999
3617,2017,11,10,0,-78,-103,10064,270,10,-9999,-9999,0
3618,2017,11,10,1,-83,-109,10062,270,31,-9999,-9999,-9999
3619,2017,11,10,2,-67,-101,10059,270,36,-9999,-9999,-9999
3620,2017,11,10,3,-62,-102,10055,270,46,-9999,-9999,-9999
3621,2017,11,10,4,-69,-107,10056,270,41,-9999,-9999,-9999
3622,2017,11,10,5,-71,-108,10059,250,21,-9999,-9999,-9999
3623,2017,11,10,6,-75,-110,10058,250,21,-9999,-9999,0
3624,2017,11,10,7,-75,-112,10060,280,41,-9999,-9999,-9999
3625,2017,11,10,8,-77,-113,10061,270,36,-9999,-9999,-9999
3626,2017,11,10,9,-82,-115,10066,230,36,-9999,-9999,-9999
3627,2017,11,10,10,-85,-124,10067,230,41,-9999,-9999,-9999
3628,2017,11,10,11,-102,-131,10066,260,36,-9999,-9999,-9999
3629,2017,11,10,12,-88,-123,10064,270,36,-9999,-9999,0
3630,2017,11,10,13,-101,-134,10066,270,26,-9999,-9999,-9999
3631,2017,11,10,14,-109,-140,10067,270,26,-9999,-9999,-9999
3632,2017,11,10,15,-112,-141,10070,230,15,-9999,-9999,-9999
3633,2017,11,10,16,-112,-140,10073,150,15,-9999,-9999,-9999
3634,2017,11,10,17,-112,-148,10075,200,21,-9999,-9999,-9999
3635,2017,11,10,18,-100,-138,10079,190,5,-9999,-9999,0
3636,2017,11,10,19,-98,-132,10080,140,5,-9999,-9999,-9999
3637,2017,11,10,20,-82,-120,10084,190,10,-9999,-9999,-9999
3638,2017,11,10,21,-88,-121,10084,170,10,-9999,-9999,-9999
3639,2017,11,10,22,-75,-108,10092,200,21,-9999,-9999,-9999
3640,2017,11,10,23,-96,-112,10090,120,10,-9999,-9999,-9999
3641,2017,11,11,0,-105,-115,10094,120,5,-9999,-9999,0
3642,2017,11,11,1,-100,-117,10095,80,15,-9999,-9999,-9999
3643,2017,11,11,2,-100,-114,10097,140,5,-9999,-9999,-9999
3644,2017,11,11,3,-112,-126,10101,40,10,-9999,-9999,-9999
3645,2017,11,11,4,-107,-127,10105,60,15,-9999,-9999,-9999
3646,2017,11,11,5,-105,-134,10109,30,15,-9999,-9999,-9999
3647,2017,11,11,6,-105,-126,10114,70,10,-9999,-9999,0
3648,2017,11,11,7,-104,-122,10118,30,15,-9999,-9999,-9999
3649,2017,11,11,8,-103,-119,10124,340,21,-9999,-9999,-9999
3650,2017,11,11,9,-104,-119,10128,40,10,-9999,-9999,-9999
3651,2017,11,11,10,-96,-110,10135,20,21,-9999,-9999,-9999
3652,2017,11,11,11,-87,-102,10142,30,15,-9999,-9999,-9999
3653,2017,11,11,12,-80,-98,10150,40,21,-9999,-9999,0
3654,2017,11,11,13,-82,-98,10158,20,15,-9999,-9999,-9999
3655,2017,11,11,14,-78,-94,10164,30,10,-9999,1,-9999
3656,2017,11,11,15,-78,-92,10174,320,21,-9999,-9999,-9999
3657,2017,11,11,16,-76,-92,10181,330,21,-9999,-9999,-9999
3658,2017,11,11,17,-74,-91,10189,330,21,-9999,-9999,-9999
3659,2017,11,11,18,-70,-86,10196,310,21,-9999,-9999,-9999
3660,2017,11,11,19,-77,-103,10206,320,62,-9999,1,-9999
3661,2017,11,11,20,-84,-115,10217,330,51,-9999,-9999,-9999
3662,2017,11,11,21,-84,-119,10225,330,51,-9999,-9999,-9999
3663,2017,11,11,22,-88,-124,10234,330,46,-9999,-9999,-9999
3664,2017,11,11,23,-92,-123,10241,340,46,-9999,-9999,-9999
3665,2017,11,12,0,-96,-125,10248,350,46,-9999,-9999,-9999
3666,2017,11,12,1,-101,-131,10255,340,41,-9999,-9999,-9999
3667,2017,11,12,2,-106,-136,10262,350,51,-9999,-9999,-9999
3668,2017,11,12,3,-110,-144,10269,320,41,-9999,-9999,-9999
3669,2017,11,12,4,-112,-147,10271,330,36,-9999,-9999,-9999
3670,2017,11,12,5,-117,-151,10274,320,46,-9999,-9999,-9999
3671,2017,11,12,6,-123,-157,10279,330,46,-9999,-9999,0
3672,2017,11,12,7,-115,-159,10282,330,51,-9999,-9999,-9999
3673,2017,11,12,8,-124,-158,10287,340,31,-9999,-9999,-9999
3674,2017,11,12,9,-124,-157,10288,330,36,-9999,-9999,-9999
3675,2017,11,12,12,-129,-161,10281,350,36,-9999,-9999,0
3676,2017,11,12,13,-132,-164,10279,360,26,-9999,-9999,-9999
3677,2017,11,12,14,-132,-163,10274,10,21,-9999,-9999,-9999
3678,2017,11,12,15,-133,-165,10270,30,5,-9999,-9999,-9999
3679,2017,11,12,16,-134,-155,10266,310,10,-9999,-9999,-9999
3680,2017,11,12,17,-137,-155,10259,140,10,-9999,-9999,-9999
3681,2017,11,12,18,-140,-168,10250,80,26,-9999,-9999,-9999
3682,2017,11,12,19,-140,-169,10245,90,31,-9999,-9999,-9999
3683,2017,11,12,20,-136,-166,10235,100,31,-9999,-9999,-9999
3684,2017,11,12,21,-135,-163,10226,120,31,-9999,-9999,-9999
3685,2017,11,12,22,-135,-155,10217,130,31,-9999,-9999,-9999
3686,2017,11,12,23,-136,-163,10209,130,26,-9999,-9999,-9999
3687,2017,11,13,0,-138,-165,10205,130,26,-9999,1,0
3688,2017,11,13,1,-142,-169,10201,130,26,-9999,1,-9999
3689,2017,11,13,2,-144,-172,10195,120,21,-9999,2,-9999
3690,2017,11,13,3,-147,-173,10189,120,36,-9999,1,-9999
3691,2017,11,13,4,-148,-177,10188,120,21,-9999,1,-9999
3692,2017,11,13,5,-152,-180,10184,120,31,-9999,1,-9999
3693,2017,11,13,6,-154,-181,10183,110,21,-9999,1,6
3694,2017,11,13,7,-168,-192,10182,80,26,-9999,-9999,-9999
3695,2017,11,13,8,-175,-199,10183,80,26,-9999,-9999,-9999
3696,2017,11,13,9,-170,-195,10182,70,15,-9999,-9999,-9999
3697,2017,11,13,10,-171,-196,10182,60,10,-9999,-9999,-9999
3698,2017,11,13,11,-170,-194,10183,80,15,-9999,-9999,-9999
3699,2017,11,14,0,-174,-200,10235,99,17,-9999,-9999,-9999
3700,2017,11,14,3,-191,-218,10255,86,29,-9999,-9999,-9999
3701,2017,11,14,6,-191,-216,10271,96,11,-9999,-9999,-9999
3702,2017,11,14,9,-188,-214,10284,72,12,-9999,-9999,-9999
3703,2017,11,14,12,-195,-222,10295,100,21,-9999,-9999,0
3704,2017,11,14,15,-196,-223,10309,360,0,-9999,-9999,-9999
3705,2017,11,14,16,-202,-228,10316,80,5,-9999,1,-9999
3706,2017,11,14,17,-201,-215,10320,80,10,-9999,-9999,-9999
3707,2017,11,14,18,-185,-217,10322,100,5,-9999,-9999,2
3708,2017,11,14,19,-175,-217,10325,50,5,-9999,-9999,-9999
3709,2017,11,14,20,-180,-216,10328,80,5,-9999,-9999,-9999
3710,2017,11,14,21,-181,-213,10331,60,5,-9999,-9999,-9999
3711,2017,11,14,22,-182,-214,10333,60,5,-9999,-9999,-9999
3712,2017,11,14,23,-185,-216,10337,100,5,-9999,-9999,-9999
3713,2017,11,15,0,-211,-230,10340,30,5,-9999,-9999,0
3714,2017,11,15,1,-216,-235,10344,360,10,-9999,-9999,-9999
3715,2017,11,15,2,-234,-259,10346,350,15,-9999,-9999,-9999
3716,2017,11,15,3,-213,-233,10349,350,26,-9999,-9999,-9999
3717,2017,11,15,4,-219,-242,10354,340,21,-9999,-9999,-9999
3718,2017,11,15,5,-229,-255,10356,320,10,-9999,-9999,-9999
3719,2017,11,15,6,-237,-263,10356,350,15,-9999,-9999,0
3720,2017,11,15,7,-236,-260,10355,10,15,-9999,-9999,-9999
3721,2017,11,15,8,-239,-262,10353,360,15,-9999,-9999,-9999
3722,2017,11,15,9,-249,-275,10354,320,10,-9999,-9999,-9999
3723,2017,11,15,10,-219,-243,10351,360,0,-9999,-9999,-9999
3724,2017,11,15,11,-207,-230,10347,60,5,-9999,-9999,-9999
3725,2017,11,15,12,-202,-226,10341,190,5,-9999,-9999,0
3726,2017,11,15,13,-193,-216,10338,360,0,-9999,-9999,-9999
3727,2017,11,15,14,-178,-198,10333,200,15,-9999,-9999,-9999
3728,2017,11,15,15,-168,-186,10326,180,15,-9999,-9999,-9999
3729,2017,11,15,16,-164,-182,10321,130,5,-9999,-9999,-9999
3730,2017,11,15,17,-167,-175,10315,130,10,-9999,-9999,-9999
3731,2017,11,15,18,-169,-189,10309,150,5,-9999,-9999,0
3732,2017,11,15,19,-173,-193,10304,180,10,-9999,1,-9999
3733,2017,11,15,20,-175,-196,10297,170,10,-9999,-9999,-9999
3734,2017,11,15,21,-176,-197,10286,170,10,-9999,-9999,-9999
3735,2017,11,15,22,-177,-197,10277,150,10,-9999,-9999,-9999
3736,2017,11,15,23,-177,-198,10267,100,10,-9999,-9999,-9999
3737,2017,11,16,0,-180,-201,10261,110,10,-9999,-9999,-9999
3738,2017,11,16,1,-186,-207,10251,110,15,-9999,-9999,-9999
3739,2017,11,16,2,-191,-213,10239,70,15,-9999,-9999,-9999
3740,2017,11,16,3,-189,-211,10232,90,10,-9999,-9999,-9999
3741,2017,11,16,4,-191,-214,10223,90,10,-9999,-9999,-9999
3742,2017,11,16,5,-185,-218,10213,70,10,-9999,-9999,-9999
3743,2017,11,16,6,-197,-220,10206,80,10,-9999,1,0
3744,2017,11,16,7,-211,-235,10200,60,10,-9999,-9999,-9999
3745,2017,11,16,8,-210,-234,10192,30,10,-9999,-9999,-9999
3746,2017,11,16,9,-213,-238,10185,60,10,-9999,-9999,-9999
3747,2017,11,16,10,-204,-228,10176,20,5,-9999,-9999,-9999
3748,2017,11,16,11,-203,-227,10167,10,10,-9999,2,-9999
3749,2017,11,16,12,-211,-236,10164,10,15,-9999,-9999,2
3750,2017,11,16,13,-219,-243,10155,20,10,-9999,-9999,-9999
3751,2017,11,16,14,-219,-244,10148,350,15,-9999,-9999,-9999
3752,2017,11,16,15,-215,-240,10142,360,21,-9999,-9999,-9999
3753,2017,11,16,16,-218,-243,10139,360,15,-9999,1,-9999
3754,2017,11,16,17,-220,-246,10136,350,15,-9999,-9999,-9999
3755,2017,11,16,18,-219,-244,10132,350,21,-9999,-9999,-9999
3756,2017,11,16,19,-209,-235,10128,10,21,-9999,-9999,-9999
3757,2017,11,16,20,-208,-235,10123,360,26,-9999,-9999,-9999
3758,2017,11,16,21,-205,-233,10120,10,21,-9999,-9999,-9999
3759,2017,11,16,22,-211,-238,10117,340,21,-9999,-9999,-9999
3760,2017,11,16,23,-218,-243,10115,350,26,-9999,-9999,-9999
3761,2017,11,17,0,-225,-251,10113,360,31,-9999,-9999,0
3762,2017,11,17,1,-227,-254,10112,360,21,-9999,-9999,-9999
3763,2017,11,17,2,-231,-257,10109,350,26,-9999,-9999,-9999
3764,2017,11,17,3,-238,-265,10106,340,21,-9999,-9999,-9999
3765,2017,11,17,4,-243,-270,10103,360,21,-9999,-9999,-9999
3766,2017,11,17,5,-248,-276,10102,360,26,-9999,-9999,-9999
3767,2017,11,17,6,-249,-277,10101,360,21,-9999,-9999,0
3768,2017,11,17,7,-253,-281,10101,360,26,-9999,-9999,-9999
3769,2017,11,17,8,-256,-284,10097,360,15,-9999,-9999,-9999
3770,2017,11,17,9,-261,-290,10101,360,15,-9999,-9999,-9999
3771,2017,11,17,10,-266,-296,10102,350,15,-9999,-9999,-9999
3772,2017,11,17,11,-271,-301,10107,340,21,-9999,-9999,-9999
3773,2017,11,17,12,-269,-298,10104,360,21,-9999,-9999,0
3774,2017,11,17,13,-274,-303,10105,10,15,-9999,-9999,-9999
3775,2017,11,17,14,-274,-304,10109,350,15,-9999,-9999,-9999
3776,2017,11,17,15,-277,-307,10114,350,15,-9999,-9999,-9999
3777,2017,11,17,16,-280,-310,10120,350,15,-9999,-9999,-9999
3778,2017,11,17,17,-282,-313,10124,10,10,-9999,-9999,-9999
3779,2017,11,17,18,-277,-308,10128,340,15,-9999,-9999,0
3780,2017,11,17,19,-269,-302,10135,360,15,-9999,-9999,-9999
3781,2017,11,17,20,-262,-294,10140,360,15,-9999,-9999,-9999
3782,2017,11,17,21,-258,-290,10145,350,15,-9999,-9999,-9999
3783,2017,11,17,22,-261,-291,10154,340,15,-9999,-9999,-9999
3784,2017,11,17,23,-266,-295,10160,360,21,-9999,-9999,-9999
3785,2017,11,18,0,-271,-301,10169,350,15,-9999,-9999,0
3786,2017,11,18,1,-271,-301,10173,10,21,-9999,-9999,-9999
3787,2017,11,18,2,-270,-300,10177,360,15,-9999,-9999,-9999
3788,2017,11,18,3,-270,-300,10185,360,15,-9999,-9999,-9999
3789,2017,11,18,4,-270,-300,10190,350,15,-9999,-9999,-9999
3790,2017,11,18,5,-268,-297,10196,350,15,-9999,-9999,-9999
3791,2017,11,18,6,-267,-297,10200,360,15,-9999,-9999,0
3792,2017,11,18,7,-262,-291,10202,360,15,-9999,-9999,-9999
3793,2017,11,18,8,-263,-292,10206,340,10,-9999,-9999,-9999
3794,2017,11,18,9,-259,-288,10212,10,15,-9999,-9999,-9999
3795,2017,11,18,10,-258,-287,10215,350,10,-9999,-9999,-9999
3796,2017,11,18,11,-256,-275,10220,350,15,-9999,-9999,-9999
3797,2017,11,18,12,-254,-283,10224,350,15,-9999,-9999,0
3798,2017,11,18,13,-256,-275,10227,360,15,-9999,-9999,-9999
3799,2017,11,18,14,-255,-284,10229,350,21,-9999,-9999,-9999
3800,2017,11,18,15,-254,-283,10231,340,21,-9999,-9999,-9999
3801,2017,11,18,16,-252,-280,10235,350,21,-9999,-9999,-9999
3802,2017,11,18,17,-253,-282,10239,340,15,-9999,-9999,-9999
3803,2017,11,18,18,-251,-280,10242,360,15,-9999,-9999,0
3804,2017,11,18,19,-249,-278,10244,350,15,-9999,-9999,-9999
3805,2017,11,18,20,-241,-272,10246,340,10,-9999,-9999,-9999
3806,2017,11,18,21,-239,-269,10245,330,10,-9999,-9999,-9999
3807,2017,11,18,22,-239,-267,10248,340,10,-9999,-9999,-9999
3808,2017,11,18,23,-237,-255,10250,330,5,-9999,-9999,-9999
3809,2017,11,19,0,-243,-271,10253,360,10,-9999,-9999,0
3810,2017,11,19,1,-239,-266,10250,360,10,-9999,-9999,-9999
3811,2017,11,19,2,-241,-269,10252,10,10,-9999,-9999,-9999
3812,2017,11,19,3,-235,-262,10249,30,5,-9999,-9999,-9999
3813,2017,11,19,4,-238,-255,10248,360,0,-9999,1,-9999
3814,2017,11,19,5,-233,-260,10246,360,0,-9999,1,-9999
3815,2017,11,19,6,-234,-261,10243,40,5,-9999,1,2
3816,2017,11,19,7,-238,-266,10239,360,0,-9999,1,-9999
3817,2017,11,19,8,-242,-270,10236,80,10,-9999,1,-9999
3818,2017,11,19,9,-239,-266,10233,90,5,-9999,-9999,-9999
3819,2017,11,19,10,-239,-267,10227,90,10,-9999,-9999,-9999
3820,2017,11,19,11,-243,-271,10220,360,0,-9999,-9999,-9999
3821,2017,11,19,12,-238,-264,10212,360,0,-9999,-9999,-9999
3822,2017,11,19,13,-240,-267,10206,360,0,-9999,-9999,-9999
3823,2017,11,19,14,-231,-258,10200,360,0,-9999,-9999,-9999
3824,2017,11,19,15,-223,-249,10190,90,15,-9999,-9999,-9999
3825,2017,11,19,16,-215,-251,10182,80,15,-9999,1,-9999
3826,2017,11,19,17,-226,-253,10176,70,15,-9999,-9999,-9999
3827,2017,11,19,18,-223,-250,10168,80,21,-9999,1,2
3828,2017,11,19,19,-223,-251,10163,90,26,-9999,1,-9999
3829,2017,11,19,20,-225,-254,10158,90,26,-9999,-9999,-9999
3830,2017,11,19,21,-224,-251,10152,80,15,-9999,-9999,-9999
3831,2017,11,19,22,-223,-250,10148,60,21,-9999,1,-9999
3832,2017,11,19,23,-223,-250,10146,60,15,-9999,1,-9999
3833,2017,11,20,0,-221,-247,10145,40,15,-9999,1,3
3834,2017,11,20,1,-218,-244,10145,20,15,-9999,1,-9999
3835,2017,11,20,2,-215,-241,10144,40,15,-9999,1,-9999
3836,2017,11,20,3,-210,-235,10143,20,15,-9999,1,-9999
3837,2017,11,20,4,-204,-228,10145,10,21,-9999,-9999,-9999
3838,2017,11,20,5,-199,-223,10147,350,26,-9999,1,-9999
3839,2017,11,20,6,-205,-230,10152,350,26,-9999,-9999,2
3840,2017,11,20,7,-209,-234,10157,360,26,-9999,-9999,-9999
3841,2017,11,20,8,-210,-236,10163,340,36,-9999,-9999,-9999
3842,2017,11,20,9,-207,-232,10170,350,31,-9999,1,-9999
3843,2017,11,20,10,-207,-233,10178,340,31,-9999,1,-9999
3844,2017,11,20,11,-209,-236,10184,350,36,-9999,1,-9999
3845,2017,11,20,12,-211,-237,10191,350,31,-9999,-9999,2
3846,2017,11,20,13,-207,-233,10197,350,36,-9999,-9999,-9999
3847,2017,11,20,14,-195,-230,10201,350,26,-9999,-9999,-9999
3848,2017,11,20,15,-203,-229,10209,330,31,-9999,-9999,-9999
3849,2017,11,20,16,-202,-228,10219,330,26,-9999,-9999,-9999
3850,2017,11,20,17,-200,-226,10226,340,26,-9999,-9999,-9999
3851,2017,11,20,18,-199,-226,10236,320,21,-9999,-9999,0
3852,2017,11,20,19,-198,-215,10242,320,21,-9999,1,-9999
3853,2017,11,20,20,-196,-224,10248,320,21,-9999,1,-9999
3854,2017,11,20,21,-197,-225,10251,330,21,-9999,1,-9999
3855,2017,11,20,22,-197,-215,10256,330,21,-9999,-9999,-9999
3856,2017,11,20,23,-212,-238,10263,290,10,-9999,-9999,-9999
3857,2017,11,21,0,-231,-255,10269,300,5,-9999,-9999,2
3858,2017,11,21,1,-233,-258,10271,290,10,-9999,-9999,-9999
3859,2017,11,21,2,-252,-280,10274,240,10,-9999,-9999,-9999
3860,2017,11,21,3,-236,-263,10278,230,10,-9999,-9999,-9999
3861,2017,11,21,4,-238,-255,10278,260,10,-9999,-9999,-9999
3862,2017,11,21,5,-246,-275,10281,230,10,-9999,-9999,-9999
3863,2017,11,21,6,-257,-286,10285,210,15,-9999,-9999,0
3864,2017,11,21,7,-255,-294,10286,200,10,-9999,-9999,-9999
3865,2017,11,21,8,-258,-286,10285,190,5,-9999,-9999,-9999
3866,2017,11,21,9,-245,-273,10284,190,5,-9999,-9999,-9999
3867,2017,11,21,10,-237,-255,10281,230,10,-9999,-9999,-9999
3868,2017,11,21,11,-235,-262,10272,190,5,-9999,-9999,-9999
3869,2017,11,21,12,-232,-258,10271,240,10,-9999,-9999,0
3870,2017,11,21,15,-233,-259,10254,230,15,-9999,-9999,-9999
3871,2017,11,21,16,-231,-260,10245,200,10,-9999,-9999,-9999
3872,2017,11,21,17,-229,-258,10239,200,15,-9999,-9999,-9999
3873,2017,11,21,18,-225,-255,10229,360,0,-9999,1,0
3874,2017,11,21,19,-223,-253,10221,230,5,-9999,-9999,-9999
3875,2017,11,21,20,-226,-255,10210,190,21,-9999,1,-9999
3876,2017,11,21,21,-230,-259,10203,190,21,-9999,-9999,-9999
3877,2017,11,21,22,-221,-251,10198,210,10,-9999,-9999,-9999
3878,2017,11,21,23,-223,-252,10188,230,10,-9999,-9999,-9999
3879,2017,11,22,0,-237,-266,10184,210,10,-9999,-9999,-9999
3880,2017,11,22,1,-253,-280,10174,250,15,-9999,-9999,-9999
3881,2017,11,22,2,-267,-294,10167,240,21,-9999,-9999,-9999
3882,2017,11,22,3,-275,-304,10163,220,15,-9999,-9999,-9999
3883,2017,11,22,4,-281,-309,10159,230,10,-9999,-9999,-9999
3884,2017,11,22,5,-299,-331,10158,200,5,-9999,-9999,-9999
3885,2017,11,22,6,-314,-347,10155,200,5,-9999,-9999,0
3886,2017,11,22,21,-299,-337,10178,202,15,-9999,-9999,-9999
3887,2017,11,23,0,-316,-350,10156,98,9,-9999,-9999,-9999
3888,2017,11,23,3,-278,-305,10148,183,33,-9999,-9999,-9999
3889,2017,11,23,6,-295,-327,10119,308,6,-9999,-9999,-9999
3890,2017,11,23,9,-257,-286,10083,50,10,-9999,-9999,-9999
3891,2017,11,23,11,-227,-254,10052,100,5,-9999,-9999,-9999
3892,2017,11,23,12,-227,-253,10044,360,0,-9999,-9999,0
3893,2017,11,23,13,-208,-231,10032,90,15,-9999,-9999,-9999
3894,2017,11,23,14,-200,-223,10023,90,21,-9999,-9999,-9999
3895,2017,11,23,15,-194,-218,10014,90,21,-9999,-9999,-9999
3896,2017,11,23,16,-197,-221,10014,80,15,-9999,-9999,-9999
3897,2017,11,23,17,-190,-214,10007,90,15,-9999,-9999,-9999
3898,2017,11,23,18,-191,-216,10002,80,36,-9999,-9999,0
3899,2017,11,23,19,-188,-214,9998,80,31,-9999,-9999,-9999
3900,2017,11,23,20,-187,-216,9996,80,31,-9999,-9999,-9999
3901,2017,11,23,21,-184,-212,9996,70,26,-9999,-9999,-9999
3902,2017,11,23,22,-183,-210,9997,70,15,-9999,-9999,-9999
3903,2017,11,23,23,-182,-208,9996,80,26,-9999,-9999,-9999
3904,2017,11,24,0,-181,-208,9999,70,21,-9999,-9999,0
3905,2017,11,24,1,-179,-206,10004,40,15,-9999,-9999,-9999
3906,2017,11,24,2,-178,-195,10006,90,15,-9999,-9999,-9999
3907,2017,11,24,3,-177,-205,10008,80,10,-9999,-9999,-9999
3908,2017,11,24,4,-176,-195,10009,100,10,-9999,-9999,-9999
3909,2017,11,24,5,-179,-208,10014,360,0,-9999,-9999,-9999
3910,2017,11,24,6,-179,-206,10020,110,5,-9999,-9999,0
3911,2017,11,24,7,-176,-204,10024,80,15,-9999,-9999,-9999
3912,2017,11,24,8,-174,-204,10029,130,5,-9999,-9999,-9999
3913,2017,11,24,9,-174,-204,10035,110,10,-9999,-9999,-9999
3914,2017,11,24,10,-174,-195,10043,120,10,-9999,-9999,-9999
3915,2017,11,24,11,-174,-204,10043,120,10,-9999,-9999,-9999
3916,2017,11,24,12,-171,-201,10049,180,15,-9999,-9999,0
3917,2017,11,24,13,-170,-200,10055,150,10,-9999,-9999,-9999
3918,2017,11,24,14,-169,-197,10058,160,10,-9999,-9999,-9999
3919,2017,11,24,15,-167,-196,10063,180,15,-9999,-9999,-9999
3920,2017,11,24,16,-169,-196,10067,170,10,-9999,-9999,-9999
3921,2017,11,24,17,-169,-195,10073,190,15,-9999,-9999,-9999
3922,2017,11,24,18,-166,-192,10075,210,21,-9999,-9999,0
3923,2017,11,24,19,-165,-206,10084,220,15,-9999,-9999,-9999
3924,2017,11,24,20,-184,-220,10090,250,10,-9999,-9999,-9999
3925,2017,11,24,21,-190,-218,10095,240,15,-9999,-9999,-9999
3926,2017,11,24,22,-195,-235,10098,260,15,-9999,-9999,-9999
3927,2017,11,24,23,-213,-237,10106,230,10,-9999,-9999,-9999
3928,2017,11,25,0,-211,-239,10110,240,5,-9999,-9999,0
3929,2017,11,25,1,-196,-223,10114,230,10,-9999,-9999,-9999
3930,2017,11,25,2,-193,-221,10116,210,5,-9999,-9999,-9999
3931,2017,11,25,3,-202,-227,10116,360,0,-9999,-9999,-9999
3932,2017,11,25,4,-212,-235,10120,360,0,-9999,-9999,-9999
3933,2017,11,25,5,-218,-241,10125,320,10,-9999,-9999,-9999
3934,2017,11,25,6,-228,-255,10133,350,21,-9999,-9999,0
3935,2017,11,25,7,-244,-271,10140,360,0,-9999,-9999,-9999
3936,2017,11,25,8,-231,-258,10147,360,0,-9999,-9999,-9999
3937,2017,11,25,9,-206,-232,10150,340,26,-9999,-9999,-9999
3938,2017,11,25,10,-208,-235,10155,350,26,-9999,-9999,-9999
3939,2017,11,25,11,-228,-255,10159,350,15,-9999,-9999,-9999
3940,2017,11,25,12,-240,-263,10164,20,10,-9999,-9999,0
3941,2017,11,25,13,-251,-277,10167,360,0,-9999,-9999,-9999
3942,2017,11,25,14,-253,-279,10173,360,0,-9999,-9999,-9999
3943,2017,11,25,15,-223,-248,10174,140,10,-9999,-9999,-9999
3944,2017,11,25,16,-207,-231,10176,140,10,-9999,-9999,-9999
3945,2017,11,25,17,-187,-209,10178,190,15,-9999,-9999,-9999
3946,2017,11,25,18,-175,-198,10180,180,15,-9999,-9999,0
3947,2017,11,25,19,-156,-180,10181,270,31,-9999,-9999,-9999
3948,2017,11,25,20,-156,-183,10184,250,31,-9999,-9999,-9999
3949,2017,11,25,21,-150,-176,10186,270,26,-9999,-9999,-9999
3950,2017,11,25,22,-147,-172,10190,260,26,-9999,-9999,-9999
3951,2017,11,25,23,-148,-174,10192,270,31,-9999,-9999,-9999
3952,2017,11,26,0,-154,-180,10195,260,31,-9999,-9999,0
3953,2017,11,26,1,-160,-187,10195,260,31,-9999,-9999,-9999
3954,2017,11,26,2,-178,-207,10199,260,26,-9999,-9999,-9999
3955,2017,11,26,3,-185,-213,10197,270,31,-9999,-9999,-9999
3956,2017,11,26,4,-177,-195,10195,280,36,-9999,-9999,-9999
3957,2017,11,26,5,-174,-201,10196,270,26,-9999,-9999,-9999
3958,2017,11,26,6,-166,-193,10196,270,31,-9999,-9999,0
3959,2017,11,26,7,-165,-192,10197,260,21,-9999,-9999,-9999
3960,2017,11,26,8,-162,-188,10199,260,15,-9999,-9999,-9999
3961,2017,11,26,12,-155,-185,10190,260,15,-9999,-9999,0
3962,2017,11,26,13,-154,-183,10186,260,15,-9999,-9999,-9999
3963,2017,11,26,14,-154,-184,10181,290,15,-9999,-9999,-9999
3964,2017,11,26,15,-155,-184,10177,240,15,-9999,-9999,-9999
3965,2017,11,26,16,-154,-180,10172,210,15,-9999,-9999,-9999
3966,2017,11,26,18,-153,-177,10166,150,10,-9999,-9999,0
3967,2017,11,26,19,-156,-181,10168,200,26,-9999,-9999,-9999
3968,2017,11,26,20,-157,-181,10156,170,15,-9999,-9999,-9999
3969,2017,11,26,21,-157,-178,10148,150,15,-9999,-9999,-9999
3970,2017,11,26,22,-159,-178,10137,170,15,-9999,-9999,-9999
3971,2017,11,26,23,-163,-183,10137,160,21,-9999,-9999,-9999
3972,2017,11,27,0,-165,-188,10129,180,31,-9999,-9999,0
3973,2017,11,27,1,-170,-189,10123,170,21,-9999,-9999,-9999
3974,2017,11,27,2,-173,-191,10114,100,31,-9999,-9999,-9999
3975,2017,11,27,3,-174,-192,10108,150,15,-9999,-9999,-9999
3976,2017,11,27,4,-177,-196,10102,110,26,-9999,-9999,-9999
3977,2017,11,27,5,-177,-196,10098,130,21,-9999,-9999,-9999
3978,2017,11,27,6,-181,-200,10094,120,21,-9999,-9999,0
3979,2017,11,27,7,-184,-204,10092,120,15,-9999,-9999,-9999
3980,2017,11,27,8,-188,-209,10089,80,31,-9999,-9999,-9999
3981,2017,11,27,9,-189,-211,10088,100,26,-9999,-9999,-9999
3982,2017,11,27,10,-194,-216,10082,100,26,-9999,-9999,-9999
3983,2017,11,27,11,-197,-221,10080,90,15,-9999,-9999,-9999
3984,2017,11,27,12,-201,-224,10072,90,26,-9999,-9999,0
3985,2017,11,27,13,-195,-229,10065,70,21,-9999,-9999,-9999
3986,2017,11,27,14,-210,-235,10066,40,10,-9999,-9999,-9999
3987,2017,11,27,15,-213,-236,10062,30,15,-9999,-9999,-9999
3988,2017,11,27,16,-224,-249,10064,20,10,-9999,-9999,-9999
3989,2017,11,27,17,-224,-250,10067,30,15,-9999,-9999,-9999
3990,2017,11,27,18,-219,-244,10066,20,10,-9999,-9999,0
3991,2017,11,27,19,-210,-235,10063,20,21,-9999,-9999,-9999
3992,2017,11,27,20,-207,-232,10059,30,21,-9999,-9999,-9999
3993,2017,11,27,21,-205,-230,10057,50,10,-9999,-9999,-9999
3994,2017,11,27,22,-204,-229,10061,40,10,-9999,-9999,-9999
3995,2017,11,27,23,-204,-229,10059,50,15,-9999,-9999,-9999
3996,2017,11,28,0,-203,-228,10056,20,15,-9999,-9999,0
3997,2017,11,28,1,-202,-227,10052,20,15,-9999,-9999,-9999
3998,2017,11,28,2,-201,-226,10049,10,15,-9999,-9999,-9999
3999,2017,11,28,3,-200,-225,10047,10,10,-9999,-9999,-9999
4000,2017,11,28,4,-199,-224,10046,360,21,-9999,-9999,-9999
4001,2017,11,28,5,-200,-224,10043,360,21,-9999,-9999,-9999
4002,2017,11,28,6,-200,-225,10045,350,26,-9999,-9999,0
4003,2017,11,28,7,-200,-215,10042,360,21,-9999,1,-9999
4004,2017,11,28,8,-197,-222,10040,340,21,-9999,1,-9999
4005,2017,11,28,9,-196,-221,10040,340,21,-9999,1,-9999
4006,2017,11,28,10,-196,-221,10039,340,26,-9999,2,-9999
4007,2017,11,28,11,-202,-227,10037,330,26,-9999,1,-9999
4008,2017,11,28,12,-207,-233,10036,330,15,-9999,-9999,6
4009,2017,11,28,13,-218,-243,10035,320,10,-9999,-9999,-9999
4010,2017,11,28,14,-229,-254,10035,10,10,-9999,-9999,-9999
4011,2017,11,28,15,-241,-267,10036,360,10,-9999,-9999,-9999
4012,2017,11,28,16,-247,-273,10038,90,5,-9999,-9999,-9999
4013,2017,11,28,17,-251,-278,10039,40,10,-9999,-9999,-9999
4014,2017,11,28,18,-249,-276,10041,10,5,-9999,-9999,0
4015,2017,11,28,19,-226,-253,10041,360,0,-9999,-9999,-9999
4016,2017,11,28,20,-211,-240,10039,360,5,-9999,-9999,-9999
4017,2017,11,28,21,-207,-235,10039,60,5,-9999,-9999,-9999
4018,2017,11,28,22,-203,-229,10040,360,0,-9999,-9999,-9999
4019,2017,11,28,23,-201,-227,10040,270,10,-9999,-9999,-9999
4020,2017,11,29,0,-199,-224,10041,360,0,-9999,-9999,0
4021,2017,11,29,1,-198,-223,10041,360,0,-9999,-9999,-9999
4022,2017,11,29,2,-196,-221,10040,360,0,-9999,-9999,-9999
4023,2017,11,29,3,-195,-220,10044,360,0,-9999,-9999,-9999
4024,2017,11,29,4,-193,-218,10046,360,0,-9999,-9999,-9999
4025,2017,11,29,5,-191,-217,10048,110,5,-9999,-9999,-9999
4026,2017,11,29,6,-192,-217,10050,360,0,-9999,-9999,0
4027,2017,11,29,7,-197,-223,10050,120,5,-9999,-9999,-9999
4028,2017,11,29,8,-200,-222,10049,120,15,-9999,-9999,-9999
4029,2017,11,29,9,-213,-238,10050,150,5,-9999,-9999,-9999
4030,2017,11,29,10,-215,-256,10054,170,5,-9999,-9999,-9999
4031,2017,11,29,11,-222,-248,10057,180,10,-9999,-9999,-9999
4032,2017,11,29,12,-224,-247,10056,140,5,-9999,-9999,0
4033,2017,11,29,13,-238,-264,10060,190,15,-9999,-9999,-9999
4034,2017,11,29,14,-250,-279,10064,130,10,-9999,-9999,-9999
4035,2017,11,29,15,-256,-281,10066,190,10,-9999,-9999,-9999
4036,2017,11,29,16,-276,-307,10065,360,0,-9999,-9999,-9999
4037,2017,11,29,17,-284,-315,10062,160,5,-9999,-9999,-9999
4038,2017,11,29,18,-264,-292,10060,170,5,-9999,-9999,0
4039,2017,11,29,19,-261,-291,10057,190,5,-9999,-9999,-9999
4040,2017,11,29,20,-250,-282,10053,10,10,-9999,-9999,-9999
4041,2017,11,29,21,-251,-286,10055,320,5,-9999,-9999,-9999
4042,2017,11,29,22,-251,-284,10052,360,0,-9999,-9999,-9999
4043,2017,11,29,23,-261,-289,10045,360,0,-9999,-9999,-9999
4044,2017,11,30,0,-270,-301,10040,310,5,-9999,-9999,0
4045,2017,11,30,1,-261,-286,10038,30,5,-9999,-9999,-9999
4046,2017,11,30,2,-261,-288,10037,280,5,-9999,-9999,-9999
4047,2017,11,30,3,-252,-279,10028,10,10,-9999,-9999,-9999
4048,2017,11,30,4,-223,-248,10025,340,5,-9999,-9999,-9999
4049,2017,11,30,5,-210,-231,10023,330,5,-9999,-9999,-9999
4050,2017,11,30,6,-205,-227,10017,360,0,-9999,-9999,0
4051,2017,11,30,7,-196,-217,10012,360,0,-9999,-9999,-9999
4052,2017,11,30,8,-188,-210,10010,250,5,-9999,-9999,-9999
4053,2017,11,30,9,-183,-205,10008,360,0,-9999,-9999,-9999
4054,2017,11,30,10,-178,-199,10008,330,5,-9999,-9999,-9999
4055,2017,11,30,11,-171,-191,10005,360,0,-9999,-9999,-9999
4056,2017,11,30,12,-155,-174,10002,110,15,-9999,-9999,0
4057,2017,11,30,13,-151,-170,10000,100,5,-9999,-9999,-9999
4058,2017,11,30,14,-150,-169,10001,360,0,-9999,-9999,-9999
4059,2017,11,30,15,-148,-166,9999,360,0,-9999,-9999,-9999
4060,2017,11,30,16,-141,-159,9998,130,10,-9999,-9999,-9999
4061,2017,11,30,17,-142,-160,10001,360,0,-9999,-9999,-9999
4062,2017,11,30,18,-140,-158,9999,360,0,-9999,-9999,0
4063,2017,11,30,19,-142,-161,9998,240,5,-9999,-9999,-9999
4064,2017,11,30,20,-141,-159,9998,320,5,-9999,-9999,-9999
4065,2017,11,30,21,-141,-159,9998,360,0,-9999,-9999,-9999
4066,2017,11,30,22,-138,-155,10002,170,5,-9999,-9999,-9999
4067,2017,11,30,23,-138,-155,10002,190,15,-9999,-9999,-9999
4068,2017,12,1,0,-140,-158,10000,190,15,-9999,-9999,0
4069,2017,12,1,1,-143,-161,9999,200,15,-9999,-9999,-9999
4070,2017,12,1,2,-146,-164,9996,200,15,-9999,-9999,-9999
4071,2017,12,1,3,-148,-166,10002,210,5,-9999,-9999,-9999
4072,2017,12,1,4,-150,-169,10002,220,5,-9999,-9999,-9999
4073,2017,12,1,5,-156,-175,10005,230,15,-9999,-9999,-9999
4074,2017,12,1,6,-169,-190,10007,240,15,-9999,-9999,0
4075,2017,12,1,7,-181,-203,10007,230,15,-9999,-9999,-9999
4076,2017,12,1,8,-182,-195,10011,210,15,-9999,-9999,-9999
4077,2017,12,1,9,-179,-200,10017,240,15,-9999,-9999,-9999
4078,2017,12,1,10,-183,-195,10021,270,10,-9999,-9999,-9999
4079,2017,12,1,11,-185,-208,10024,280,10,-9999,-9999,-9999
4080,2017,12,1,12,-176,-198,10027,330,21,-9999,-9999,0
4081,2017,12,1,13,-175,-197,10030,340,31,-9999,-9999,-9999
4082,2017,12,1,14,-175,-197,10035,330,26,-9999,-9999,-9999
4083,2017,12,1,15,-179,-201,10041,350,26,-9999,-9999,-9999
4084,2017,12,1,16,-188,-211,10047,360,26,-9999,-9999,-9999
4085,2017,12,1,17,-203,-227,10054,20,15,-9999,-9999,-9999
4086,2017,12,1,18,-195,-218,10056,350,26,-9999,-9999,0
4087,2017,12,1,19,-199,-223,10062,350,21,-9999,-9999,-9999
4088,2017,12,1,20,-211,-238,10067,240,5,-9999,-9999,-9999
4089,2017,12,1,21,-202,-225,10076,310,10,-9999,-9999,-9999
4090,2017,12,1,22,-202,-226,10079,230,5,-9999,-9999,-9999
4091,2017,12,1,23,-223,-248,10083,240,10,-9999,-9999,-9999
4092,2017,12,2,0,-244,-272,10089,340,5,-9999,-9999,0
4093,2017,12,2,1,-262,-290,10094,360,0,-9999,-9999,-9999
4094,2017,12,2,2,-259,-287,10096,360,0,-9999,-9999,-9999
4095,2017,12,2,3,-265,-293,10097,360,0,-9999,-9999,-9999
4096,2017,12,2,4,-274,-304,10102,160,5,-9999,-9999,-9999
4097,2017,12,2,5,-281,-311,10105,130,5,-9999,-9999,-9999
4098,2017,12,2,6,-287,-318,10108,360,0,-9999,-9999,0
4099,2017,12,2,7,-287,-317,10110,360,0,-9999,-9999,-9999
4100,2017,12,2,8,-289,-320,10110,110,10,-9999,-9999,-9999
4101,2017,12,2,9,-264,-293,10112,110,5,-9999,-9999,-9999
4102,2017,12,2,10,-270,-299,10119,360,0,-9999,-9999,-9999
4103,2017,12,2,11,-278,-308,10116,110,10,-9999,-9999,-9999
4104,2017,12,2,12,-282,-312,10120,260,10,-9999,-9999,0
4105,2017,12,2,13,-268,-297,10120,140,5,-9999,-9999,-9999
4106,2017,12,2,14,-247,-275,10119,180,5,-9999,-9999,-9999
4107,2017,12,2,15,-235,-262,10120,130,5,-9999,-9999,-9999
4108,2017,12,2,16,-246,-274,10122,160,5,-9999,-9999,-9999
4109,2017,12,2,17,-257,-286,10120,140,5,-9999,-9999,-9999
4110,2017,12,2,18,-258,-287,10124,160,5,-9999,-9999,0
4111,2017,12,2,19,-251,-280,10123,150,5,-9999,-9999,-9999
4112,2017,12,2,20,-244,-272,10123,180,10,-9999,-9999,-9999
4113,2017,12,2,21,-248,-277,10122,110,10,-9999,-9999,-9999
4114,2017,12,2,22,-250,-278,10127,110,5,-9999,-9999,-9999
4115,2017,12,2,23,-243,-270,10126,160,10,-9999,-9999,-9999
4116,2017,12,3,0,-234,-261,10125,70,5,-9999,-9999,0
4117,2017,12,3,1,-241,-268,10126,360,0,-9999,-9999,-9999
4118,2017,12,3,2,-255,-284,10126,20,10,-9999,-9999,-9999
4119,2017,12,3,3,-258,-287,10129,360,0,-9999,-9999,-9999
4120,2017,12,3,4,-264,-294,10132,360,0,-9999,-9999,-9999
4121,2017,12,3,5,-260,-289,10135,360,0,-9999,-9999,-9999
4122,2017,12,3,6,-276,-306,10139,10,10,-9999,-9999,0
4123,2017,12,3,7,-258,-286,10139,10,10,-9999,-9999,-9999
4124,2017,12,3,8,-276,-307,10140,360,0,-9999,-9999,-9999
4125,2017,12,3,9,-294,-326,10142,20,5,-9999,-9999,-9999
4126,2017,12,3,10,-299,-330,10144,360,0,-9999,-9999,-9999
4127,2017,12,3,11,-284,-315,10145,360,0,-9999,-9999,-9999
4128,2017,12,3,12,-271,-300,10147,10,10,-9999,-9999,0
4129,2017,12,3,13,-258,-287,10150,20,10,-9999,-9999,-9999
4130,2017,12,3,14,-258,-287,10154,50,5,-9999,-9999,-9999
4131,2017,12,3,15,-249,-277,10158,360,0,-9999,-9999,-9999
4132,2017,12,3,16,-236,-263,10164,30,15,-9999,-9999,-9999
4133,2017,12,3,17,-229,-255,10165,10,15,-9999,-9999,-9999
4134,2017,12,3,18,-226,-252,10171,340,21,-9999,-9999,0
4135,2017,12,3,19,-225,-252,10175,350,26,-9999,-9999,-9999
4136,2017,12,3,20,-223,-249,10179,360,10,-9999,-9999,-9999
4137,2017,12,3,21,-220,-246,10185,340,21,-9999,-9999,-9999
4138,2017,12,3,22,-215,-241,10188,350,21,-9999,-9999,-9999
4139,2017,12,3,23,-211,-237,10197,360,15,-9999,-9999,-9999
4140,2017,12,4,0,-206,-230,10199,360,21,-9999,-9999,0
4141,2017,12,4,1,-204,-229,10201,10,26,-9999,-9999,-9999
4142,2017,12,4,2,-203,-227,10203,10,21,-9999,-9999,-9999
4143,2017,12,4,3,-205,-229,10206,350,31,-9999,-9999,-9999
4144,2017,12,4,4,-204,-229,10211,360,21,-9999,-9999,-9999
4145,2017,12,4,5,-204,-229,10209,10,15,-9999,-9999,-9999
4146,2017,12,4,6,-203,-228,10214,350,15,-9999,-9999,0
4147,2017,12,4,7,-203,-227,10219,350,15,-9999,-9999,-9999
4148,2017,12,4,8,-203,-227,10215,30,10,-9999,-9999,-9999
4149,2017,12,4,9,-205,-230,10212,70,5,-9999,-9999,-9999
4150,2017,12,4,10,-207,-232,10215,360,0,-9999,-9999,-9999
4151,2017,12,4,11,-207,-232,10210,100,5,-9999,-9999,-9999
4152,2017,12,4,12,-204,-229,10211,360,0,-9999,-9999,-9999
4153,2017,12,4,13,-197,-220,10207,120,5,-9999,-9999,-9999
4154,2017,12,4,14,-192,-216,10197,110,10,-9999,-9999,-9999
4155,2017,12,4,15,-191,-214,10193,110,15,-9999,-9999,-9999
4156,2017,12,4,16,-186,-209,10185,110,26,-9999,-9999,-9999
4157,2017,12,4,17,-182,-195,10183,140,15,-9999,-9999,-9999
4158,2017,12,4,18,-184,-207,10176,160,26,-9999,-9999,0
4159,2017,12,4,19,-187,-210,10167,130,31,-9999,-9999,-9999
4160,2017,12,4,20,-183,-206,10156,120,26,-9999,-9999,-9999
4161,2017,12,4,21,-180,-202,10146,130,26,-9999,-9999,-9999
4162,2017,12,4,22,-177,-199,10145,130,26,-9999,-9999,-9999
4163,2017,12,4,23,-177,-199,10131,110,41,-9999,-9999,-9999
4164,2017,12,5,0,-173,-194,10118,110,31,-9999,-9999,0
4165,2017,12,5,1,-170,-192,10110,120,26,-9999,-9999,-9999
4166,2017,12,5,2,-155,-186,10103,140,26,-9999,-9999,-9999
4167,2017,12,5,3,-163,-185,10101,130,21,-9999,1,-9999
4168,2017,12,5,4,-164,-186,10100,120,31,-9999,3,-9999
4169,2017,12,5,5,-163,-186,10103,130,21,-9999,3,-9999
4170,2017,12,5,6,-163,-186,10106,130,21,-9999,1,8
4171,2017,12,5,7,-164,-189,10114,120,15,-9999,-9999,-9999
4172,2017,12,5,8,-176,-202,10126,130,10,-9999,-9999,-9999
4173,2017,12,5,9,-180,-203,10135,140,10,-9999,-9999,-9999
4174,2017,12,5,10,-198,-226,10142,150,10,-9999,-9999,-9999
4175,2017,12,5,11,-182,-199,10155,90,15,-9999,-9999,-9999
4176,2017,12,5,12,-169,-192,10164,110,10,-9999,-9999,0
4177,2017,12,5,13,-161,-186,10175,360,0,-9999,-9999,-9999
4178,2017,12,5,14,-162,-188,10178,170,21,-9999,-9999,-9999
4179,2017,12,5,15,-161,-186,10189,190,31,-9999,-9999,-9999
4180,2017,12,5,16,-159,-183,10197,190,31,-9999,-9999,-9999
4181,2017,12,5,17,-158,-182,10204,170,26,-9999,1,-9999
4182,2017,12,5,18,-162,-185,10206,180,31,-9999,-9999,-9999
4183,2017,12,5,19,-154,-178,10214,190,36,-9999,-9999,-9999
4184,2017,12,5,20,-147,-173,10222,190,41,-9999,-9999,-9999
4185,2017,12,5,21,-142,-167,10231,180,36,-9999,-9999,-9999
4186,2017,12,5,22,-134,-158,10232,190,46,-9999,-9999,-9999
4187,2017,12,5,23,-140,-164,10238,180,41,-9999,-9999,-9999
4188,2017,12,6,0,-144,-166,10237,180,36,-9999,-9999,0
4189,2017,12,6,1,-143,-155,10237,180,36,-9999,-9999,-9999
4190,2017,12,6,2,-146,-167,10238,190,41,-9999,-9999,-9999
4191,2017,12,6,3,-135,-156,10240,180,31,-9999,-9999,-9999
4192,2017,12,6,4,-132,-153,10240,180,21,-9999,-9999,-9999
4193,2017,12,6,5,-137,-149,10241,190,15,-9999,-9999,-9999
4194,2017,12,6,6,-149,-168,10240,150,26,-9999,-9999,0
4195,2017,12,6,7,-134,-148,10240,210,21,-9999,-9999,-9999
4196,2017,12,6,8,-154,-175,10233,90,15,-9999,-9999,-9999
4197,2017,12,6,9,-144,-165,10235,200,26,-9999,-9999,-9999
4198,2017,12,6,10,-152,-174,10237,200,15,-9999,-9999,-9999
4199,2017,12,6,11,-174,-196,10236,190,10,-9999,-9999,-9999
4200,2017,12,6,12,-187,-206,10238,170,5,-9999,-9999,0
4201,2017,12,6,13,-187,-209,10237,360,0,-9999,-9999,-9999
4202,2017,12,6,14,-177,-202,10234,140,10,-9999,-9999,-9999
4203,2017,12,6,15,-172,-190,10233,360,0,-9999,-9999,-9999
4204,2017,12,6,16,-162,-182,10231,90,15,-9999,-9999,-9999
4205,2017,12,6,17,-167,-189,10232,360,0,-9999,-9999,-9999
4206,2017,12,6,18,-170,-192,10232,120,10,-9999,-9999,0
4207,2017,12,6,19,-168,-190,10228,90,10,-9999,-9999,-9999
4208,2017,12,6,20,-158,-180,10226,360,0,-9999,-9999,-9999
4209,2017,12,6,21,-156,-177,10221,360,0,-9999,-9999,-9999
4210,2017,12,6,22,-164,-184,10217,360,0,-9999,-9999,-9999
4211,2017,12,6,23,-155,-181,10214,360,0,-9999,-9999,-9999
4212,2017,12,7,0,-172,-192,10210,30,10,-9999,-9999,0
4213,2017,12,7,1,-169,-188,10208,360,0,-9999,-9999,-9999
4214,2017,12,7,2,-176,-196,10197,360,0,-9999,-9999,-9999
4215,2017,12,7,3,-190,-215,10192,40,10,-9999,-9999,-9999
4216,2017,12,7,4,-189,-211,10187,70,5,-9999,-9999,-9999
4217,2017,12,7,5,-182,-201,10182,360,0,-9999,-9999,-9999
4218,2017,12,7,6,-188,-209,10174,90,5,-9999,-9999,0
4219,2017,12,7,7,-189,-211,10168,30,10,-9999,-9999,-9999
4220,2017,12,7,8,-182,-195,10174,360,0,-9999,-9999,-9999
4221,2017,12,7,9,-180,-201,10159,100,5,-9999,-9999,-9999
4222,2017,12,7,10,-186,-209,10162,360,0,-9999,-9999,-9999
4223,2017,12,7,11,-177,-199,10166,50,10,-9999,-9999,-9999
4224,2017,12,7,12,-171,-191,10162,180,10,-9999,-9999,0
4225,2017,12,7,13,-159,-175,10165,190,15,-9999,-9999,-9999
4226,2017,12,7,14,-167,-188,10166,360,0,-9999,-9999,-9999
4227,2017,12,7,15,-160,-178,10172,200,10,-9999,-9999,-9999
4228,2017,12,7,16,-155,-173,10178,190,5,-9999,-9999,-9999
4229,2017,12,7,17,-149,-168,10178,180,5,-9999,-9999,-9999
4230,2017,12,7,18,-163,-184,10187,190,5,-9999,-9999,0
4231,2017,12,7,19,-158,-178,10190,200,15,-9999,-9999,-9999
4232,2017,12,7,20,-139,-158,10191,130,10,-9999,-9999,-9999
4233,2017,12,7,21,-133,-151,10195,360,0,-9999,-9999,-9999
4234,2017,12,7,22,-116,-132,10192,120,5,-9999,-9999,-9999
4235,2017,12,7,23,-103,-116,10196,170,15,-9999,-9999,-9999
4236,2017,12,8,0,-45,-54,10193,260,15,-9999,-9999,0
4237,2017,12,8,1,-50,-70,10200,280,31,-9999,-9999,-9999
4238,2017,12,8,2,-64,-82,10207,250,15,-9999,-9999,-9999
4239,2017,12,8,3,-83,-94,10220,350,15,-9999,-9999,-9999
4240,2017,12,8,4,-104,-120,10225,350,21,-9999,-9999,-9999
4241,2017,12,8,5,-77,-92,10223,340,31,-9999,-9999,-9999
4242,2017,12,8,6,-73,-88,10221,350,36,-9999,-9999,0
4243,2017,12,8,7,-67,-83,10227,10,41,-9999,-9999,-9999
4244,2017,12,8,8,-69,-83,10231,10,36,-9999,-9999,-9999
4245,2017,12,8,9,-71,-84,10224,50,15,-9999,-9999,-9999
4246,2017,12,8,10,-73,-75,10224,110,5,-9999,-9999,-9999
4247,2017,12,8,11,-72,-75,10212,70,15,-9999,-9999,-9999
4248,2017,12,8,12,-70,-83,10209,140,10,-9999,-9999,0
4249,2017,12,8,13,-70,-84,10203,120,26,-9999,-9999,-9999
4250,2017,12,8,14,-72,-86,10193,120,26,-9999,-9999,-9999
4251,2017,12,8,15,-73,-89,10190,110,36,-9999,-9999,-9999
4252,2017,12,8,16,-75,-103,10183,110,41,-9999,-9999,-9999
4253,2017,12,8,17,-98,-119,10178,100,41,-9999,-9999,-9999
4254,2017,12,8,18,-102,-124,10165,120,36,-9999,-9999,0
4255,2017,12,8,19,-104,-127,10154,100,36,-9999,-9999,-9999
4256,2017,12,8,20,-110,-131,10138,110,36,-9999,-9999,-9999
4257,2017,12,8,21,-109,-132,10131,110,41,-9999,-9999,-9999
4258,2017,12,8,22,-108,-129,10124,110,31,-9999,-9999,-9999
4259,2017,12,8,23,-102,-121,10116,130,26,-9999,-9999,-9999
4260,2017,12,9,0,-103,-120,10107,130,36,-9999,-9999,0
4261,2017,12,9,1,-107,-115,10103,130,26,-9999,-9999,-9999
4262,2017,12,9,2,-109,-126,10097,140,21,-9999,-9999,-9999
4263,2017,12,9,3,-112,-130,10099,140,15,-9999,-9999,-9999
4264,2017,12,9,4,-105,-134,10094,140,10,-9999,-9999,-9999
4265,2017,12,9,5,-120,-139,10093,110,21,-9999,-9999,-9999
4266,2017,12,9,6,-123,-142,10091,110,21,-9999,-9999,0
4267,2017,12,9,7,-123,-143,10102,160,5,-9999,-9999,-9999
4268,2017,12,9,8,-121,-141,10101,130,10,-9999,-9999,-9999
4269,2017,12,9,9,-125,-143,10100,130,10,-9999,-9999,-9999
4270,2017,12,9,10,-131,-151,10104,90,10,-9999,-9999,-9999
4271,2017,12,9,11,-124,-143,10108,180,10,-9999,-9999,-9999
4272,2017,12,9,12,-131,-150,10109,160,5,-9999,-9999,0
4273,2017,12,9,13,-129,-147,10108,150,5,-9999,-9999,-9999
4274,2017,12,9,14,-125,-152,10113,140,5,-9999,-9999,-9999
4275,2017,12,9,15,-125,-141,10112,360,0,-9999,-9999,-9999
4276,2017,12,9,16,-120,-138,10113,150,10,-9999,-9999,-9999
4277,2017,12,9,17,-119,-138,10119,160,10,-9999,-9999,-9999
4278,2017,12,9,18,-119,-137,10119,160,15,-9999,-9999,0
4279,2017,12,9,19,-117,-136,10121,170,21,-9999,-9999,-9999
4280,2017,12,9,20,-114,-134,10135,200,10,-9999,-9999,-9999
4281,2017,12,9,21,-125,-142,10132,360,0,-9999,-9999,-9999
4282,2017,12,9,22,-138,-153,10139,220,10,-9999,-9999,-9999
4283,2017,12,9,23,-140,-158,10147,180,5,-9999,-9999,-9999
4284,2017,12,10,0,-146,-160,10151,190,10,-9999,-9999,0
4285,2017,12,10,1,-132,-148,10159,360,0,-9999,-9999,-9999
4286,2017,12,10,2,-146,-163,10161,70,5,-9999,-9999,-9999
4287,2017,12,10,3,-139,-155,10166,10,5,-9999,-9999,-9999
4288,2017,12,10,4,-159,-180,10172,360,0,-9999,-9999,-9999
4289,2017,12,10,5,-157,-174,10174,20,15,-9999,-9999,-9999
4290,2017,12,10,6,-144,-158,10172,60,10,-9999,-9999,0
4291,2017,12,10,7,-138,-152,10182,210,5,-9999,-9999,-9999
4292,2017,12,10,8,-133,-149,10183,360,0,-9999,-9999,-9999
4293,2017,12,10,9,-130,-146,10188,360,0,-9999,-9999,-9999
4294,2017,12,10,10,-122,-138,10188,360,0,-9999,-9999,-9999
4295,2017,12,10,11,-119,-134,10191,360,0,-9999,-9999,-9999
4296,2017,12,10,12,-112,-126,10187,120,5,-9999,-9999,0
4297,2017,12,10,13,-116,-130,10185,360,0,-9999,-9999,-9999
4298,2017,12,10,14,-112,-126,10188,60,5,-9999,-9999,-9999
4299,2017,12,10,15,-109,-123,10189,50,10,-9999,-9999,-9999
4300,2017,12,10,16,-110,-124,10193,50,15,-9999,-9999,-9999
4301,2017,12,10,17,-110,-115,10199,80,10,-9999,-9999,-9999
4302,2017,12,10,18,-112,-127,10205,100,10,-9999,-9999,0
4303,2017,12,10,19,-116,-132,10212,100,10,-9999,-9999,-9999
4304,2017,12,10,20,-119,-135,10217,110,15,-9999,-9999,-9999
4305,2017,12,10,21,-124,-140,10224,140,5,-9999,-9999,-9999
4306,2017,12,10,22,-124,-141,10225,120,10,-9999,-9999,-9999
4307,2017,12,10,23,-134,-151,10228,90,10,-9999,-9999,-9999
4308,2017,12,11,0,-137,-155,10228,100,15,-9999,-9999,0
4309,2017,12,11,1,-140,-157,10238,130,5,-9999,-9999,-9999
4310,2017,12,11,2,-139,-157,10240,120,10,-9999,-9999,-9999
4311,2017,12,11,3,-142,-160,10245,120,5,-9999,-9999,-9999
4312,2017,12,11,4,-135,-153,10251,130,5,-9999,-9999,-9999
4313,2017,12,11,5,-136,-153,10248,180,10,-9999,-9999,-9999
4314,2017,12,11,6,-134,-152,10246,180,15,-9999,-9999,0
4315,2017,12,11,7,-134,-152,10250,150,10,-9999,-9999,-9999
4316,2017,12,11,8,-131,-149,10251,150,10,-9999,-9999,-9999
4317,2017,12,11,9,-130,-149,10254,190,26,-9999,-9999,-9999
4318,2017,12,11,10,-132,-151,10249,160,10,-9999,-9999,-9999
4319,2017,12,11,11,-132,-151,10246,180,26,-9999,-9999,-9999
4320,2017,12,11,12,-133,-152,10240,170,26,-9999,-9999,0
4321,2017,12,11,13,-133,-152,10232,170,21,-9999,-9999,-9999
4322,2017,12,11,14,-132,-150,10224,160,15,-9999,-9999,-9999
4323,2017,12,11,15,-126,-144,10218,170,26,-9999,-9999,-9999
4324,2017,12,11,16,-122,-139,10202,140,15,-9999,-9999,-9999
4325,2017,12,11,17,-115,-133,10188,140,21,-9999,-9999,-9999
4326,2017,12,11,18,-114,-132,10179,170,31,-9999,-9999,0
4327,2017,12,11,19,-105,-133,10164,150,21,-9999,-9999,-9999
4328,2017,12,11,20,-114,-132,10149,140,15,-9999,-9999,-9999
4329,2017,12,11,21,-109,-128,10134,140,26,-9999,-9999,-9999
4330,2017,12,11,22,-106,-115,10127,170,26,-9999,-9999,-9999
4331,2017,12,11,23,-102,-118,10109,130,21,-9999,-9999,-9999
4332,2017,12,12,0,-101,-117,10091,130,26,-9999,-9999,0
4333,2017,12,12,1,-101,-118,10083,140,21,-9999,-9999,-9999
4334,2017,12,12,2,-103,-119,10071,130,26,-9999,-9999,-9999
4335,2017,12,12,3,-102,-117,10065,140,21,-9999,-9999,-9999
4336,2017,12,12,4,-102,-117,10059,150,15,-9999,-9999,-9999
4337,2017,12,12,5,-102,-117,10058,160,21,-9999,-9999,-9999
4338,2017,12,12,6,-101,-116,10061,360,0,-9999,-9999,0
4339,2017,12,12,7,-102,-117,10061,80,5,-9999,-9999,-9999
4340,2017,12,12,8,-102,-116,10065,220,10,-9999,-9999,-9999
4341,2017,12,12,9,-103,-117,10071,180,5,-9999,-9999,-9999
4342,2017,12,12,10,-103,-115,10072,200,10,-9999,-9999,-9999
4343,2017,12,12,11,-105,-118,10068,170,5,-9999,-9999,-9999
4344,2017,12,12,12,-119,-131,10077,220,15,-9999,-9999,0
4345,2017,12,12,13,-130,-147,10083,250,10,-9999,-9999,-9999
4346,2017,12,12,14,-142,-156,10092,290,10,-9999,-9999,-9999
4347,2017,12,12,15,-105,-120,10096,270,5,-9999,-9999,-9999
4348,2017,12,12,16,-98,-113,10103,240,10,-9999,-9999,-9999
4349,2017,12,12,17,-91,-104,10112,250,10,-9999,-9999,-9999
4350,2017,12,12,18,-90,-105,10118,230,21,-9999,-9999,0
4351,2017,12,12,19,-89,-95,10129,240,15,-9999,-9999,-9999
4352,2017,12,12,20,-97,-113,10130,170,5,-9999,-9999,-9999
4353,2017,12,12,21,-84,-103,10131,250,10,-9999,-9999,-9999
4354,2017,12,12,22,-98,-114,10138,230,10,-9999,-9999,-9999
4355,2017,12,12,23,-121,-134,10138,200,21,-9999,-9999,-9999
4356,2017,12,13,0,-134,-149,10144,130,10,-9999,-9999,0
4357,2017,12,13,1,-134,-153,10144,170,21,-9999,-9999,-9999
4358,2017,12,13,2,-136,-153,10146,180,15,-9999,-9999,-9999
4359,2017,12,13,3,-141,-156,10146,180,10,-9999,-9999,-9999
4360,2017,12,13,4,-134,-151,10145,180,15,-9999,-9999,-9999
4361,2017,12,13,5,-156,-175,10146,170,5,-9999,-9999,-9999
4362,2017,12,13,6,-169,-187,10149,360,0,-9999,-9999,0
4363,2017,12,13,7,-180,-201,10155,360,0,-9999,-9999,-9999
4364,2017,12,13,8,-138,-155,10161,40,5,-9999,-9999,-9999
4365,2017,12,13,9,-125,-142,10169,360,0,-9999,-9999,-9999
4366,2017,12,13,10,-97,-108,10178,330,21,-9999,-9999,-9999
4367,2017,12,13,11,-86,-96,10185,330,26,-9999,-9999,-9999
4368,2017,12,13,12,-82,-94,10197,330,36,-9999,-9999,0
4369,2017,12,13,13,-86,-98,10204,340,46,-9999,-9999,-9999
4370,2017,12,13,14,-97,-112,10215,330,31,-9999,-9999,-9999
4371,2017,12,13,15,-109,-128,10220,340,46,-9999,-9999,-9999
4372,2017,12,13,16,-113,-131,10229,340,31,-9999,-9999,-9999
4373,2017,12,13,17,-111,-130,10241,330,31,-9999,-9999,-9999
4374,2017,12,13,18,-119,-140,10250,330,36,-9999,-9999,0
4375,2017,12,13,19,-127,-148,10261,350,31,-9999,-9999,-9999
4376,2017,12,13,20,-136,-156,10259,360,26,-9999,-9999,-9999
4377,2017,12,13,21,-140,-159,10263,20,21,-9999,-9999,-9999
4378,2017,12,13,22,-141,-157,10270,310,21,-9999,-9999,-9999
4379,2017,12,13,23,-141,-155,10276,360,15,-9999,-9999,-9999
4380,2017,12,14,0,-143,-158,10275,40,15,-9999,-9999,0
4381,2017,12,14,1,-150,-163,10274,50,15,-9999,-9999,-9999
4382,2017,12,14,2,-156,-172,10273,40,5,-9999,-9999,-9999
4383,2017,12,14,3,-161,-179,10270,100,10,-9999,-9999,-9999
4384,2017,12,14,4,-164,-179,10274,190,15,-9999,-9999,-9999
4385,2017,12,14,5,-170,-187,10270,150,5,-9999,-9999,-9999
4386,2017,12,14,6,-170,-188,10261,120,5,-9999,-9999,0
4387,2017,12,14,7,-177,-198,10257,360,0,-9999,-9999,-9999
4388,2017,12,14,8,-184,-195,10252,360,0,-9999,-9999,-9999
4389,2017,12,14,9,-184,-206,10247,360,0,-9999,-9999,-9999
4390,2017,12,14,10,-174,-195,10239,360,0,-9999,-9999,-9999
4391,2017,12,14,11,-150,-167,10229,120,5,-9999,-9999,-9999
4392,2017,12,14,12,-135,-152,10218,110,21,-9999,-9999,0
4393,2017,12,14,13,-140,-158,10207,110,26,-9999,-9999,-9999
4394,2017,12,14,14,-140,-158,10202,120,21,-9999,-9999,-9999
4395,2017,12,14,15,-141,-159,10197,110,21,-9999,-9999,-9999
4396,2017,12,14,16,-143,-162,10187,110,21,-9999,-9999,-9999
4397,2017,12,14,17,-147,-166,10184,100,21,-9999,-9999,-9999
4398,2017,12,14,18,-152,-174,10176,110,41,-9999,-9999,0
4399,2017,12,14,19,-156,-177,10173,100,41,-9999,-9999,-9999
4400,2017,12,14,20,-153,-176,10170,110,41,-9999,-9999,-9999
4401,2017,12,14,21,-150,-174,10159,100,31,-9999,-9999,-9999
4402,2017,12,14,22,-147,-174,10147,100,41,-9999,-9999,-9999
4403,2017,12,14,23,-139,-168,10135,110,46,-9999,-9999,-9999
4404,2017,12,15,0,-138,-165,10125,80,21,-9999,-9999,0
4405,2017,12,15,1,-133,-166,10118,120,31,-9999,-9999,-9999
4406,2017,12,15,2,-127,-159,10105,120,31,-9999,-9999,-9999
4407,2017,12,15,3,-124,-150,10095,120,36,-9999,-9999,-9999
4408,2017,12,15,4,-122,-142,10082,110,51,-9999,-9999,-9999
4409,2017,12,15,5,-121,-139,10072,120,36,-9999,1,-9999
4410,2017,12,15,6,-118,-136,10062,110,36,-9999,2,2
4411,2017,12,15,7,-117,-139,10052,120,36,-9999,6,-9999
4412,2017,12,15,8,-117,-139,10042,120,36,-9999,3,-9999
4413,2017,12,15,9,-115,-138,10036,120,36,-9999,2,-9999
4414,2017,12,15,10,-113,-135,10030,110,36,-9999,2,-9999
4415,2017,12,15,11,-114,-133,10025,90,26,-9999,3,-9999
4416,2017,12,15,12,-110,-134,10021,100,31,-9999,-9999,20
4417,2017,12,15,13,-113,-138,10018,110,31,-9999,-9999,-9999
4418,2017,12,15,14,-114,-141,10017,120,36,-9999,-9999,-9999
4419,2017,12,15,15,-114,-137,10015,100,21,-9999,-9999,-9999
4420,2017,12,15,16,-116,-139,10015,80,31,-9999,-9999,-9999
4421,2017,12,15,17,-119,-143,10019,70,26,-9999,-9999,-9999
4422,2017,12,15,18,-119,-143,10021,80,26,-9999,-9999,0
4423,2017,12,15,19,-118,-142,10025,70,15,-9999,-9999,-9999
4424,2017,12,15,20,-119,-143,10028,40,21,-9999,-9999,-9999
4425,2017,12,15,21,-120,-145,10035,40,15,-9999,-9999,-9999
4426,2017,12,15,22,-121,-144,10042,40,21,-9999,-9999,-9999
4427,2017,12,15,23,-119,-139,10048,10,21,-9999,-9999,-9999
4428,2017,12,16,0,-119,-137,10056,360,26,-9999,-9999,0
4429,2017,12,16,1,-117,-134,10062,340,26,-9999,-9999,-9999
4430,2017,12,16,2,-116,-134,10065,350,31,-9999,-9999,-9999
4431,2017,12,16,3,-116,-136,10071,350,36,-9999,-9999,-9999
4432,2017,12,16,4,-114,-136,10076,340,31,-9999,-9999,-9999
4433,2017,12,16,5,-105,-136,10075,360,26,-9999,-9999,-9999
4434,2017,12,16,6,-115,-132,10080,330,26,-9999,-9999,0
4435,2017,12,16,7,-114,-130,10080,330,15,-9999,-9999,-9999
4436,2017,12,16,8,-112,-128,10083,310,10,-9999,-9999,-9999
4437,2017,12,16,9,-111,-126,10085,300,10,-9999,-9999,-9999
4438,2017,12,16,10,-111,-126,10086,360,0,-9999,-9999,-9999
4439,2017,12,16,11,-111,-126,10085,160,10,-9999,-9999,-9999
4440,2017,12,16,12,-110,-118,10083,180,10,-9999,-9999,0
4441,2017,12,16,13,-107,-119,10081,180,15,-9999,-9999,-9999
4442,2017,12,16,14,-104,-115,10070,140,5,-9999,-9999,-9999
4443,2017,12,16,15,-103,-115,10061,170,15,-9999,-9999,-9999
4444,2017,12,16,16,-102,-114,10057,180,15,-9999,-9999,-9999
4445,2017,12,16,17,-101,-114,10052,180,15,-9999,-9999,-9999
4446,2017,12,16,18,-99,-112,10047,180,26,-9999,-9999,-9999
4447,2017,12,16,19,-106,-121,10037,200,26,-9999,-9999,-9999
4448,2017,12,16,20,-104,-117,10026,160,15,-9999,-9999,-9999
4449,2017,12,16,21,-103,-115,10015,150,15,-9999,-9999,-9999
4450,2017,12,16,22,-103,-116,10002,140,21,-9999,-9999,-9999
4451,2017,12,16,23,-105,-119,9991,150,15,-9999,-9999,-9999
4452,2017,12,17,0,-116,-131,9981,150,21,-9999,-9999,0
4453,2017,12,17,1,-120,-135,9972,130,21,-9999,-9999,-9999
4454,2017,12,17,2,-118,-133,9960,140,26,-9999,-9999,-9999
4455,2017,12,17,3,-115,-130,9950,140,15,-9999,-9999,-9999
4456,2017,12,17,4,-114,-129,9938,130,21,-9999,-9999,-9999
4457,2017,12,17,5,-114,-129,9928,130,26,-9999,-9999,-9999
4458,2017,12,17,6,-113,-127,9923,120,15,-9999,-9999,0
4459,2017,12,17,7,-113,-128,9914,110,26,-9999,-9999,-9999
4460,2017,12,17,8,-112,-127,9908,120,21,-9999,3,-9999
4461,2017,12,17,9,-113,-128,9900,110,21,-9999,1,-9999
4462,2017,12,17,10,-114,-129,9895,100,26,-9999,-9999,-9999
4463,2017,12,17,11,-115,-131,9899,110,10,-9999,-9999,-9999
4464,2017,12,17,12,-116,-131,9893,90,15,-9999,1,5
4465,2017,12,17,13,-117,-132,9895,70,10,-9999,2,-9999
4466,2017,12,17,14,-118,-134,9895,40,10,-9999,3,-9999
4467,2017,12,17,15,-121,-136,9895,20,10,-9999,3,-9999
4468,2017,12,17,16,-127,-144,9898,320,15,-9999,1,-9999
4469,2017,12,17,17,-115,-140,9903,320,15,-9999,-9999,-9999
4470,2017,12,17,18,-125,-141,9908,330,21,-9999,2,10
4471,2017,12,17,19,-125,-142,9912,320,26,-9999,1,-9999
4472,2017,12,17,20,-115,-142,9916,330,41,-9999,3,-9999
4473,2017,12,17,21,-125,-142,9922,330,41,-9999,1,-9999
4474,2017,12,17,22,-128,-147,9929,330,62,-9999,2,-9999
4475,2017,12,17,23,-131,-149,9940,330,62,-9999,1,-9999
4476,2017,12,18,0,-127,-146,9949,340,57,-9999,1,10
4477,2017,12,18,1,-138,-160,9959,340,72,-9999,1,-9999
4478,2017,12,18,2,-149,-171,9968,330,82,-9999,-9999,-9999
4479,2017,12,18,3,-155,-179,9980,340,77,-9999,-9999,-9999
4480,2017,12,18,4,-157,-181,9990,340,77,-9999,-9999,-9999
4481,2017,12,18,5,-161,-184,10000,330,62,-9999,-9999,-9999
4482,2017,12,18,6,-165,-191,10008,350,93,-9999,-9999,-9999
4483,2017,12,18,7,-168,-192,10016,340,82,-9999,-9999,-9999
4484,2017,12,18,8,-176,-201,10031,330,67,-9999,-9999,-9999
4485,2017,12,18,9,-182,-208,10043,330,67,-9999,-9999,-9999
4486,2017,12,18,10,-186,-212,10055,330,67,-9999,-9999,-9999
4487,2017,12,18,11,-187,-213,10067,340,62,-9999,-9999,-9999
4488,2017,12,18,12,-188,-214,10078,340,67,-9999,-9999,0
4489,2017,12,18,13,-193,-219,10093,340,46,-9999,-9999,-9999
4490,2017,12,18,14,-197,-222,10103,340,57,-9999,-9999,-9999
4491,2017,12,18,15,-199,-223,10113,350,67,-9999,-9999,-9999
4492,2017,12,18,16,-206,-232,10126,340,57,-9999,-9999,-9999
4493,2017,12,18,17,-211,-238,10141,330,51,-9999,-9999,-9999
4494,2017,12,18,18,-224,-250,10156,330,21,-9999,-9999,0
4495,2017,12,18,19,-223,-248,10165,360,31,-9999,-9999,-9999
4496,2017,12,18,20,-213,-240,10171,350,36,-9999,-9999,-9999
4497,2017,12,18,21,-211,-239,10182,330,36,-9999,-9999,-9999
4498,2017,12,18,22,-221,-250,10194,330,41,-9999,-9999,-9999
4499,2017,12,18,23,-227,-254,10200,310,15,-9999,-9999,-9999
4500,2017,12,19,0,-241,-267,10209,350,5,-9999,-9999,0
4501,2017,12,19,1,-251,-278,10216,320,15,-9999,-9999,-9999
4502,2017,12,19,2,-267,-294,10220,360,0,-9999,-9999,-9999
4503,2017,12,19,3,-285,-313,10226,180,10,-9999,-9999,-9999
4504,2017,12,19,4,-304,-335,10233,190,10,-9999,-9999,-9999
4505,2017,12,19,5,-294,-322,10236,200,10,-9999,-9999,-9999
4506,2017,12,19,6,-273,-300,10238,190,15,-9999,-9999,0
4507,2017,12,19,7,-264,-293,10240,200,21,-9999,-9999,-9999
4508,2017,12,19,8,-277,-308,10241,200,26,-9999,-9999,-9999
4509,2017,12,19,9,-292,-323,10243,190,15,-9999,-9999,-9999
4510,2017,12,19,10,-288,-317,10244,180,10,-9999,-9999,-9999
4511,2017,12,19,11,-287,-317,10245,160,10,-9999,-9999,-9999
4512,2017,12,19,12,-284,-312,10241,120,15,-9999,-9999,0
4513,2017,12,19,13,-263,-290,10238,160,5,-9999,-9999,-9999
4514,2017,12,19,14,-271,-300,10233,140,5,-9999,-9999,-9999
4515,2017,12,19,15,-240,-267,10230,180,15,-9999,-9999,-9999
4516,2017,12,19,16,-240,-267,10229,190,15,-9999,-9999,-9999
4517,2017,12,19,17,-236,-262,10226,180,15,-9999,-9999,-9999
4518,2017,12,19,18,-234,-260,10219,150,15,-9999,-9999,-9999
4519,2017,12,19,19,-227,-253,10217,180,10,-9999,-9999,-9999
4520,2017,12,19,20,-215,-250,10216,190,21,-9999,-9999,-9999
4521,2017,12,19,21,-227,-252,10212,190,15,-9999,-9999,-9999
4522,2017,12,19,22,-222,-246,10210,180,21,-9999,-9999,-9999
4523,2017,12,19,23,-224,-249,10211,170,21,-9999,-9999,-9999
4524,2017,12,20,0,-227,-252,10207,130,15,-9999,-9999,0
4525,2017,12,20,1,-229,-254,10202,140,10,-9999,-9999,-9999
4526,2017,12,20,2,-234,-259,10199,140,15,-9999,-9999,-9999
4527,2017,12,20,3,-239,-264,10192,110,26,-9999,-9999,-9999
4528,2017,12,20,4,-242,-267,10191,120,15,-9999,-9999,-9999
4529,2017,12,20,5,-236,-262,10188,120,10,-9999,-9999,-9999
4530,2017,12,20,6,-241,-267,10185,160,15,-9999,-9999,0
4531,2017,12,20,7,-266,-295,10184,190,5,-9999,-9999,-9999
4532,2017,12,20,8,-280,-309,10181,170,5,-9999,-9999,-9999
4533,2017,12,20,9,-246,-272,10173,180,21,-9999,-9999,-9999
4534,2017,12,20,10,-240,-267,10170,100,5,-9999,-9999,-9999
4535,2017,12,20,11,-228,-253,10162,150,5,-9999,-9999,-9999
4536,2017,12,20,12,-224,-249,10157,170,31,-9999,-9999,0
4537,2017,12,20,13,-221,-246,10151,170,26,-9999,-9999,-9999
4538,2017,12,20,14,-219,-244,10147,170,26,-9999,-9999,-9999
4539,2017,12,20,15,-215,-239,10139,170,21,-9999,-9999,-9999
4540,2017,12,20,16,-216,-241,10131,170,26,-9999,-9999,-9999
4541,2017,12,20,17,-212,-236,10126,180,31,-9999,-9999,-9999
4542,2017,12,20,18,-204,-228,10119,180,36,-9999,-9999,0
4543,2017,12,20,19,-202,-226,10118,180,36,-9999,-9999,-9999
4544,2017,12,20,20,-192,-215,10116,190,41,-9999,-9999,-9999
4545,2017,12,20,21,-185,-208,10106,170,31,-9999,-9999,-9999
4546,2017,12,20,22,-176,-198,10105,190,36,-9999,1,-9999
4547,2017,12,20,23,-160,-179,10105,180,26,-9999,1,-9999
4548,2017,12,21,0,-151,-169,10109,190,21,-9999,-9999,2
4549,2017,12,21,1,-137,-155,10110,190,15,-9999,-9999,-9999
4550,2017,12,21,2,-133,-151,10111,180,10,-9999,-9999,-9999
4551,2017,12,21,3,-145,-163,10114,140,5,-9999,-9999,-9999
4552,2017,12,21,4,-128,-143,10115,170,10,-9999,-9999,-9999
4553,2017,12,21,5,-98,-111,10115,210,15,-9999,-9999,-9999
4554,2017,12,21,6,-74,-85,10115,280,10,-9999,-9999,0
4555,2017,12,21,7,-91,-104,10126,340,57,-9999,3,-9999
4556,2017,12,21,8,-103,-118,10137,340,46,-9999,-9999,-9999
4557,2017,12,21,9,-105,-119,10147,320,26,-9999,-9999,-9999
4558,2017,12,21,10,-102,-119,10157,330,72,-9999,-9999,-9999
4559,2017,12,21,11,-118,-139,10169,340,77,-9999,-9999,-9999
4560,2017,12,21,12,-130,-153,10178,340,57,-9999,-9999,3
4561,2017,12,21,13,-140,-167,10188,330,51,-9999,-9999,-9999
4562,2017,12,21,14,-149,-174,10193,340,36,-9999,-9999,-9999
4563,2017,12,21,15,-146,-170,10203,340,36,-9999,-9999,-9999
4564,2017,12,21,16,-164,-186,10208,340,10,-9999,-9999,-9999
4565,2017,12,21,17,-177,-197,10216,360,0,-9999,-9999,-9999
4566,2017,12,21,18,-182,-204,10218,100,10,-9999,-9999,0
4567,2017,12,21,19,-177,-196,10220,360,0,-9999,-9999,-9999
4568,2017,12,21,20,-170,-190,10219,140,10,-9999,-9999,-9999
4569,2017,12,21,21,-161,-181,10219,140,10,-9999,-9999,-9999
4570,2017,12,21,22,-154,-173,10218,150,5,-9999,-9999,-9999
4571,2017,12,21,23,-135,-163,10219,360,0,-9999,-9999,-9999
4572,2017,12,22,0,-139,-157,10220,190,10,-9999,2,2
4573,2017,12,22,1,-142,-161,10223,190,5,-9999,1,-9999
4574,2017,12,22,2,-125,-153,10224,120,5,-9999,1,-9999
4575,2017,12,22,3,-129,-147,10225,100,5,-9999,2,-9999
4576,2017,12,22,4,-124,-141,10224,160,5,-9999,3,-9999
4577,2017,12,22,5,-116,-132,10221,200,10,-9999,1,-9999
4578,2017,12,22,6,-110,-125,10221,150,5,-9999,4,10
4579,2017,12,22,7,-107,-122,10223,40,5,-9999,3,-9999
4580,2017,12,22,8,-108,-120,10224,300,15,-9999,2,-9999
4581,2017,12,22,9,-95,-109,10224,320,15,-9999,-9999,-9999
4582,2017,12,22,10,-102,-117,10224,20,15,-9999,3,-9999
4583,2017,12,22,11,-110,-127,10226,360,0,-9999,1,-9999
4584,2017,12,22,12,-113,-127,10226,30,10,-9999,1,10
4585,2017,12,22,13,-113,-129,10231,40,15,-9999,2,-9999
4586,2017,12,22,14,-116,-132,10237,40,10,-9999,2,-9999
4587,2017,12,22,15,-126,-146,10245,60,15,-9999,2,-9999
4588,2017,12,22,16,-143,-167,10254,70,26,-9999,-9999,-9999
4589,2017,12,22,17,-149,-174,10263,60,21,-9999,-9999,-9999
4590,2017,12,22,18,-161,-185,10270,80,21,-9999,-9999,6
4591,2017,12,22,19,-165,-189,10276,90,26,-9999,-9999,-9999
4592,2017,12,22,20,-168,-193,10280,90,15,-9999,-9999,-9999
4593,2017,12,22,21,-174,-199,10280,120,15,-9999,-9999,-9999
4594,2017,12,22,22,-181,-206,10287,90,10,-9999,-9999,-9999
4595,2017,12,22,23,-191,-217,10290,90,15,-9999,-9999,-9999
4596,2017,12,23,0,-203,-228,10293,100,15,-9999,-9999,0
4597,2017,12,23,1,-198,-223,10297,90,21,-9999,-9999,-9999
4598,2017,12,23,2,-203,-229,10298,110,10,-9999,-9999,-9999
4599,2017,12,23,3,-202,-228,10301,110,15,-9999,-9999,-9999
4600,2017,12,23,4,-206,-232,10303,110,5,-9999,-9999,-9999
4601,2017,12,23,5,-209,-236,10299,210,21,-9999,-9999,-9999
4602,2017,12,23,6,-221,-246,10297,150,10,-9999,-9999,0
4603,2017,12,23,7,-218,-235,10303,80,26,-9999,-9999,-9999
4604,2017,12,23,8,-220,-246,10301,140,15,-9999,-9999,-9999
4605,2017,12,23,9,-217,-243,10301,220,10,-9999,-9999,-9999
4606,2017,12,23,10,-222,-249,10293,190,21,-9999,-9999,-9999
4607,2017,12,23,11,-209,-234,10293,170,10,-9999,-9999,-9999
4608,2017,12,23,12,-202,-227,10291,100,5,-9999,-9999,0
4609,2017,12,23,13,-201,-226,10295,30,21,-9999,-9999,-9999
4610,2017,12,23,14,-196,-222,10302,10,31,-9999,-9999,-9999
4611,2017,12,23,15,-204,-229,10308,10,21,-9999,-9999,-9999
4612,2017,12,23,16,-216,-239,10317,20,26,-9999,-9999,-9999
4613,2017,12,23,17,-187,-209,10320,10,31,-9999,-9999,-9999
4614,2017,12,23,18,-183,-208,10325,350,46,-9999,-9999,0
4615,2017,12,23,19,-183,-210,10330,350,51,-9999,-9999,-9999
4616,2017,12,23,20,-208,-235,10340,350,46,-9999,-9999,-9999
4617,2017,12,23,21,-212,-241,10351,360,41,-9999,-9999,-9999
4618,2017,12,23,22,-215,-252,10363,10,36,-9999,-9999,-9999
4619,2017,12,23,23,-242,-273,10370,20,36,-9999,-9999,-9999
4620,2017,12,24,0,-262,-289,10382,20,26,-9999,-9999,0
4621,2017,12,24,1,-283,-312,10393,20,15,-9999,-9999,-9999
4622,2017,12,24,2,-306,-333,10402,340,26,-9999,-9999,-9999
4623,2017,12,24,3,-308,-339,10407,360,0,-9999,-9999,-9999
4624,2017,12,24,4,-327,-359,10415,290,10,-9999,-9999,-9999
4625,2017,12,24,5,-332,-363,10419,290,10,-9999,-9999,-9999
4626,2017,12,24,6,-326,-355,10425,340,10,-9999,-9999,0
4627,2017,12,24,7,-337,-367,10429,10,10,-9999,-9999,-9999
4628,2017,12,24,8,-332,-363,10434,360,15,-9999,-9999,-9999
4629,2017,12,24,9,-351,-385,10440,10,10,-9999,-9999,-9999
4630,2017,12,24,10,-353,-386,10443,360,0,-9999,-9999,-9999
4631,2017,12,24,11,-357,-391,10442,40,5,-9999,-9999,-9999
4632,2017,12,24,12,-362,-395,10448,360,15,-9999,-9999,0
4633,2017,12,24,13,-350,-384,10449,350,10,-9999,-9999,-9999
4634,2017,12,24,14,-360,-393,10454,20,15,-9999,-9999,-9999
4635,2017,12,24,15,-361,-396,10454,40,10,-9999,-9999,-9999
4636,2017,12,24,16,-360,-394,10456,20,21,-9999,-9999,-9999
4637,2017,12,24,17,-351,-375,10459,10,21,-9999,-9999,-9999
4638,2017,12,24,18,-359,-394,10460,360,5,-9999,-9999,0
4639,2017,12,24,19,-357,-392,10462,50,10,-9999,-9999,-9999
4640,2017,12,24,20,-341,-375,10463,40,15,-9999,-9999,-9999
4641,2017,12,24,21,-344,-380,10465,360,0,-9999,-9999,-9999
4642,2017,12,24,22,-337,-371,10464,250,5,-9999,-9999,-9999
4643,2017,12,24,23,-338,-373,10463,360,0,-9999,-9999,-9999
4644,2017,12,25,0,-342,-376,10467,20,5,-9999,-9999,0
4645,2017,12,25,1,-324,-357,10466,360,10,-9999,-9999,-9999
4646,2017,12,25,2,-332,-366,10464,360,0,-9999,-9999,-9999
4647,2017,12,25,3,-342,-376,10463,360,0,-9999,-9999,-9999
4648,2017,12,25,4,-349,-383,10467,360,0,-9999,-9999,-9999
4649,2017,12,25,5,-362,-398,10467,120,5,-9999,-9999,-9999
4650,2017,12,25,6,-366,-402,10463,360,0,-9999,-9999,0
4651,2017,12,25,7,-375,-421,10463,360,0,-9999,-9999,-9999
4652,2017,12,25,8,-375,-411,10460,360,0,-9999,-9999,-9999
4653,2017,12,25,9,-393,-430,10462,360,0,-9999,-9999,-9999
4654,2017,12,25,10,-403,-440,10463,180,5,-9999,-9999,-9999
4655,2017,12,25,11,-392,-429,10461,130,5,-9999,-9999,-9999
4656,2017,12,25,12,-395,-433,10458,360,0,-9999,-9999,0
4657,2017,12,25,13,-400,-437,10453,360,0,-9999,-9999,-9999
4658,2017,12,25,14,-397,-435,10451,360,0,-9999,-9999,-9999
4659,2017,12,25,15,-399,-437,10443,170,5,-9999,-9999,-9999
4660,2017,12,25,16,-395,-433,10436,360,0,-9999,-9999,-9999
4661,2017,12,25,17,-384,-422,10436,360,0,-9999,-9999,-9999
4662,2017,12,25,18,-384,-422,10433,360,0,-9999,-9999,0
4663,2017,12,25,19,-382,-419,10427,180,10,-9999,-9999,-9999
4664,2017,12,25,20,-379,-416,10422,360,0,-9999,-9999,-9999
4665,2017,12,25,21,-377,-414,10417,160,5,-9999,-9999,-9999
4666,2017,12,25,22,-377,-413,10413,360,0,-9999,-9999,-9999
4667,2017,12,25,23,-375,-412,10413,360,0,-9999,-9999,-9999
4668,2017,12,26,0,-359,-395,10406,360,0,-9999,-9999,0
4669,2017,12,26,1,-341,-376,10398,360,0,-9999,-9999,-9999
4670,2017,12,26,2,-346,-381,10395,360,0,-9999,-9999,-9999
4671,2017,12,26,3,-346,-381,10391,360,0,-9999,-9999,-9999
4672,2017,12,26,4,-330,-364,10386,360,0,-9999,-9999,-9999
4673,2017,12,26,5,-324,-359,10380,260,5,-9999,-9999,-9999
4674,2017,12,26,6,-303,-336,10375,360,0,-9999,-9999,0
4675,2017,12,26,7,-284,-315,10369,140,5,-9999,-9999,-9999
4676,2017,12,26,8,-267,-298,10366,120,5,-9999,-9999,-9999
4677,2017,12,26,9,-254,-283,10362,120,5,-9999,-9999,-9999
4678,2017,12,26,10,-252,-281,10363,360,0,-9999,-9999,-9999
4679,2017,12,26,11,-250,-279,10361,360,0,-9999,-9999,-9999
4680,2017,12,26,12,-247,-275,10360,330,10,-9999,-9999,0
4681,2017,12,26,13,-237,-264,10359,360,0,-9999,-9999,-9999
4682,2017,12,26,14,-207,-232,10358,350,36,-9999,-9999,-9999
4683,2017,12,26,15,-208,-234,10359,350,46,-9999,-9999,-9999
4684,2017,12,26,16,-208,-234,10358,340,41,-9999,-9999,-9999
4685,2017,12,26,17,-209,-233,10359,340,41,-9999,-9999,-9999
4686,2017,12,26,18,-212,-237,10359,330,36,-9999,-9999,0
4687,2017,12,26,19,-217,-242,10358,340,41,-9999,-9999,-9999
4688,2017,12,26,20,-222,-248,10358,340,36,-9999,-9999,-9999
4689,2017,12,26,21,-222,-248,10355,340,31,-9999,1,-9999
4690,2017,12,26,22,-226,-252,10355,330,36,-9999,-9999,-9999
4691,2017,12,26,23,-228,-254,10354,340,36,-9999,-9999,-9999
4692,2017,12,27,0,-226,-252,10350,340,36,-9999,-9999,-9999
4693,2017,12,27,1,-233,-259,10346,350,41,-9999,-9999,-9999
4694,2017,12,27,2,-234,-260,10340,350,31,-9999,-9999,-9999
4695,2017,12,27,3,-234,-261,10338,330,26,-9999,-9999,-9999
4696,2017,12,27,4,-233,-260,10337,360,26,-9999,-9999,-9999
4697,2017,12,27,5,-233,-259,10332,350,31,-9999,-9999,-9999
4698,2017,12,27,6,-233,-259,10329,340,31,-9999,-9999,0
4699,2017,12,27,7,-233,-260,10324,360,26,-9999,-9999,-9999
4700,2017,12,27,8,-234,-260,10321,340,10,-9999,-9999,-9999
4701,2017,12,27,9,-235,-261,10320,340,26,-9999,-9999,-9999
4702,2017,12,27,10,-234,-260,10313,350,26,-9999,-9999,-9999
4703,2017,12,27,11,-235,-262,10312,360,21,-9999,-9999,-9999
4704,2017,12,27,12,-243,-270,10313,10,15,-9999,-9999,0
4705,2017,12,27,13,-244,-272,10315,20,21,-9999,-9999,-9999
4706,2017,12,27,14,-253,-281,10314,360,15,-9999,0,-9999
4707,2017,12,27,15,-256,-284,10315,360,21,-9999,-9999,-9999
4708,2017,12,27,16,-283,-314,10320,360,26,-9999,-9999,-9999
4709,2017,12,27,17,-289,-320,10329,30,15,-9999,-9999,-9999
4710,2017,12,27,18,-297,-328,10334,360,21,-9999,-9999,0
4711,2017,12,27,19,-293,-324,10342,350,21,-9999,-9999,-9999
4712,2017,12,27,20,-291,-322,10348,350,21,-9999,-9999,-9999
4713,2017,12,27,21,-296,-328,10356,10,15,-9999,-9999,-9999
4714,2017,12,27,22,-294,-326,10366,20,26,-9999,-9999,-9999
4715,2017,12,27,23,-304,-336,10376,360,15,-9999,-9999,-9999
4716,2017,12,28,0,-318,-351,10387,20,21,-9999,-9999,0
4717,2017,12,28,1,-319,-353,10396,20,21,-9999,-9999,-9999
4718,2017,12,28,2,-336,-370,10405,320,15,-9999,-9999,-9999
4719,2017,12,28,3,-344,-378,10412,350,26,-9999,-9999,-9999
4720,2017,12,28,4,-354,-389,10419,360,21,-9999,-9999,-9999
4721,2017,12,28,5,-358,-393,10427,340,21,-9999,-9999,-9999
4722,2017,12,28,6,-356,-391,10434,20,15,-9999,-9999,0
4723,2017,12,28,7,-361,-397,10438,20,10,-9999,-9999,-9999
4724,2017,12,28,8,-378,-415,10446,20,5,-9999,-9999,-9999
4725,2017,12,28,9,-370,-406,10452,20,10,-9999,-9999,-9999
4726,2017,12,28,10,-380,-417,10456,330,15,-9999,-9999,-9999
4727,2017,12,28,11,-384,-421,10461,30,10,-9999,-9999,-9999
4728,2017,12,28,12,-402,-438,10463,50,5,-9999,-9999,0
4729,2017,12,28,13,-390,-428,10465,360,0,-9999,-9999,-9999
4730,2017,12,28,14,-390,-426,10463,320,10,-9999,-9999,-9999
4731,2017,12,28,15,-401,-438,10465,360,0,-9999,-9999,-9999
4732,2017,12,28,16,-404,-440,10469,90,5,-9999,-9999,-9999
4733,2017,12,28,17,-405,-443,10478,50,10,-9999,-9999,-9999
4734,2017,12,28,18,-395,-433,10476,360,0,-9999,-9999,0
4735,2017,12,28,19,-389,-426,10474,360,0,-9999,-9999,-9999
4736,2017,12,28,20,-406,-435,10472,360,0,-9999,-9999,-9999
4737,2017,12,28,21,-386,-425,10469,360,0,-9999,-9999,-9999
4738,2017,12,28,22,-398,-437,10470,360,0,-9999,-9999,-9999
4739,2017,12,28,23,-412,-450,10471,360,0,-9999,-9999,-9999
4740,2017,12,29,0,-397,-435,10468,360,0,-9999,-9999,0
4741,2017,12,29,1,-405,-443,10469,110,10,-9999,-9999,-9999
4742,2017,12,29,2,-408,-446,10468,360,0,-9999,-9999,-9999
4743,2017,12,29,3,-413,-451,10467,360,0,-9999,-9999,-9999
4744,2017,12,29,4,-411,-449,10465,110,5,-9999,-9999,-9999
4745,2017,12,29,5,-413,-452,10460,170,5,-9999,-9999,-9999
4746,2017,12,29,6,-415,-454,10460,120,5,-9999,-9999,0
4747,2017,12,29,7,-410,-449,10459,360,0,-9999,-9999,-9999
4748,2017,12,29,8,-408,-446,10455,160,5,-9999,-9999,-9999
4749,2017,12,29,9,-399,-437,10455,360,0,-9999,-9999,-9999
4750,2017,12,29,10,-359,-395,10454,160,5,-9999,-9999,-9999
4751,2017,12,29,11,-341,-377,10452,170,5,-9999,-9999,-9999
4752,2017,12,29,12,-333,-368,10446,160,10,-9999,-9999,0
4753,2017,12,29,13,-338,-373,10442,360,0,-9999,-9999,-9999
4754,2017,12,29,14,-329,-363,10440,170,15,-9999,-9999,-9999
4755,2017,12,29,15,-325,-359,10436,170,5,-9999,-9999,-9999
4756,2017,12,29,16,-337,-372,10435,160,10,-9999,-9999,-9999
4757,2017,12,29,17,-332,-366,10434,190,10,-9999,-9999,-9999
4758,2017,12,29,18,-340,-376,10433,200,15,-9999,-9999,0
4759,2017,12,29,19,-342,-378,10432,190,10,-9999,-9999,-9999
4760,2017,12,29,20,-342,-378,10428,190,5,-9999,-9999,-9999
4761,2017,12,29,21,-337,-373,10424,160,5,-9999,-9999,-9999
4762,2017,12,29,22,-336,-371,10417,170,10,-9999,-9999,-9999
4763,2017,12,29,23,-339,-374,10412,170,10,-9999,-9999,-9999
4764,2017,12,30,0,-355,-391,10410,360,0,-9999,-9999,0
4765,2017,12,30,1,-320,-353,10403,170,10,-9999,-9999,-9999
4766,2017,12,30,2,-324,-359,10396,180,10,-9999,-9999,-9999
4767,2017,12,30,3,-354,-389,10391,360,0,-9999,-9999,-9999
4768,2017,12,30,4,-360,-396,10386,360,0,-9999,-9999,-9999
4769,2017,12,30,5,-364,-400,10381,360,0,-9999,-9999,-9999
4770,2017,12,30,6,-357,-393,10378,360,0,-9999,-9999,0
4771,2017,12,30,7,-357,-392,10373,360,0,-9999,-9999,-9999
4772,2017,12,30,8,-353,-389,10370,360,0,-9999,-9999,-9999
4773,2017,12,30,9,-348,-383,10366,180,10,-9999,-9999,-9999
4774,2017,12,30,10,-338,-373,10363,200,10,-9999,-9999,-9999
4775,2017,12,30,11,-327,-362,10360,180,10,-9999,-9999,-9999
4776,2017,12,30,12,-326,-361,10357,190,21,-9999,-9999,-9999
4777,2017,12,30,13,-320,-354,10351,190,26,-9999,-9999,-9999
4778,2017,12,30,14,-316,-350,10349,190,21,-9999,-9999,-9999
4779,2017,12,30,15,-317,-350,10347,190,26,-9999,-9999,-9999
4780,2017,12,30,16,-309,-343,10346,180,26,-9999,-9999,-9999
4781,2017,12,30,17,-308,-342,10348,170,15,-9999,-9999,-9999
4782,2017,12,30,18,-318,-351,10346,180,15,-9999,-9999,0
4783,2017,12,30,19,-293,-315,10341,170,21,-9999,-9999,-9999
4784,2017,12,30,20,-289,-322,10340,180,26,-9999,-9999,-9999
4785,2017,12,30,21,-290,-324,10339,180,26,-9999,-9999,-9999
4786,2017,12,30,22,-278,-309,10335,170,31,-9999,-9999,-9999
4787,2017,12,30,23,-291,-323,10335,180,31,-9999,-9999,-9999
4788,2017,12,31,0,-288,-320,10332,180,31,-9999,-9999,0
4789,2017,12,31,1,-283,-315,10328,180,26,-9999,-9999,-9999
4790,2017,12,31,2,-278,-310,10325,170,31,-9999,-9999,-9999
4791,2017,12,31,3,-273,-305,10319,170,31,-9999,-9999,-9999
4792,2017,12,31,4,-270,-303,10319,170,36,-9999,-9999,-9999
4793,2017,12,31,5,-266,-299,10320,160,31,-9999,-9999,-9999
4794,2017,12,31,6,-262,-296,10317,170,36,-9999,-9999,0
4795,2017,12,31,7,-264,-300,10310,170,36,-9999,-9999,-9999
4796,2017,12,31,8,-266,-302,10309,170,36,-9999,-9999,-9999
4797,2017,12,31,9,-269,-304,10306,160,36,-9999,-9999,-9999
4798,2017,12,31,10,-267,-303,10305,180,31,-9999,-9999,-9999
4799,2017,12,31,11,-278,-314,10306,200,10,-9999,-9999,-9999
4800,2017,12,31,12,-309,-340,10309,180,10,-9999,-9999,0
4801,2017,12,31,13,-284,-317,10301,200,31,-9999,-9999,-9999
4802,2017,12,31,14,-290,-324,10297,190,21,-9999,-9999,-9999
4803,2017,12,31,15,-313,-346,10297,180,26,-9999,-9999,-9999
4804,2017,12,31,16,-305,-337,10288,180,15,-9999,-9999,-9999
4805,2017,12,31,17,-310,-342,10290,180,5,-9999,-9999,-9999
4806,2017,12,31,18,-301,-333,10288,180,15,-9999,-9999,0
4807,2017,12,31,19,-308,-341,10280,160,21,-9999,-9999,-9999
4808,2017,12,31,20,-308,-342,10276,180,26,-9999,-9999,-9999
4809,2017,12,31,21,-297,-333,10270,180,26,-9999,-9999,-9999
4810,2017,12,31,22,-302,-337,10271,180,15,-9999,-9999,-9999
4811,2017,12,31,23,-310,-343,10268,180,26,-9999,-9999,-9999
