,YEAR,MONTH,DAY,HOUR,AIR-TEMP,DEW-POINT-TEMP,SEA-LEVEL-PRESSURE,WIND-DIRECTION,WIND-SPEED,SKY-CONDITION,RAIN-1HR,RAIN-6HR
0,2017,1,1,2,44,17,10129,250,67,-9999,-9999,-9999
1,2017,1,1,3,44,17,10135,230,57,-9999,-9999,-9999
2,2017,1,1,4,33,-6,10144,310,57,-9999,-9999,-9999
3,2017,1,1,5,17,-28,10156,310,31,-9999,-9999,-9999
4,2017,1,1,6,0,-28,10159,290,15,-9999,-9999,-9999
5,2017,1,1,7,6,-28,10168,350,15,-9999,-9999,-9999
6,2017,1,1,8,0,-33,10178,0,0,-9999,-9999,-9999
7,2017,1,1,9,-17,-33,10184,0,0,2,-9999,-9999
8,2017,1,1,10,-22,-33,10192,0,0,-9999,-9999,-9999
9,2017,1,1,11,-28,-44,10197,30,15,4,-9999,-9999
10,2017,1,1,12,-17,-28,10205,0,0,-9999,-9999,-9999
11,2017,1,1,13,-28,-33,10210,90,21,-9999,-9999,-9999
12,2017,1,1,14,-11,-22,10215,60,15,0,-9999,-9999
13,2017,1,1,15,11,-28,10220,110,26,0,-9999,-9999
14,2017,1,1,16,28,-22,10227,140,36,0,-9999,-9999
15,2017,1,1,17,50,0,10223,160,31,0,-9999,-9999
16,2017,1,1,18,56,0,10221,170,26,0,-9999,-9999
17,2017,1,1,19,67,6,10209,130,41,0,-9999,-9999
18,2017,1,1,20,61,0,10205,130,31,0,-9999,-9999
19,2017,1,1,21,61,0,10210,120,41,0,-9999,-9999
20,2017,1,1,22,44,6,10218,90,26,0,-9999,-9999
21,2017,1,1,23,22,-6,10218,80,31,0,-9999,-9999
22,2017,1,2,0,11,-6,10221,80,36,0,-9999,-9999
23,2017,1,2,1,22,0,10221,100,41,0,-9999,-9999
24,2017,1,2,2,39,11,10216,80,36,-9999,-9999,-9999
25,2017,1,2,3,44,11,10211,80,46,-9999,-9999,-9999
26,2017,1,2,4,44,22,10211,100,41,-9999,-1,-9999
27,2017,1,2,5,44,28,10204,100,57,-9999,-1,-9999
28,2017,1,2,6,44,28,10202,90,41,-9999,-1,-1
29,2017,1,2,7,39,33,10201,90,41,-9999,-1,-9999
30,2017,1,2,8,39,33,10206,90,31,-9999,-1,-9999
31,2017,1,2,9,39,39,10205,90,31,-9999,-1,-9999
32,2017,1,2,10,39,39,10202,110,31,-9999,-9999,-9999
33,2017,1,2,11,44,39,10204,100,21,-9999,-9999,-9999
34,2017,1,2,12,44,39,10208,80,15,-9999,-9999,-1
35,2017,1,2,13,39,39,10208,80,26,-9999,-9999,-9999
36,2017,1,2,14,44,44,10206,100,36,-9999,-9999,-9999
37,2017,1,2,15,50,50,10214,100,26,-9999,-9999,-9999
38,2017,1,2,16,61,61,10222,120,21,-9999,-9999,-9999
39,2017,1,2,17,72,67,10212,110,21,-9999,-9999,-9999
40,2017,1,2,18,78,72,10197,110,26,-9999,-9999,-9999
41,2017,1,2,19,83,78,10189,100,31,-9999,-9999,-9999
42,2017,1,2,20,94,89,10177,110,36,-9999,-9999,-9999
43,2017,1,2,21,94,89,10180,100,41,-9999,-9999,-9999
44,2017,1,2,22,89,83,10175,110,41,-9999,-9999,-9999
45,2017,1,2,23,89,83,10160,120,46,-9999,-9999,-9999
46,2017,1,3,0,89,83,10163,130,26,-9999,-9999,-9999
47,2017,1,3,1,89,89,10152,90,31,-9999,-1,-9999
48,2017,1,3,2,94,94,10139,120,41,-9999,-1,-9999
49,2017,1,3,3,100,100,10135,130,36,-9999,-1,-9999
50,2017,1,3,4,100,100,10127,130,57,-9999,-9999,-9999
51,2017,1,3,5,106,100,10117,150,36,-9999,-9999,-9999
52,2017,1,3,6,106,106,10106,140,36,-9999,-9999,-1
53,2017,1,3,7,106,106,10101,120,21,-9999,-9999,-9999
54,2017,1,3,8,106,100,10096,130,21,-9999,3,-9999
55,2017,1,3,9,106,106,10085,150,31,-9999,3,-9999
56,2017,1,3,10,111,106,10072,150,31,-9999,18,-9999
57,2017,1,3,11,111,106,10064,150,26,-9999,20,-9999
58,2017,1,3,12,111,106,10060,0,0,-9999,23,66
59,2017,1,3,13,110,110,-9999,0,0,-9999,-1,-9999
60,2017,1,3,14,106,100,10056,0,0,-9999,3,-9999
61,2017,1,3,15,111,111,10055,200,15,-9999,3,-9999
62,2017,1,3,16,120,120,-9999,270,36,-9999,-1,-9999
63,2017,1,3,17,111,111,10047,320,46,-9999,-1,-9999
64,2017,1,3,18,106,106,10039,290,46,-9999,-1,33
65,2017,1,3,19,94,94,10034,260,31,-9999,-1,-9999
66,2017,1,3,20,90,90,-9999,300,36,-9999,-1,-9999
67,2017,1,3,21,89,83,10034,310,51,-9999,-1,-9999
68,2017,1,3,22,83,83,10033,290,31,-9999,3,-9999
69,2017,1,3,23,78,78,10048,300,67,-9999,43,-9999
70,2017,1,4,0,72,61,10038,330,31,-9999,5,51
71,2017,1,4,1,72,67,10048,280,51,-9999,-9999,-9999
72,2017,1,4,2,72,67,10052,290,62,-9999,-9999,-9999
73,2017,1,4,3,61,56,10055,300,67,-9999,-9999,-9999
74,2017,1,4,5,44,39,10070,300,67,-9999,-1,-9999
75,2017,1,4,6,39,28,10076,290,77,-9999,3,3
76,2017,1,4,7,28,17,10083,290,72,-9999,3,-9999
77,2017,1,4,8,28,17,10090,290,67,-9999,-1,-9999
78,2017,1,4,9,17,6,10098,300,88,-9999,-1,-9999
79,2017,1,4,10,6,-17,10102,270,98,-9999,-1,-9999
80,2017,1,4,11,-11,-33,10109,290,103,4,-9999,-9999
81,2017,1,4,12,-28,-56,10124,280,93,2,-9999,3
82,2017,1,4,13,-39,-67,10132,270,77,2,-9999,-9999
83,2017,1,4,14,-39,-72,10139,280,72,0,-9999,-9999
84,2017,1,4,15,-44,-83,10147,290,88,2,-9999,-9999
85,2017,1,4,16,-39,-83,10154,280,67,0,-9999,-9999
86,2017,1,4,17,-33,-83,10152,280,72,2,-9999,-9999
87,2017,1,4,18,-33,-78,10150,280,88,4,-9999,-9999
88,2017,1,4,19,-28,-89,10149,270,98,4,-9999,-9999
89,2017,1,4,20,-39,-94,10151,270,108,0,-9999,-9999
90,2017,1,4,21,-39,-100,10156,280,88,2,-9999,-9999
91,2017,1,4,22,-44,-100,10158,270,93,0,-9999,-9999
92,2017,1,4,23,-56,-106,10162,270,82,0,-9999,-9999
93,2017,1,5,0,-61,-106,10169,270,62,0,-9999,-9999
94,2017,1,5,1,-67,-106,10175,280,67,0,-9999,-9999
95,2017,1,5,2,-72,-106,10172,280,62,0,-9999,-9999
96,2017,1,5,3,-72,-111,10171,280,67,2,-9999,-9999
97,2017,1,5,4,-78,-111,10172,290,77,0,-9999,-9999
98,2017,1,5,5,-83,-117,10180,290,51,-9999,-9999,-9999
99,2017,1,5,6,-83,-111,10179,280,21,-9999,-9999,-9999
100,2017,1,5,7,-78,-117,10175,270,57,-9999,-9999,-9999
101,2017,1,5,8,-78,-117,10178,290,36,-9999,-9999,-9999
102,2017,1,5,9,-78,-117,10173,260,36,-9999,-9999,-9999
103,2017,1,5,10,-72,-111,10177,250,41,-9999,-9999,-9999
104,2017,1,5,11,-72,-111,10176,250,46,-9999,-1,-9999
105,2017,1,5,12,-78,-100,10177,270,36,-9999,-1,-1
106,2017,1,5,13,-78,-94,10178,290,26,-9999,-1,-9999
107,2017,1,5,14,-78,-94,10176,270,26,-9999,-1,-9999
108,2017,1,5,15,-78,-100,10180,270,36,-9999,-1,-9999
109,2017,1,5,16,-80,-90,-9999,270,36,-9999,-1,-9999
110,2017,1,5,17,-72,-89,10165,290,31,-9999,-1,-9999
111,2017,1,5,18,-67,-89,10160,250,51,-9999,-1,-1
112,2017,1,5,19,-72,-94,10150,270,41,-9999,-1,-9999
113,2017,1,5,20,-78,-94,10148,310,41,-9999,-1,-9999
114,2017,1,5,21,-83,-100,10160,310,46,-9999,-1,-9999
115,2017,1,5,22,-89,-106,10161,310,31,-9999,-1,-9999
116,2017,1,5,23,-94,-117,10164,310,41,-9999,-1,-9999
117,2017,1,6,0,-100,-122,10172,320,57,-9999,-1,-1
118,2017,1,6,1,-106,-128,10179,300,41,-9999,-1,-9999
119,2017,1,6,2,-106,-128,10189,290,41,-9999,-1,-9999
120,2017,1,6,3,-111,-139,10190,310,41,4,-1,-9999
121,2017,1,6,4,-117,-144,10196,330,57,-9999,-1,-9999
122,2017,1,6,5,-128,-156,10199,320,41,-9999,-1,-9999
123,2017,1,6,6,-144,-172,10204,290,41,2,-9999,-1
124,2017,1,6,7,-156,-172,10198,270,26,0,-9999,-9999
125,2017,1,6,8,-161,-172,10208,260,15,0,-9999,-9999
126,2017,1,6,9,-172,-194,10209,250,26,0,-9999,-9999
127,2017,1,6,10,-178,-200,10212,240,31,0,-9999,-9999
128,2017,1,6,11,-172,-194,10215,240,26,0,-9999,-9999
129,2017,1,6,13,-172,-189,10231,240,15,4,-1,-9999
130,2017,1,6,14,-156,-178,10242,240,26,2,-9999,-9999
131,2017,1,6,15,-133,-144,10249,250,26,0,-9999,-9999
132,2017,1,6,16,-122,-139,10252,250,31,0,-9999,-9999
133,2017,1,6,17,-61,-133,10246,300,67,-9999,-9999,-9999
134,2017,1,6,18,-94,-161,10248,310,46,-9999,-9999,-1
135,2017,1,6,19,-106,-172,10248,300,51,-9999,-9999,-9999
136,2017,1,6,20,-111,-167,10258,290,36,-9999,-9999,-9999
137,2017,1,6,21,-122,-178,10265,310,31,0,-9999,-9999
138,2017,1,6,22,-128,-183,10273,310,21,0,-9999,-9999
139,2017,1,6,23,-150,-183,10280,320,26,0,-9999,-9999
140,2017,1,7,0,-167,-189,10282,0,0,0,-9999,-9999
141,2017,1,7,1,-178,-206,10289,0,0,0,-9999,-9999
142,2017,1,7,2,-172,-194,10289,320,26,0,-9999,-9999
143,2017,1,7,3,-172,-194,10296,330,21,0,-9999,-9999
144,2017,1,7,4,-161,-189,10300,320,26,0,-9999,-9999
145,2017,1,7,5,-167,-200,10296,310,21,0,-9999,-9999
146,2017,1,7,6,-172,-200,10300,300,26,0,-9999,-9999
147,2017,1,7,7,-161,-189,10302,300,31,0,-9999,-9999
148,2017,1,7,8,-161,-189,10312,300,26,0,-9999,-9999
149,2017,1,7,9,-161,-189,10314,310,21,0,-9999,-9999
150,2017,1,7,10,-167,-194,10315,300,15,0,-9999,-9999
151,2017,1,7,11,-167,-194,10315,310,21,0,-9999,-9999
152,2017,1,7,12,-178,-206,10323,290,21,0,-9999,-9999
153,2017,1,7,13,-194,-211,10334,280,21,0,-9999,-9999
154,2017,1,7,14,-172,-189,10340,260,26,-9999,-9999,-9999
155,2017,1,7,15,-128,-172,10340,300,26,2,-9999,-9999
156,2017,1,7,16,-106,-172,10345,290,41,0,-9999,-9999
157,2017,1,7,17,-89,-172,10337,290,31,0,-9999,-9999
158,2017,1,7,18,-89,-172,10331,280,41,0,-9999,-9999
159,2017,1,7,19,-89,-167,10329,290,51,-9999,-9999,-9999
160,2017,1,7,20,-89,-172,10328,280,57,0,-9999,-9999
161,2017,1,7,21,-106,-178,10334,290,62,0,-9999,-9999
162,2017,1,7,22,-122,-178,10338,290,57,0,-9999,-9999
163,2017,1,7,23,-144,-183,10345,280,41,0,-9999,-9999
164,2017,1,8,0,-150,-189,10349,270,46,0,-9999,-9999
165,2017,1,8,1,-128,-172,10355,290,51,-9999,-9999,-9999
166,2017,1,8,2,-122,-161,10354,270,51,-9999,-1,-9999
167,2017,1,8,3,-117,-150,10353,270,41,-9999,-1,-9999
168,2017,1,8,4,-122,-150,10351,250,46,-9999,-1,-9999
169,2017,1,8,5,-122,-144,10348,260,41,-9999,-1,-9999
170,2017,1,8,6,-139,-156,10348,240,41,0,-1,-1
171,2017,1,8,7,-139,-150,10353,260,41,-9999,-1,-9999
172,2017,1,8,8,-133,-156,10359,280,51,0,-9999,-9999
173,2017,1,8,9,-139,-167,10362,290,46,0,-9999,-9999
174,2017,1,8,10,-150,-172,10368,280,36,0,-9999,-9999
175,2017,1,8,12,-156,-178,10387,270,46,4,-9999,-1
176,2017,1,8,13,-161,-183,10394,270,41,0,-9999,-9999
177,2017,1,8,14,-133,-156,10397,270,41,0,-1,-9999
178,2017,1,8,15,-117,-156,10408,270,41,-9999,-1,-9999
179,2017,1,8,16,-94,-150,10414,280,51,-9999,-1,-9999
180,2017,1,8,17,-50,-133,10410,280,41,0,-9999,-9999
181,2017,1,8,18,-67,-150,10407,280,51,4,-9999,-1
182,2017,1,8,19,-50,-139,10399,300,41,-9999,-9999,-9999
183,2017,1,8,20,-44,-144,10396,290,31,2,-9999,-9999
184,2017,1,8,21,-67,-144,10396,260,26,2,-9999,-9999
185,2017,1,8,22,-72,-150,10401,270,26,0,-9999,-9999
186,2017,1,8,23,-122,-178,10408,270,15,0,-9999,-9999
187,2017,1,9,0,-128,-161,10407,0,0,0,-9999,-9999
188,2017,1,9,1,-139,-161,10407,140,21,0,-9999,-9999
189,2017,1,9,2,-161,-178,10405,140,21,0,-9999,-9999
190,2017,1,9,3,-156,-172,10398,140,26,0,-9999,-9999
191,2017,1,9,4,-128,-161,10393,170,26,0,-9999,-9999
192,2017,1,9,5,-122,-156,10382,180,21,2,-9999,-9999
193,2017,1,9,6,-111,-150,10368,180,36,4,-9999,-9999
194,2017,1,9,7,-106,-144,10360,170,36,-9999,-9999,-9999
195,2017,1,9,8,-100,-139,10363,170,41,-9999,-9999,-9999
196,2017,1,9,9,-94,-133,10350,160,46,-9999,-9999,-9999
197,2017,1,9,10,-89,-128,10345,160,36,-9999,-9999,-9999
198,2017,1,9,11,-89,-133,10346,180,26,-9999,-9999,-9999
199,2017,1,9,12,-83,-128,10340,170,31,-9999,-9999,-9999
200,2017,1,9,13,-78,-122,10331,170,41,-9999,-9999,-9999
201,2017,1,9,14,-67,-122,10330,190,41,-9999,-9999,-9999
202,2017,1,9,15,-50,-111,10332,210,67,-9999,-9999,-9999
203,2017,1,9,16,-33,-106,10327,220,57,2,-9999,-9999
204,2017,1,9,17,-11,-94,10313,230,77,0,-9999,-9999
205,2017,1,9,18,-22,-94,10304,220,51,0,-9999,-9999
206,2017,1,9,19,-17,-89,10301,210,62,0,-9999,-9999
207,2017,1,9,20,-11,-83,10306,210,46,0,-9999,-9999
208,2017,1,9,21,-11,-78,10297,190,31,0,-9999,-9999
209,2017,1,9,22,-11,-78,10295,180,31,0,-9999,-9999
210,2017,1,9,23,-17,-72,10294,160,31,0,-9999,-9999
211,2017,1,10,0,-17,-72,10293,170,46,0,-9999,-9999
212,2017,1,10,1,-17,-67,10290,170,36,-9999,-9999,-9999
213,2017,1,10,2,-17,-61,10284,160,36,-9999,-9999,-9999
214,2017,1,10,3,-11,-61,10273,180,36,-9999,-9999,-9999
215,2017,1,10,4,0,-61,10268,180,36,-9999,-9999,-9999
216,2017,1,10,5,6,-72,10262,170,46,-9999,-9999,-9999
217,2017,1,10,6,6,-72,10247,170,57,-9999,-9999,-9999
218,2017,1,10,7,6,-72,10232,170,57,-9999,-9999,-9999
219,2017,1,10,8,6,-72,10221,170,57,-9999,-9999,-9999
220,2017,1,10,9,6,-56,10221,190,51,-9999,-1,-9999
221,2017,1,10,10,6,-33,10205,180,67,-9999,-1,-9999
222,2017,1,10,11,6,-17,10192,180,77,-9999,3,-9999
223,2017,1,10,12,6,-6,10191,180,51,-9999,-1,3
224,2017,1,10,13,11,-11,10179,180,72,-9999,-1,-9999
225,2017,1,10,14,17,-6,10168,180,93,-9999,-9999,-9999
226,2017,1,10,15,28,-6,10161,180,72,-9999,-9999,-9999
227,2017,1,10,16,28,6,10156,170,62,-9999,-1,-9999
228,2017,1,10,17,33,11,10133,180,72,-9999,-1,-9999
229,2017,1,10,18,56,17,10105,180,88,-9999,-9999,-1
230,2017,1,10,19,67,22,10096,190,88,-9999,-1,-9999
231,2017,1,10,20,78,33,10095,200,93,-9999,-1,-9999
232,2017,1,10,21,67,39,10071,180,113,-9999,5,-9999
233,2017,1,10,22,72,39,10075,190,98,-9999,-1,-9999
234,2017,1,10,23,78,39,10066,190,103,-9999,-1,-9999
235,2017,1,11,0,83,50,10068,200,82,-9999,-1,5
236,2017,1,11,1,83,67,10069,200,72,-9999,13,-9999
237,2017,1,11,2,89,78,10076,210,93,-9999,20,-9999
238,2017,1,11,3,94,72,10104,250,103,-9999,30,-9999
239,2017,1,11,4,72,33,10139,260,103,2,-9999,-9999
240,2017,1,11,5,44,17,10162,250,88,0,-9999,-9999
241,2017,1,11,6,28,0,10186,250,77,0,-9999,64
242,2017,1,11,7,17,0,10197,260,57,0,-9999,-9999
243,2017,1,11,8,17,-6,10205,250,46,0,-9999,-9999
244,2017,1,11,9,6,-11,10211,230,41,0,-9999,-9999
245,2017,1,11,10,0,-11,10216,230,41,0,-9999,-9999
246,2017,1,11,11,0,-6,10216,170,21,0,-9999,-9999
247,2017,1,11,12,0,-6,10215,170,26,0,-9999,-9999
248,2017,1,11,13,11,0,10207,170,41,0,-9999,-9999
249,2017,1,11,14,17,-6,10205,160,46,0,-9999,-9999
250,2017,1,11,15,33,0,10201,160,41,0,-9999,-9999
251,2017,1,11,16,67,50,10197,160,51,-9999,-9999,-9999
252,2017,1,11,17,83,67,10182,160,57,-9999,-9999,-9999
253,2017,1,11,18,100,83,10157,170,77,2,-9999,-9999
254,2017,1,11,19,111,94,10150,170,67,-9999,-9999,-9999
255,2017,1,11,20,106,94,10138,180,46,-9999,-1,-9999
256,2017,1,11,21,106,100,10140,180,41,-9999,41,-9999
257,2017,1,11,22,106,100,10131,160,57,-9999,13,-9999
258,2017,1,11,23,111,100,10126,170,41,-9999,-1,-9999
259,2017,1,12,0,117,111,10123,180,51,-9999,-1,53
260,2017,1,12,1,139,128,10116,200,57,-9999,3,-9999
261,2017,1,12,2,139,128,10111,190,82,-9999,-9999,-9999
262,2017,1,12,3,144,122,10108,200,72,-9999,-9999,-9999
263,2017,1,12,4,144,122,10096,200,108,-9999,-9999,-9999
264,2017,1,12,5,144,117,10097,200,82,-9999,-9999,-9999
265,2017,1,12,6,144,122,10100,200,77,-9999,-9999,3
266,2017,1,12,7,150,122,10103,200,77,-9999,-9999,-9999
267,2017,1,12,8,156,128,10112,220,82,-9999,-9999,-9999
268,2017,1,12,9,161,133,10113,220,82,-9999,-9999,-9999
269,2017,1,12,10,167,133,10114,210,77,-9999,-9999,-9999
270,2017,1,12,11,167,133,10108,210,82,-9999,-9999,-9999
271,2017,1,12,12,161,139,10115,210,72,-9999,-1,-1
272,2017,1,12,13,161,139,10114,220,93,-9999,3,-9999
273,2017,1,12,14,161,139,10117,210,88,-9999,8,-9999
274,2017,1,12,15,167,139,10124,220,77,-9999,-1,-9999
275,2017,1,12,16,172,139,10129,220,82,-9999,-9999,-9999
276,2017,1,12,17,167,144,10127,220,82,-9999,3,-9999
277,2017,1,12,18,161,150,10124,220,82,-9999,28,41
278,2017,1,12,19,128,106,10151,300,113,-9999,36,-9999
279,2017,1,12,20,94,78,10170,310,57,-9999,53,-9999
280,2017,1,12,21,83,72,10185,300,62,-9999,-1,-9999
281,2017,1,12,22,72,50,10204,320,57,-9999,-1,-9999
282,2017,1,12,23,50,33,10220,300,46,-9999,-9999,-9999
283,2017,1,13,0,39,17,10237,330,67,-9999,-9999,89
284,2017,1,13,1,28,6,10257,320,57,-9999,3,-9999
285,2017,1,13,2,22,0,10272,310,46,-9999,-9999,-9999
286,2017,1,13,3,11,-6,10286,320,51,-9999,-9999,-9999
287,2017,1,13,4,11,-11,10296,300,41,-9999,-9999,-9999
288,2017,1,13,5,6,-17,10301,300,36,-9999,-9999,-9999
289,2017,1,13,6,6,-17,10307,320,41,-9999,-9999,3
290,2017,1,13,7,6,-17,10317,330,36,-9999,-9999,-9999
291,2017,1,13,8,0,-17,10329,340,36,-9999,-9999,-9999
292,2017,1,13,9,0,-17,10337,340,36,-9999,-9999,-9999
293,2017,1,13,10,-11,-22,10349,360,31,-9999,-9999,-9999
294,2017,1,13,11,-22,-39,10359,360,26,0,-9999,-9999
295,2017,1,13,12,-28,-39,10367,10,36,0,-9999,-9999
296,2017,1,13,13,-33,-44,10376,10,36,0,-9999,-9999
297,2017,1,13,14,-11,-33,10385,20,31,0,-9999,-9999
298,2017,1,13,15,0,-28,10392,40,46,-9999,-9999,-9999
299,2017,1,13,16,6,-39,10393,30,51,2,-9999,-9999
300,2017,1,13,17,11,-44,10393,20,36,0,-9999,-9999
301,2017,1,13,18,6,-44,10397,40,31,0,-9999,-9999
302,2017,1,13,19,6,-44,10385,30,57,0,-9999,-9999
303,2017,1,13,20,0,-39,10383,60,46,0,-9999,-9999
304,2017,1,13,21,0,-39,10390,50,46,0,-9999,-9999
305,2017,1,13,22,-6,-39,10389,60,51,0,-9999,-9999
306,2017,1,13,23,-11,-39,10390,40,57,0,-9999,-9999
307,2017,1,14,0,-11,-39,10391,50,51,0,-9999,-9999
308,2017,1,14,1,-11,-39,10396,50,41,0,-9999,-9999
309,2017,1,14,2,-11,-39,10385,60,46,2,-9999,-9999
310,2017,1,14,3,-11,-39,10381,70,41,-9999,-9999,-9999
311,2017,1,14,4,-11,-39,10370,70,57,-9999,-9999,-9999
312,2017,1,14,5,-11,-44,10362,80,57,-9999,-9999,-9999
313,2017,1,14,6,-11,-44,10356,90,46,-9999,-9999,-9999
314,2017,1,14,7,-11,-39,10354,80,41,-9999,-9999,-9999
315,2017,1,14,8,-11,-44,10354,80,31,-9999,-9999,-9999
316,2017,1,14,9,-11,-39,10343,80,41,-9999,-1,-9999
317,2017,1,14,10,-11,-39,10343,60,36,-9999,-1,-9999
318,2017,1,14,11,-17,-33,10336,90,31,-9999,-1,-9999
319,2017,1,14,12,-22,-28,10325,100,41,-9999,-9999,-1
320,2017,1,14,13,-17,-22,10325,100,31,-9999,-9999,-9999
321,2017,1,14,14,-17,-22,10326,120,21,-9999,-9999,-9999
322,2017,1,14,15,-11,-17,10323,70,21,-9999,-1,-9999
323,2017,1,14,16,-6,-11,10320,90,15,-9999,-1,-9999
324,2017,1,14,17,-6,-11,10317,10,15,-9999,8,-9999
325,2017,1,14,18,0,-6,10306,340,21,-9999,3,10
326,2017,1,14,19,0,-6,10296,0,0,-9999,8,-9999
327,2017,1,14,20,0,-6,10295,290,26,-9999,3,-9999
328,2017,1,14,21,6,-6,10283,0,0,-9999,13,-9999
329,2017,1,14,22,0,-6,10302,300,41,-9999,-1,-9999
330,2017,1,14,23,0,-6,10295,310,26,-9999,-9999,-9999
331,2017,1,15,0,0,-6,10300,320,26,-9999,-9999,23
332,2017,1,15,1,-6,-6,10301,320,26,-9999,-9999,-9999
333,2017,1,15,2,-10,-10,-9999,330,21,-9999,-9999,-9999
334,2017,1,15,3,-6,-11,10308,320,31,-9999,-9999,-9999
335,2017,1,15,4,-6,-11,10313,330,41,-9999,-9999,-9999
336,2017,1,15,5,-6,-11,10309,320,15,-9999,-9999,-9999
337,2017,1,15,6,-6,-11,10307,350,31,-9999,-9999,-9999
338,2017,1,15,7,-6,-11,10305,340,26,-9999,-9999,-9999
339,2017,1,15,8,-11,-17,10311,350,36,-9999,-9999,-9999
340,2017,1,15,9,-17,-22,10310,10,26,-9999,-9999,-9999
341,2017,1,15,10,-22,-28,10310,10,15,-9999,-9999,-9999
342,2017,1,15,11,-28,-33,10314,10,15,-9999,-9999,-9999
343,2017,1,15,12,-28,-33,10310,30,21,-9999,-9999,-9999
344,2017,1,15,13,-28,-33,10314,0,0,-9999,-9999,-9999
345,2017,1,15,14,-22,-28,10317,30,21,-9999,-9999,-9999
346,2017,1,15,15,-17,-22,10312,70,36,-9999,-9999,-9999
347,2017,1,15,16,-11,-22,10316,100,21,-9999,-9999,-9999
348,2017,1,15,17,-6,-22,10307,110,31,-9999,-9999,-9999
349,2017,1,15,19,0,-22,10288,90,26,-9999,-9999,-9999
350,2017,1,15,20,0,-17,10287,90,21,-9999,-9999,-9999
351,2017,1,15,21,6,-11,10289,60,31,-9999,-9999,-9999
352,2017,1,15,22,6,-11,10290,80,26,-9999,-9999,-9999
353,2017,1,15,23,0,-11,10287,110,26,-9999,-9999,-9999
354,2017,1,16,0,0,-6,10288,100,26,-9999,-9999,-9999
355,2017,1,16,1,0,-6,10290,70,31,-9999,-9999,-9999
356,2017,1,16,2,6,-6,10288,80,31,-9999,-9999,-9999
357,2017,1,16,3,6,-6,10286,100,31,-9999,-9999,-9999
358,2017,1,16,4,6,0,10286,120,26,-9999,-9999,-9999
359,2017,1,16,5,0,-6,10279,100,36,2,-9999,-9999
360,2017,1,16,6,0,-6,10275,80,31,4,-9999,-9999
361,2017,1,16,7,0,0,10276,130,31,-9999,-9999,-9999
362,2017,1,16,8,6,0,10274,110,36,-9999,-9999,-9999
363,2017,1,16,9,6,0,10275,100,36,-9999,-9999,-9999
364,2017,1,16,10,6,0,10269,100,36,-9999,-9999,-9999
365,2017,1,16,11,11,0,10272,130,26,-9999,-9999,-9999
366,2017,1,16,12,11,6,10271,110,31,-9999,-9999,-9999
367,2017,1,16,13,17,6,10270,120,31,-9999,-9999,-9999
368,2017,1,16,14,22,11,10268,120,31,-9999,-1,-9999
369,2017,1,16,15,28,22,10267,130,36,-9999,-1,-9999
370,2017,1,16,16,44,33,10268,140,41,-9999,-1,-9999
371,2017,1,16,17,56,50,10259,160,41,-9999,-9999,-9999
372,2017,1,16,18,67,56,10248,160,31,-9999,-9999,-1
373,2017,1,16,19,78,61,10238,170,26,-9999,-9999,-9999
374,2017,1,16,20,83,67,10228,150,36,-9999,-9999,-9999
375,2017,1,16,21,83,72,10225,130,36,-9999,-9999,-9999
376,2017,1,16,22,83,72,10223,120,36,-9999,-9999,-9999
377,2017,1,16,23,78,78,10225,130,36,-9999,-9999,-9999
378,2017,1,17,0,72,67,10223,130,36,-9999,-9999,-9999
379,2017,1,17,1,72,67,10222,130,26,-9999,8,-9999
380,2017,1,17,2,72,67,10213,130,41,-9999,18,-9999
381,2017,1,17,3,78,78,10200,140,41,-9999,8,-9999
382,2017,1,17,4,83,78,10188,110,31,-9999,3,-9999
383,2017,1,17,5,83,83,10180,130,46,-9999,-9999,-9999
384,2017,1,17,6,89,89,10175,150,41,-9999,8,43
385,2017,1,17,7,100,94,10162,150,51,-9999,8,-9999
386,2017,1,17,8,106,94,10153,150,46,-9999,3,-9999
387,2017,1,17,9,111,106,10142,180,15,-9999,-1,-9999
388,2017,1,17,10,128,117,10133,200,46,-9999,-9999,-9999
389,2017,1,17,11,128,122,10122,200,57,-9999,3,-9999
390,2017,1,17,12,133,122,10120,200,62,-9999,3,15
391,2017,1,17,13,133,122,10117,210,72,-9999,-1,-9999
392,2017,1,17,14,144,128,10115,210,72,-9999,-9999,-9999
393,2017,1,17,15,144,128,10114,230,82,-9999,-9999,-9999
394,2017,1,17,16,139,117,10123,260,57,-9999,-1,-9999
395,2017,1,17,17,133,106,10119,270,72,-9999,-9999,-9999
396,2017,1,17,18,128,100,10119,260,88,-9999,-9999,-1
397,2017,1,17,19,133,94,10114,260,88,-9999,-9999,-9999
398,2017,1,17,20,133,94,10112,260,77,-9999,-9999,-9999
399,2017,1,17,21,122,78,10120,260,108,-9999,-9999,-9999
400,2017,1,17,22,106,78,10130,270,72,-9999,-9999,-9999
401,2017,1,17,23,89,61,10141,270,67,-9999,-9999,-9999
402,2017,1,18,0,78,50,10148,260,72,-9999,-9999,-9999
403,2017,1,18,1,72,50,10155,250,72,-9999,-9999,-9999
404,2017,1,18,2,72,56,10155,240,67,-9999,-9999,-9999
405,2017,1,18,3,67,56,10158,250,62,-9999,-9999,-9999
406,2017,1,18,4,67,56,10163,270,77,-9999,-1,-9999
407,2017,1,18,5,61,50,10164,260,62,-9999,-9999,-9999
408,2017,1,18,6,61,44,10162,260,67,-9999,-9999,-1
409,2017,1,18,7,50,39,10167,290,62,-9999,3,-9999
410,2017,1,18,8,39,33,10175,290,57,-9999,-1,-9999
411,2017,1,18,9,33,22,10184,280,72,-9999,-1,-9999
412,2017,1,18,10,28,11,10191,290,57,-9999,-1,-9999
413,2017,1,18,11,22,6,10198,280,67,-9999,-9999,-9999
414,2017,1,18,12,22,6,10204,280,51,-9999,-9999,3
415,2017,1,18,13,22,6,10207,280,46,-9999,-9999,-9999
416,2017,1,18,14,22,11,10213,270,51,-9999,-9999,-9999
417,2017,1,18,15,28,11,10221,290,51,-9999,-9999,-9999
418,2017,1,18,16,28,11,10228,280,57,-9999,-9999,-9999
419,2017,1,18,17,28,11,10226,280,41,-9999,-9999,-9999
420,2017,1,18,18,28,17,10220,270,46,-9999,-9999,-9999
421,2017,1,18,19,33,17,10217,260,36,-9999,-9999,-9999
422,2017,1,18,20,28,17,10216,240,46,-9999,-9999,-9999
423,2017,1,18,21,33,22,10208,260,46,-9999,-9999,-9999
424,2017,1,18,22,33,17,10206,230,36,-9999,-9999,-9999
425,2017,1,18,23,33,17,10211,220,41,-9999,-9999,-9999
426,2017,1,19,0,33,22,10211,240,41,-9999,-9999,-9999
427,2017,1,19,1,33,22,10209,240,41,-9999,-9999,-9999
428,2017,1,19,2,33,22,10217,250,46,-9999,-9999,-9999
429,2017,1,19,3,33,22,10213,230,46,-9999,-9999,-9999
430,2017,1,19,4,28,22,10207,260,31,-9999,-9999,-9999
431,2017,1,19,5,28,22,10207,230,31,-9999,-9999,-9999
432,2017,1,19,6,28,22,10205,240,36,-9999,-9999,-9999
433,2017,1,19,7,28,28,10204,230,26,-9999,-9999,-9999
434,2017,1,19,8,28,22,10206,200,26,-9999,-9999,-9999
435,2017,1,19,9,28,22,10209,230,36,-9999,-9999,-9999
436,2017,1,19,10,28,17,10203,240,21,-9999,-9999,-9999
437,2017,1,19,11,28,17,10200,0,0,-9999,-9999,-9999
438,2017,1,19,12,28,17,10200,0,0,-9999,-9999,-9999
439,2017,1,19,13,28,17,10194,170,21,-9999,-9999,-9999
440,2017,1,19,14,28,17,10191,170,31,-9999,-9999,-9999
441,2017,1,19,15,33,17,10197,0,0,-9999,-9999,-9999
442,2017,1,19,16,33,22,10187,110,36,-9999,-9999,-9999
443,2017,1,19,17,44,28,10177,120,41,-9999,-9999,-9999
444,2017,1,19,19,61,39,10165,120,31,2,-9999,-9999
445,2017,1,19,20,67,39,10143,90,62,0,-9999,-9999
446,2017,1,19,21,67,39,10146,120,51,2,-9999,-9999
447,2017,1,19,22,67,39,10147,120,41,0,-9999,-9999
448,2017,1,19,23,56,39,10138,100,46,4,-9999,-9999
449,2017,1,20,0,50,39,10135,100,51,0,-9999,-9999
450,2017,1,20,1,50,33,10127,90,51,2,-9999,-9999
451,2017,1,20,2,50,33,10117,100,67,2,-9999,-9999
452,2017,1,20,3,50,33,10111,110,67,-9999,-9999,-9999
453,2017,1,20,4,50,33,10102,100,57,-9999,-9999,-9999
454,2017,1,20,5,50,39,10091,110,62,-9999,-1,-9999
455,2017,1,20,6,50,44,10076,110,67,-9999,38,38
456,2017,1,20,7,50,44,10060,110,88,-9999,20,-9999
457,2017,1,20,8,50,44,10048,110,82,-9999,23,-9999
458,2017,1,20,9,56,44,10032,110,82,-9999,23,-9999
459,2017,1,20,10,56,50,10031,120,72,-9999,25,-9999
460,2017,1,20,11,61,61,10036,160,46,-9999,10,-9999
461,2017,1,20,12,72,67,10037,160,46,-9999,8,109
462,2017,1,20,13,89,83,10039,180,26,-9999,5,-9999
463,2017,1,20,14,100,100,10047,220,57,-9999,-1,-9999
464,2017,1,20,15,111,106,10056,220,67,-9999,-9999,-9999
465,2017,1,20,16,122,111,10060,230,67,-9999,-9999,-9999
466,2017,1,20,17,133,106,10058,220,67,-9999,-9999,-9999
467,2017,1,20,19,133,94,10055,250,72,-9999,-9999,-9999
468,2017,1,20,20,139,100,10057,240,62,-9999,-9999,-9999
469,2017,1,20,22,133,94,10064,220,51,-9999,-9999,-9999
470,2017,1,20,23,122,89,10072,220,21,-9999,-9999,-9999
471,2017,1,21,1,100,89,10087,0,0,-9999,-9999,-9999
472,2017,1,21,2,100,83,10084,110,26,-9999,-9999,-9999
473,2017,1,21,3,72,72,10084,110,26,0,-9999,-9999
474,2017,1,21,4,94,83,10087,160,26,-9999,-9999,-9999
475,2017,1,21,5,94,83,10085,150,36,-9999,-9999,-9999
476,2017,1,21,6,100,83,10081,150,41,-9999,-9999,-9999
477,2017,1,21,7,94,78,10077,130,36,-9999,-9999,-9999
478,2017,1,21,8,100,78,10079,170,41,-9999,-9999,-9999
479,2017,1,21,9,100,78,10078,170,31,4,-9999,-9999
480,2017,1,21,10,89,78,10068,160,31,-9999,-9999,-9999
481,2017,1,21,11,89,72,10065,170,41,0,-9999,-9999
482,2017,1,21,12,83,72,10067,160,41,4,-9999,-9999
483,2017,1,21,13,83,72,10069,170,26,0,-9999,-9999
484,2017,1,21,14,100,83,10070,180,26,0,-9999,-9999
485,2017,1,21,15,122,100,10065,190,31,0,-9999,-9999
486,2017,1,21,16,128,106,10068,190,36,0,-9999,-9999
487,2017,1,21,17,139,111,10057,190,41,0,-9999,-9999
488,2017,1,21,18,144,106,10049,200,31,0,-9999,-9999
489,2017,1,21,19,150,106,10044,180,21,0,-9999,-9999
490,2017,1,21,20,150,111,10039,160,36,0,-9999,-9999
491,2017,1,21,21,144,111,10038,150,36,2,-9999,-9999
492,2017,1,21,22,144,111,10039,170,41,-9999,-9999,-9999
493,2017,1,21,23,133,117,10037,150,46,-9999,25,-9999
494,2017,1,22,0,133,117,10036,160,41,-9999,-9999,25
495,2017,1,22,1,128,111,10041,160,15,-9999,-9999,-9999
496,2017,1,22,2,122,111,10042,140,31,-9999,-9999,-9999
497,2017,1,22,3,128,106,10044,170,15,-9999,-9999,-9999
498,2017,1,22,4,122,106,10044,160,26,-9999,-1,-9999
499,2017,1,22,5,128,106,10045,160,21,-9999,-9999,-9999
500,2017,1,22,6,117,100,10043,150,31,-9999,-9999,-1
501,2017,1,22,7,94,83,10037,130,15,4,-9999,-9999
502,2017,1,22,8,67,67,10035,100,15,0,-9999,-9999
503,2017,1,22,9,44,44,10023,80,31,0,-9999,-9999
504,2017,1,22,10,61,61,10025,130,15,9,-9999,-9999
505,2017,1,22,11,56,56,10025,70,26,9,-9999,-9999
506,2017,1,22,12,70,70,-9999,10,36,-9999,-9999,-9999
507,2017,1,22,13,56,56,10035,70,31,-9999,-9999,-9999
508,2017,1,22,14,78,72,10030,70,26,2,-9999,-9999
509,2017,1,22,15,100,100,10026,60,31,0,-9999,-9999
510,2017,1,22,16,117,111,10027,70,26,0,-9999,-9999
511,2017,1,22,17,144,117,10015,90,51,0,-9999,-9999
512,2017,1,22,18,156,111,9997,80,46,0,-9999,-9999
513,2017,1,22,19,150,106,9986,70,46,0,-9999,-9999
514,2017,1,22,20,161,89,9986,70,51,0,-9999,-9999
515,2017,1,22,21,156,94,9987,50,41,0,-9999,-9999
516,2017,1,22,22,144,89,9982,30,51,2,-9999,-9999
517,2017,1,22,23,133,83,9986,40,46,-9999,-9999,-9999
518,2017,1,23,0,128,89,9989,50,51,0,-9999,-9999
519,2017,1,23,1,133,94,9990,50,67,-9999,-9999,-9999
520,2017,1,23,2,128,94,9990,40,46,-9999,-1,-9999
521,2017,1,23,3,122,89,9983,40,72,0,-1,-9999
522,2017,1,23,4,117,89,9978,30,77,4,-9999,-9999
523,2017,1,23,5,117,89,9975,30,62,-9999,-1,-9999
524,2017,1,23,6,111,89,9970,20,67,-9999,-1,-1
525,2017,1,23,7,106,83,9970,40,62,-9999,-9999,-9999
526,2017,1,23,8,100,83,9972,20,67,-9999,-9999,-9999
527,2017,1,23,9,89,78,9972,20,67,-9999,3,-9999
528,2017,1,23,10,83,72,9972,20,62,-9999,-1,-9999
529,2017,1,23,11,72,67,9976,10,57,-9999,-1,-9999
530,2017,1,23,12,61,61,9984,350,57,-9999,3,5
531,2017,1,23,13,56,56,9991,360,62,-9999,3,-9999
532,2017,1,23,14,61,56,9997,360,62,-9999,3,-9999
533,2017,1,23,15,67,61,10003,10,51,-9999,-1,-9999
534,2017,1,23,16,72,67,10009,360,62,-9999,-1,-9999
535,2017,1,23,17,78,72,10006,360,62,-9999,3,-9999
536,2017,1,23,18,83,78,10003,10,72,-9999,-1,8
537,2017,1,23,19,89,78,10002,360,62,-9999,-9999,-9999
538,2017,1,23,20,83,78,10002,360,57,-9999,-1,-9999
539,2017,1,23,21,78,72,10008,350,62,-9999,-1,-9999
540,2017,1,23,22,72,67,10016,360,51,-9999,-1,-9999
541,2017,1,23,23,67,61,10025,340,62,-9999,-1,-9999
542,2017,1,24,0,61,56,10032,330,51,-9999,-9999,-1
543,2017,1,24,1,56,50,10039,340,46,-9999,-9999,-9999
544,2017,1,24,2,50,44,10041,340,67,-9999,-1,-9999
545,2017,1,24,3,44,39,10045,320,51,-9999,-1,-9999
546,2017,1,24,4,44,33,10051,340,36,-9999,-1,-9999
547,2017,1,24,5,44,39,10055,330,41,-9999,-1,-9999
548,2017,1,24,6,44,39,10055,320,41,-9999,3,3
549,2017,1,24,7,44,39,10058,320,31,-9999,-1,-9999
550,2017,1,24,8,50,39,10060,330,26,-9999,-1,-9999
551,2017,1,24,9,50,40,-9999,290,31,-9999,-9999,-9999
552,2017,1,24,10,50,50,10067,310,67,-9999,-1,-9999
553,2017,1,24,11,50,50,10071,290,62,-9999,-1,-9999
554,2017,1,24,12,50,44,10081,310,41,-9999,-1,-1
555,2017,1,24,13,44,44,10089,300,57,-9999,-9999,-9999
556,2017,1,24,14,44,39,10096,290,57,-9999,-1,-9999
557,2017,1,24,15,44,39,10102,300,62,-9999,-9999,-9999
558,2017,1,24,16,44,39,10109,290,57,-9999,-1,-9999
559,2017,1,24,17,44,33,10109,310,51,-9999,-9999,-9999
560,2017,1,24,18,44,33,10101,300,62,-9999,-9999,-1
561,2017,1,24,19,50,33,10096,290,46,-9999,-9999,-9999
562,2017,1,24,20,50,33,10101,290,57,-9999,-9999,-9999
563,2017,1,24,21,50,22,10103,270,67,-9999,-9999,-9999
564,2017,1,24,22,44,22,10107,290,36,-9999,-9999,-9999
565,2017,1,24,23,39,11,10115,310,46,-9999,-9999,-9999
566,2017,1,25,0,39,11,10119,280,31,-9999,-9999,-9999
567,2017,1,25,1,39,11,10120,240,31,-9999,-9999,-9999
568,2017,1,25,2,33,11,10114,230,21,-9999,-9999,-9999
569,2017,1,25,3,33,11,10112,0,0,-9999,-9999,-9999
570,2017,1,25,4,33,11,10115,190,26,-9999,-9999,-9999
571,2017,1,25,5,33,11,10115,0,0,-9999,-9999,-9999
572,2017,1,25,6,28,11,10106,140,21,4,-9999,-9999
573,2017,1,25,7,28,11,10107,140,21,-9999,-9999,-9999
574,2017,1,25,8,33,17,10109,150,15,-9999,-9999,-9999
575,2017,1,25,9,33,17,10095,140,41,-9999,-9999,-9999
576,2017,1,25,10,28,11,10085,150,31,-9999,-9999,-9999
577,2017,1,25,11,28,17,10083,150,41,-9999,-9999,-9999
578,2017,1,25,12,17,6,10071,140,41,0,-9999,-9999
579,2017,1,25,13,22,11,10065,150,41,4,-9999,-9999
580,2017,1,25,14,39,17,10051,150,67,-9999,-9999,-9999
581,2017,1,25,15,44,22,10060,160,36,-9999,-1,-9999
582,2017,1,25,16,56,33,10059,180,21,-9999,8,-9999
583,2017,1,25,17,61,39,10043,180,41,-9999,-1,-9999
584,2017,1,25,18,72,50,10026,160,36,-9999,-1,8
585,2017,1,25,19,89,61,10010,200,36,-9999,-1,-9999
586,2017,1,25,20,106,72,10003,210,46,-9999,-1,-9999
587,2017,1,25,21,111,78,10004,200,51,-9999,-9999,-9999
588,2017,1,25,22,122,83,10002,210,72,4,-9999,-9999
589,2017,1,25,23,117,78,10010,220,46,-9999,-9999,-9999
590,2017,1,26,0,100,78,10015,230,26,4,-9999,-1
591,2017,1,26,1,78,50,10026,290,82,4,-9999,-9999
592,2017,1,26,2,61,22,10031,280,72,0,-9999,-9999
593,2017,1,26,3,44,17,10031,280,46,2,-9999,-9999
594,2017,1,26,4,39,11,10036,270,57,0,-9999,-9999
595,2017,1,26,5,33,0,10037,260,72,4,-9999,-9999
596,2017,1,26,6,22,-17,10039,260,57,4,-9999,-9999
597,2017,1,26,7,28,-22,10031,250,82,-9999,-9999,-9999
598,2017,1,26,8,22,-22,10033,250,72,-9999,-9999,-9999
599,2017,1,26,9,22,-22,10032,260,88,-9999,-9999,-9999
600,2017,1,26,10,22,-22,10033,260,82,-9999,-9999,-9999
601,2017,1,26,11,22,-22,10034,250,88,-9999,-9999,-9999
602,2017,1,26,12,17,-17,10040,250,108,-9999,-9999,-9999
603,2017,1,26,13,11,-6,10051,250,62,-9999,-1,-9999
604,2017,1,26,14,11,0,10059,250,88,-9999,-1,-9999
605,2017,1,26,15,11,0,10074,260,88,-9999,-1,-9999
606,2017,1,26,16,17,0,10084,270,88,-9999,-1,-9999
607,2017,1,26,17,22,-6,10090,270,98,-9999,-1,-9999
608,2017,1,26,18,28,-6,10092,270,77,-9999,-1,-1
609,2017,1,26,19,22,-11,10097,270,88,-9999,-1,-9999
610,2017,1,26,20,17,-17,10107,270,88,-9999,-1,-9999
611,2017,1,26,21,11,-22,10119,270,93,-9999,-1,-9999
612,2017,1,26,22,0,-22,10128,260,93,-9999,-1,-9999
613,2017,1,26,23,0,-22,10134,270,93,-9999,-1,-9999
614,2017,1,27,0,-6,-28,10141,260,93,-9999,-1,-1
615,2017,1,27,1,-6,-33,10145,260,77,-9999,-1,-9999
616,2017,1,27,2,-6,-39,10148,270,67,-9999,-1,-9999
617,2017,1,27,3,-6,-33,10148,250,62,-9999,-1,-9999
618,2017,1,27,4,-6,-39,10146,250,72,-9999,-1,-9999
619,2017,1,27,5,-11,-33,10149,240,67,-9999,-1,-9999
620,2017,1,27,6,-11,-28,10145,250,57,-9999,-1,-1
621,2017,1,27,7,-11,-28,10141,250,67,-9999,-1,-9999
622,2017,1,27,8,-11,-28,10141,260,77,-9999,-1,-9999
623,2017,1,27,9,-17,-28,10140,260,67,-9999,-1,-9999
624,2017,1,27,10,-17,-33,10137,250,72,-9999,-1,-9999
625,2017,1,27,11,-17,-39,10137,260,62,-9999,-1,-9999
626,2017,1,27,12,-22,-39,10141,250,62,-9999,-1,-1
627,2017,1,27,13,-22,-39,10142,250,57,-9999,-1,-9999
628,2017,1,27,14,-17,-39,10143,250,62,-9999,-1,-9999
629,2017,1,27,15,-17,-33,10141,240,67,-9999,-1,-9999
630,2017,1,27,16,-6,-44,10143,270,93,-9999,3,-9999
631,2017,1,27,17,0,-44,10137,270,72,-9999,-1,-9999
632,2017,1,27,18,0,-44,10129,260,62,-9999,-1,3
633,2017,1,27,19,-11,-39,10126,270,57,-9999,-1,-9999
634,2017,1,27,20,-6,-44,10124,250,57,-9999,-1,-9999
635,2017,1,27,21,-6,-44,10125,260,72,-9999,-1,-9999
636,2017,1,27,22,-6,-39,10126,250,72,-9999,-1,-9999
637,2017,1,27,23,-11,-39,10127,240,51,-9999,-1,-9999
638,2017,1,28,0,-11,-33,10127,260,41,-9999,-1,-1
639,2017,1,28,1,-11,-39,10125,260,98,-9999,-1,-9999
640,2017,1,28,2,-11,-56,10123,260,124,-9999,-1,-9999
641,2017,1,28,3,-17,-50,10123,260,93,-9999,-1,-9999
642,2017,1,28,4,-17,-56,10120,260,93,-9999,-1,-9999
643,2017,1,28,5,-22,-56,10118,270,93,-9999,-1,-9999
644,2017,1,28,6,-28,-56,10115,260,93,-9999,-1,-1
645,2017,1,28,7,-33,-61,10115,270,93,-9999,-1,-9999
646,2017,1,28,8,-33,-61,10114,260,77,-9999,-1,-9999
647,2017,1,28,9,-28,-67,10111,250,46,-9999,-9999,-9999
648,2017,1,28,10,-28,-61,10107,250,67,-9999,-9999,-9999
649,2017,1,28,11,-33,-61,10105,240,82,-9999,-9999,-9999
650,2017,1,28,12,-33,-61,10104,240,82,-9999,-9999,-1
651,2017,1,28,13,-39,-67,10106,230,77,-9999,-9999,-9999
652,2017,1,28,14,-28,-61,10105,230,72,4,-9999,-9999
653,2017,1,28,15,-22,-56,10103,230,77,-9999,-9999,-9999
654,2017,1,28,16,6,-50,10096,240,72,2,-9999,-9999
655,2017,1,28,17,11,-44,10091,230,67,-9999,-9999,-9999
656,2017,1,28,18,0,-39,10084,230,67,-9999,-9999,-9999
657,2017,1,28,19,-6,-39,10080,250,77,-9999,-9999,-9999
658,2017,1,28,20,-11,-39,10083,270,77,-9999,-9999,-9999
659,2017,1,28,21,-22,-44,10087,280,93,-9999,-9999,-9999
660,2017,1,28,22,-22,-44,10091,260,77,-9999,-1,-9999
661,2017,1,28,23,-22,-44,10098,250,62,-9999,-9999,-9999
662,2017,1,29,0,-17,-39,10102,250,51,-9999,-9999,-1
663,2017,1,29,1,-17,-39,10103,240,51,-9999,-9999,-9999
664,2017,1,29,2,-11,-39,10103,250,57,-9999,-9999,-9999
665,2017,1,29,3,-11,-39,10103,250,51,-9999,-9999,-9999
666,2017,1,29,4,-6,-39,10099,260,57,-9999,-9999,-9999
667,2017,1,29,5,-6,-33,10096,260,57,-9999,-1,-9999
668,2017,1,29,6,-17,-33,10098,290,62,-9999,-1,-1
669,2017,1,29,7,-17,-33,10097,280,36,-9999,-1,-9999
670,2017,1,29,8,-17,-33,10095,280,31,-9999,-1,-9999
671,2017,1,29,9,-17,-39,10092,310,36,-9999,-1,-9999
672,2017,1,29,10,-22,-44,10093,350,31,-9999,-1,-9999
673,2017,1,29,11,-28,-56,10092,320,26,-9999,-1,-9999
674,2017,1,29,12,-28,-56,10095,310,36,-9999,-1,-1
675,2017,1,29,13,-28,-61,10098,300,57,-9999,-1,-9999
676,2017,1,29,14,-28,-61,10100,310,41,-9999,-1,-9999
677,2017,1,29,15,-28,-61,10103,300,31,-9999,-1,-9999
678,2017,1,29,16,-22,-61,10102,320,36,-9999,-1,-9999
679,2017,1,29,17,-22,-67,10101,300,36,-9999,-1,-9999
680,2017,1,29,18,-22,-61,10096,300,41,-9999,-1,-1
681,2017,1,29,19,-17,-61,10088,280,51,-9999,-1,-9999
682,2017,1,29,20,-17,-56,10086,290,36,-9999,-1,-9999
683,2017,1,29,21,-17,-61,10089,270,46,-9999,-9999,-9999
684,2017,1,29,22,-28,-56,10096,290,77,-9999,-1,-9999
685,2017,1,29,23,-33,-56,10104,290,51,-9999,-1,-9999
686,2017,1,30,0,-33,-61,10111,290,41,-9999,-1,-1
687,2017,1,30,1,-33,-67,10115,290,67,-9999,-1,-9999
688,2017,1,30,2,-39,-72,10116,290,46,-9999,-1,-9999
689,2017,1,30,3,-39,-72,10117,290,41,-9999,-1,-9999
690,2017,1,30,4,-39,-72,10119,280,51,-9999,-9999,-9999
691,2017,1,30,5,-39,-67,10121,290,46,-9999,-1,-9999
692,2017,1,30,6,-39,-61,10120,280,57,-9999,-1,-1
693,2017,1,30,7,-39,-61,10121,270,62,-9999,-1,-9999
694,2017,1,30,8,-44,-61,10124,290,57,-9999,-1,-9999
695,2017,1,30,9,-50,-67,10127,290,62,-9999,-1,-9999
696,2017,1,30,10,-56,-72,10135,280,46,-9999,-1,-9999
697,2017,1,30,11,-56,-78,10144,280,67,-9999,-9999,-9999
698,2017,1,30,12,-67,-100,10152,280,57,4,-9999,-1
699,2017,1,30,13,-78,-100,10159,270,46,0,-9999,-9999
700,2017,1,30,14,-61,-100,10167,280,62,-9999,-9999,-9999
701,2017,1,30,15,-56,-94,10172,290,51,-9999,-9999,-9999
702,2017,1,30,16,-39,-83,10176,270,46,0,-9999,-9999
703,2017,1,30,17,-33,-83,10176,-9999,31,-9999,-9999,-9999
704,2017,1,30,18,-17,-83,10169,230,67,-9999,-9999,-9999
705,2017,1,30,19,-22,-89,10160,230,51,2,-9999,-9999
706,2017,1,30,20,-17,-94,10156,260,72,0,-9999,-9999
707,2017,1,30,21,-17,-94,10155,240,67,0,-9999,-9999
708,2017,1,30,22,-17,-89,10164,260,62,0,-9999,-9999
709,2017,1,30,23,-22,-89,10158,210,31,-9999,-9999,-9999
710,2017,1,31,0,-17,-94,10151,190,31,-9999,-9999,-9999
711,2017,1,31,1,-17,-83,10133,180,51,2,-9999,-9999
712,2017,1,31,2,-22,-78,10114,180,51,4,-9999,-9999
713,2017,1,31,3,-11,-72,10111,180,36,-9999,-9999,-9999
714,2017,1,31,4,-11,-67,10096,170,41,-9999,-9999,-9999
715,2017,1,31,5,-6,-61,10075,170,51,-9999,-9999,-9999
716,2017,1,31,6,-6,-61,10057,160,36,0,-9999,-9999
717,2017,1,31,7,6,-61,10045,210,57,0,-9999,-9999
718,2017,1,31,8,11,-50,10035,220,67,0,-9999,-9999
719,2017,1,31,9,28,-22,10030,240,98,-9999,-9999,-9999
720,2017,1,31,10,33,-17,10033,250,77,-9999,-9999,-9999
721,2017,1,31,11,39,-6,10035,260,88,-9999,-9999,-9999
722,2017,1,31,12,39,-6,10042,260,98,-9999,-9999,-9999
723,2017,1,31,13,39,-6,10051,260,103,-9999,-9999,-9999
724,2017,1,31,14,33,-6,10064,260,93,-9999,-9999,-9999
725,2017,1,31,15,39,-6,10073,260,98,-9999,-9999,-9999
726,2017,1,31,16,39,-6,10083,250,93,-9999,-9999,-9999
727,2017,1,31,17,39,-6,10091,260,93,-9999,-9999,-9999
728,2017,1,31,18,39,-6,10090,260,103,-9999,-9999,-9999
729,2017,1,31,19,44,-17,10089,260,124,-9999,-9999,-9999
730,2017,1,31,20,39,-11,10093,260,113,-9999,-9999,-9999
731,2017,1,31,21,39,-17,10102,260,98,-9999,-9999,-9999
732,2017,1,31,22,39,-17,10113,260,93,-9999,-9999,-9999
733,2017,1,31,23,39,-17,10125,270,98,-9999,-9999,-9999
734,2017,2,1,0,33,-11,10136,270,62,-9999,-9999,-9999
735,2017,2,1,1,28,-11,10142,270,41,4,-9999,-9999
736,2017,2,1,2,22,-11,10145,250,51,4,-9999,-9999
737,2017,2,1,3,28,-11,10146,250,51,-9999,-9999,-9999
738,2017,2,1,4,17,-11,10149,240,31,0,-9999,-9999
739,2017,2,1,5,28,-6,10152,250,51,-9999,-9999,-9999
740,2017,2,1,6,28,-6,10158,250,46,-9999,-9999,-9999
741,2017,2,1,7,28,-6,10158,250,51,-9999,-9999,-9999
742,2017,2,1,8,28,-6,10153,250,46,-9999,-9999,-9999
743,2017,2,1,9,22,-6,10153,250,41,-9999,-9999,-9999
744,2017,2,1,10,22,-6,10155,250,46,-9999,-9999,-9999
745,2017,2,1,11,22,-6,10159,240,41,-9999,-9999,-9999
746,2017,2,1,12,22,-6,10166,250,46,-9999,-9999,-9999
747,2017,2,1,14,17,-6,10184,260,51,-9999,-1,-9999
748,2017,2,1,15,22,-11,10182,260,41,-9999,-1,-9999
749,2017,2,1,16,28,6,10184,230,51,-9999,-9999,-9999
750,2017,2,1,18,33,-11,10176,260,51,-9999,-9999,-1
751,2017,2,1,19,39,-17,10173,280,51,-9999,-9999,-9999
752,2017,2,1,20,39,-22,10182,280,62,-9999,-9999,-9999
753,2017,2,1,21,39,-22,10183,260,57,-9999,-9999,-9999
754,2017,2,1,22,39,-17,10192,260,62,-9999,-9999,-9999
755,2017,2,1,23,28,-17,10199,280,31,-9999,-9999,-9999
756,2017,2,2,0,6,-33,10205,280,21,2,-9999,-9999
757,2017,2,2,1,6,-33,10210,270,26,2,-9999,-9999
758,2017,2,2,2,0,-28,10215,270,26,-9999,-9999,-9999
759,2017,2,2,3,-6,-33,10215,0,0,2,-9999,-9999
760,2017,2,2,4,-6,-33,10220,280,46,0,-9999,-9999
761,2017,2,2,5,0,-28,10218,280,36,-9999,-9999,-9999
762,2017,2,2,6,0,-33,10219,280,46,-9999,-9999,-9999
763,2017,2,2,7,0,-39,10220,290,41,-9999,-9999,-9999
764,2017,2,2,8,-6,-39,10226,280,46,4,-9999,-9999
765,2017,2,2,9,-11,-56,10228,290,67,0,-9999,-9999
766,2017,2,2,10,-22,-67,10235,280,41,0,-9999,-9999
767,2017,2,2,11,-33,-67,10242,290,51,0,-9999,-9999
768,2017,2,2,12,-39,-67,10251,280,31,4,-9999,-9999
769,2017,2,2,13,-39,-67,10262,290,51,4,-9999,-9999
770,2017,2,2,14,-39,-67,10269,290,51,0,-9999,-9999
771,2017,2,2,15,-33,-78,10274,310,57,-9999,-9999,-9999
772,2017,2,2,16,-33,-83,10281,300,51,2,-9999,-9999
773,2017,2,2,17,-28,-89,10284,310,57,0,-9999,-9999
774,2017,2,2,18,-22,-94,10278,290,62,2,-9999,-9999
775,2017,2,2,19,-17,-117,10273,300,72,0,-9999,-9999
776,2017,2,2,20,-6,-94,10267,310,51,0,-9999,-9999
777,2017,2,2,21,-6,-94,10272,270,51,0,-9999,-9999
778,2017,2,2,22,-11,-94,10278,300,51,0,-9999,-9999
779,2017,2,2,23,-28,-106,10282,300,36,0,-9999,-9999
780,2017,2,3,1,-39,-106,10284,300,36,0,-9999,-9999
781,2017,2,3,2,-50,-106,10283,300,36,0,-9999,-9999
782,2017,2,3,3,-56,-106,10285,300,31,0,-9999,-9999
783,2017,2,3,4,-61,-100,10283,280,26,0,-9999,-9999
784,2017,2,3,5,-67,-100,10282,280,21,0,-9999,-9999
785,2017,2,3,6,-67,-100,10281,280,26,0,-9999,-9999
786,2017,2,3,7,-67,-100,10276,300,26,0,-9999,-9999
787,2017,2,3,8,-67,-100,10275,290,31,0,-9999,-9999
788,2017,2,3,9,-72,-100,10279,300,31,0,-9999,-9999
789,2017,2,3,10,-67,-100,10278,300,21,-9999,-9999,-9999
790,2017,2,3,11,-67,-106,10285,300,51,4,-9999,-9999
791,2017,2,3,12,-67,-111,10283,290,36,-9999,-9999,-9999
792,2017,2,3,13,-67,-111,10290,290,36,-9999,-9999,-9999
793,2017,2,3,14,-67,-111,10293,290,41,-9999,-9999,-9999
794,2017,2,3,15,-61,-111,10299,310,41,-9999,-9999,-9999
795,2017,2,3,16,-56,-106,10298,280,51,-9999,-9999,-9999
796,2017,2,3,17,-50,-106,10298,310,51,-9999,-9999,-9999
797,2017,2,3,18,-50,-111,10295,310,62,-9999,-9999,-9999
798,2017,2,3,19,-44,-111,10294,300,67,-9999,-9999,-9999
799,2017,2,3,20,-33,-106,10297,290,67,4,-9999,-9999
800,2017,2,3,21,-33,-106,10298,280,67,0,-9999,-9999
801,2017,2,3,22,-33,-111,10306,290,72,2,-9999,-9999
802,2017,2,3,23,-44,-117,10313,290,62,0,-9999,-9999
803,2017,2,4,0,-61,-111,10323,280,36,0,-9999,-9999
804,2017,2,4,1,-72,-117,10328,260,31,0,-9999,-9999
805,2017,2,4,2,-78,-117,10330,270,36,0,-9999,-9999
806,2017,2,4,3,-89,-128,10333,260,26,0,-9999,-9999
807,2017,2,4,4,-83,-128,10330,270,26,0,-9999,-9999
808,2017,2,4,5,-89,-133,10332,230,26,0,-9999,-9999
809,2017,2,4,6,-100,-133,10330,240,21,0,-9999,-9999
810,2017,2,4,7,-94,-133,10328,250,21,0,-9999,-9999
811,2017,2,4,8,-100,-133,10330,250,15,0,-9999,-9999
812,2017,2,4,9,-106,-133,10332,240,26,0,-9999,-9999
813,2017,2,4,10,-94,-133,10333,250,21,0,-9999,-9999
814,2017,2,4,11,-106,-133,10333,220,15,0,-9999,-9999
815,2017,2,4,12,-111,-133,10338,220,15,0,-9999,-9999
816,2017,2,4,13,-111,-139,10340,200,21,0,-9999,-9999
817,2017,2,4,14,-78,-117,10340,200,21,0,-9999,-9999
818,2017,2,4,15,-50,-106,10339,200,21,0,-9999,-9999
819,2017,2,4,16,-33,-128,10338,220,41,0,-9999,-9999
820,2017,2,4,17,-22,-117,10325,200,36,0,-9999,-9999
821,2017,2,4,18,-17,-117,10309,170,41,0,-9999,-9999
822,2017,2,4,19,-11,-117,10292,200,41,0,-9999,-9999
823,2017,2,4,20,6,-117,10273,160,36,0,-9999,-9999
824,2017,2,4,21,0,-111,10266,180,41,0,-9999,-9999
825,2017,2,4,22,-6,-106,10245,170,57,2,-9999,-9999
826,2017,2,4,23,-11,-106,10237,170,41,0,-9999,-9999
827,2017,2,5,0,-11,-94,10233,190,21,0,-9999,-9999
828,2017,2,5,1,-17,-94,10224,160,26,0,-9999,-9999
829,2017,2,5,2,-22,-100,10213,170,26,0,-9999,-9999
830,2017,2,5,3,-22,-94,10203,170,26,-9999,-9999,-9999
831,2017,2,5,4,-17,-100,10194,180,36,-9999,-9999,-9999
832,2017,2,5,5,-11,-94,10187,170,15,-9999,-9999,-9999
833,2017,2,5,6,-6,-94,10175,0,0,-9999,-9999,-9999
834,2017,2,5,7,0,-106,10167,210,31,-9999,-9999,-9999
835,2017,2,5,8,6,-106,10160,210,41,-9999,-9999,-9999
836,2017,2,5,9,6,-100,10158,220,51,-9999,-9999,-9999
837,2017,2,5,10,11,-89,10153,220,41,-9999,-9999,-9999
838,2017,2,5,11,22,-78,10157,250,77,-9999,-9999,-9999
839,2017,2,5,12,22,-61,10158,240,57,-9999,-9999,-9999
840,2017,2,5,13,11,-61,10159,240,67,2,-9999,-9999
841,2017,2,5,14,28,-50,10161,240,72,0,-9999,-9999
842,2017,2,5,15,39,-44,10162,250,98,0,-9999,-9999
843,2017,2,5,16,56,-39,10162,250,103,0,-9999,-9999
844,2017,2,5,17,61,-33,10161,260,88,0,-9999,-9999
845,2017,2,5,18,72,-22,10156,260,82,0,-9999,-9999
846,2017,2,5,19,83,-17,10152,270,98,0,-9999,-9999
847,2017,2,5,20,83,-17,10152,250,88,0,-9999,-9999
848,2017,2,5,21,78,-17,10158,250,77,0,-9999,-9999
849,2017,2,5,22,72,-17,10168,270,67,0,-9999,-9999
850,2017,2,5,23,56,-22,10180,280,67,0,-9999,-9999
851,2017,2,6,0,28,-28,10189,260,41,0,-9999,-9999
852,2017,2,6,1,22,-28,10198,300,21,0,-9999,-9999
853,2017,2,6,2,11,-33,10204,290,26,0,-9999,-9999
854,2017,2,6,3,6,-33,10210,290,26,0,-9999,-9999
855,2017,2,6,4,6,-33,10210,300,21,0,-9999,-9999
856,2017,2,6,5,-11,-33,10213,0,0,0,-9999,-9999
857,2017,2,6,6,-33,-44,10206,40,21,0,-9999,-9999
858,2017,2,6,7,-33,-44,10200,120,26,0,-9999,-9999
859,2017,2,6,8,-33,-44,10199,120,26,0,-9999,-9999
860,2017,2,6,9,-33,-50,10200,100,21,0,-9999,-9999
861,2017,2,6,10,-33,-50,10203,110,26,0,-9999,-9999
862,2017,2,6,11,-44,-61,10204,110,31,0,-9999,-9999
863,2017,2,6,12,-28,-39,10206,160,21,0,-9999,-9999
864,2017,2,6,13,-28,-44,10205,170,31,0,-9999,-9999
865,2017,2,6,14,6,-22,10201,170,31,0,-9999,-9999
866,2017,2,6,15,56,0,10193,200,41,0,-9999,-9999
867,2017,2,6,16,83,28,10192,210,36,0,-9999,-9999
868,2017,2,6,17,100,33,10185,220,41,0,-9999,-9999
869,2017,2,6,18,122,39,10172,220,51,0,-9999,-9999
870,2017,2,6,19,133,44,10154,190,36,0,-9999,-9999
871,2017,2,6,20,144,44,10144,170,51,0,-9999,-9999
872,2017,2,6,21,139,50,10141,180,57,0,-9999,-9999
873,2017,2,6,22,133,44,10134,170,31,-9999,-9999,-9999
874,2017,2,6,23,128,50,10127,180,41,-9999,-9999,-9999
875,2017,2,7,0,100,72,10127,180,46,-9999,5,5
876,2017,2,7,1,94,83,10122,170,15,-9999,3,-9999
877,2017,2,7,2,94,78,10112,170,21,-9999,3,-9999
878,2017,2,7,3,100,89,10107,200,31,-9999,-1,-9999
879,2017,2,7,4,111,106,10096,200,46,-9999,-9999,-9999
880,2017,2,7,5,117,111,10088,200,36,-9999,-9999,-9999
881,2017,2,7,6,117,117,10079,200,41,-9999,58,64
882,2017,2,7,7,122,117,10070,190,67,-9999,30,-9999
883,2017,2,7,8,122,117,10058,170,51,-9999,94,-9999
884,2017,2,7,9,122,117,10054,160,36,-9999,38,-9999
885,2017,2,7,10,133,128,10043,210,62,-9999,8,-9999
886,2017,2,7,11,139,128,10035,210,62,-9999,3,-9999
887,2017,2,7,12,144,128,10031,200,67,-9999,-9999,173
888,2017,2,7,13,139,128,10034,200,67,-9999,-9999,-9999
889,2017,2,7,14,144,122,10030,200,51,-9999,-9999,-9999
890,2017,2,7,15,139,122,10019,200,77,-9999,-9999,-9999
891,2017,2,7,16,139,117,10011,200,62,-9999,-1,-9999
892,2017,2,7,17,144,122,9997,210,93,-9999,-1,-9999
893,2017,2,7,18,144,117,9989,200,82,-9999,-1,-1
894,2017,2,7,19,150,117,9981,200,88,-9999,-9999,-9999
895,2017,2,7,20,144,111,9974,210,82,-9999,-9999,-9999
896,2017,2,7,21,144,117,9974,220,98,-9999,-1,-9999
897,2017,2,7,22,139,111,9979,220,77,-9999,-1,-9999
898,2017,2,7,23,139,117,9982,220,103,-9999,-1,-9999
899,2017,2,8,0,133,117,9991,230,93,-9999,-1,-1
900,2017,2,8,1,139,117,9991,220,98,-9999,-9999,-9999
901,2017,2,8,2,133,111,9999,250,72,-9999,-9999,-9999
902,2017,2,8,3,128,106,10011,270,88,-9999,-9999,-9999
903,2017,2,8,4,111,78,10026,270,118,-9999,-9999,-9999
904,2017,2,8,5,94,67,10030,270,82,-9999,-9999,-9999
905,2017,2,8,6,100,61,10031,250,46,-9999,-9999,-9999
906,2017,2,8,7,94,67,10033,250,51,-9999,-9999,-9999
907,2017,2,8,8,89,67,10041,290,77,-9999,-9999,-9999
908,2017,2,8,9,67,44,10053,300,67,-9999,-9999,-9999
909,2017,2,8,10,50,28,10064,310,77,-9999,-9999,-9999
910,2017,2,8,11,33,11,10080,310,67,-9999,-9999,-9999
911,2017,2,8,12,28,11,10092,300,36,-9999,-9999,-9999
912,2017,2,8,13,22,6,10099,320,41,-9999,-9999,-9999
913,2017,2,8,14,28,6,10099,320,51,-9999,-9999,-9999
914,2017,2,8,15,28,11,10108,320,41,-9999,-9999,-9999
915,2017,2,8,16,28,11,10108,330,36,-9999,-9999,-9999
916,2017,2,8,17,33,11,10114,360,41,-9999,-9999,-9999
917,2017,2,8,18,33,11,10103,10,36,-9999,-9999,-9999
918,2017,2,8,19,28,17,10078,50,57,-9999,-9999,-9999
919,2017,2,8,20,33,11,10093,20,26,-9999,-9999,-9999
920,2017,2,8,21,33,11,10101,320,36,-9999,-9999,-9999
921,2017,2,8,22,22,0,10101,10,57,-9999,-9999,-9999
922,2017,2,8,23,11,-6,10099,10,67,-9999,-9999,-9999
923,2017,2,9,0,0,-11,10100,10,62,-9999,-1,-1
924,2017,2,9,1,-6,-11,10108,360,51,-9999,-1,-9999
925,2017,2,9,2,-11,-17,10110,350,51,-9999,-1,-9999
926,2017,2,9,3,-11,-22,10120,340,51,-9999,-1,-9999
927,2017,2,9,4,-17,-33,10125,340,67,-9999,-1,-9999
928,2017,2,9,5,-22,-39,10133,330,67,-9999,-1,-9999
929,2017,2,9,6,-28,-44,10139,340,57,-9999,-9999,-1
930,2017,2,9,7,-33,-50,10149,320,62,-9999,-9999,-9999
931,2017,2,9,8,-33,-50,10163,300,62,-9999,-9999,-9999
932,2017,2,9,9,-33,-61,10165,310,77,-9999,-1,-9999
933,2017,2,9,10,-39,-72,10175,300,67,-9999,-1,-9999
934,2017,2,9,11,-39,-78,10185,290,41,-9999,-9999,-9999
935,2017,2,9,12,-44,-72,10188,280,72,-9999,-1,-1
936,2017,2,9,13,-44,-78,10191,290,72,-9999,-1,-9999
937,2017,2,9,14,-50,-78,10198,300,77,-9999,-1,-9999
938,2017,2,9,15,-56,-83,10210,300,93,-9999,-1,-9999
939,2017,2,9,16,-56,-94,10225,290,103,-9999,-1,-9999
940,2017,2,9,17,-56,-117,10237,300,93,-9999,-1,-9999
941,2017,2,9,18,-61,-128,10242,310,88,-9999,-9999,-1
942,2017,2,9,19,-50,-117,10245,300,98,-9999,-1,-9999
943,2017,2,9,20,-56,-122,10255,300,77,-9999,-9999,-9999
944,2017,2,9,21,-56,-111,10264,290,77,-9999,-1,-9999
945,2017,2,9,22,-72,-128,10272,300,72,-9999,-1,-9999
946,2017,2,9,23,-78,-133,10274,280,72,-9999,-9999,-9999
947,2017,2,10,0,-94,-139,10284,280,41,0,-9999,-1
948,2017,2,10,1,-106,-139,10291,270,41,0,-9999,-9999
949,2017,2,10,2,-106,-139,10295,280,36,0,-9999,-9999
950,2017,2,10,3,-122,-150,10296,250,21,0,-9999,-9999
951,2017,2,10,4,-117,-144,10296,260,26,0,-9999,-9999
952,2017,2,10,5,-111,-133,10298,250,31,0,-9999,-9999
953,2017,2,10,6,-106,-133,10300,240,26,0,-9999,-9999
954,2017,2,10,7,-100,-133,10296,210,15,0,-9999,-9999
955,2017,2,10,8,-94,-128,10296,220,26,0,-9999,-9999
956,2017,2,10,9,-89,-128,10296,230,26,2,-9999,-9999
957,2017,2,10,10,-83,-128,10295,160,15,-9999,-9999,-9999
958,2017,2,10,11,-78,-117,10286,140,31,-9999,-9999,-9999
959,2017,2,10,12,-72,-117,10288,160,26,-9999,-9999,-9999
960,2017,2,10,13,-67,-117,10281,160,36,-9999,-9999,-9999
961,2017,2,10,14,-56,-100,10274,160,57,-9999,-9999,-9999
962,2017,2,10,15,-50,-94,10265,180,41,4,-9999,-9999
963,2017,2,10,16,-39,-89,10250,180,41,0,-9999,-9999
964,2017,2,10,17,-28,-89,10230,190,67,0,-9999,-9999
965,2017,2,10,18,-11,-83,10205,180,51,0,-9999,-9999
966,2017,2,10,19,0,-78,10180,170,72,2,-9999,-9999
967,2017,2,10,20,17,-78,10161,180,51,0,-9999,-9999
968,2017,2,10,21,28,-61,10146,180,36,0,-9999,-9999
969,2017,2,10,22,33,-56,10137,170,36,0,-9999,-9999
970,2017,2,10,23,28,-39,10129,160,36,0,-9999,-9999
971,2017,2,11,0,28,-33,10127,160,36,0,-9999,-9999
972,2017,2,11,1,33,-33,10116,150,41,0,-9999,-9999
973,2017,2,11,2,33,-39,10120,160,15,0,-9999,-9999
974,2017,2,11,3,44,-33,10113,220,41,0,-9999,-9999
975,2017,2,11,4,56,-22,10114,230,57,0,-9999,-9999
976,2017,2,11,5,67,-17,10114,230,62,0,-9999,-9999
977,2017,2,11,6,78,-17,10113,230,72,0,-9999,-9999
978,2017,2,11,7,72,-11,10114,220,72,0,-9999,-9999
979,2017,2,11,8,83,-11,10115,230,77,0,-9999,-9999
980,2017,2,11,9,83,-6,10115,230,77,0,-9999,-9999
981,2017,2,11,10,83,0,10122,230,72,0,-9999,-9999
982,2017,2,11,11,83,6,10125,230,57,0,-9999,-9999
983,2017,2,11,12,83,11,10126,220,62,0,-9999,-9999
984,2017,2,11,13,78,22,10137,220,51,0,-9999,-9999
985,2017,2,11,14,83,28,10141,220,46,0,-9999,-9999
986,2017,2,11,15,94,44,10143,220,51,0,-9999,-9999
987,2017,2,11,16,117,67,10140,230,67,0,-9999,-9999
988,2017,2,11,17,144,83,10144,250,67,0,-9999,-9999
989,2017,2,11,18,161,94,10136,270,77,0,-9999,-9999
990,2017,2,11,19,167,94,10136,260,72,0,-9999,-9999
991,2017,2,11,20,167,100,10130,250,41,2,-9999,-9999
992,2017,2,11,21,167,106,10130,240,41,-9999,-9999,-9999
993,2017,2,11,22,161,106,10129,200,31,-9999,-9999,-9999
994,2017,2,11,23,150,106,10129,190,21,-9999,-9999,-9999
995,2017,2,12,0,144,106,10133,190,21,-9999,-9999,-9999
996,2017,2,12,1,133,106,10135,0,0,-9999,-9999,-9999
997,2017,2,12,2,144,106,10135,200,31,-9999,-9999,-9999
998,2017,2,12,3,139,111,10126,190,46,-9999,-9999,-9999
999,2017,2,12,4,122,117,10119,150,31,-9999,15,-9999
1000,2017,2,12,5,122,117,10108,160,36,-9999,-1,-9999
1001,2017,2,12,6,128,122,10097,170,36,-9999,-1,15
1002,2017,2,12,7,133,128,10084,190,36,-9999,13,-9999
1003,2017,2,12,8,139,139,10076,220,51,-9999,8,-9999
1004,2017,2,12,9,144,139,10067,220,51,-9999,-9999,-9999
1005,2017,2,12,10,144,139,10064,230,51,-9999,-1,-9999
1006,2017,2,12,11,150,139,10068,250,57,-9999,-9999,-9999
1007,2017,2,12,12,144,139,10071,260,77,-9999,-1,20
1008,2017,2,12,13,83,78,10094,310,57,-9999,3,-9999
1009,2017,2,12,14,50,44,10115,320,57,-9999,-9999,-9999
1010,2017,2,12,15,56,50,10130,300,51,-9999,-9999,-9999
1011,2017,2,12,16,56,50,10140,310,62,-9999,-9999,-9999
1012,2017,2,12,17,56,50,10158,290,67,-9999,-9999,-9999
1013,2017,2,12,18,72,56,10152,290,62,-9999,-9999,3
1014,2017,2,12,19,83,56,10149,270,82,-9999,-9999,-9999
1015,2017,2,12,20,94,61,10150,280,72,-9999,-9999,-9999
1016,2017,2,12,21,106,22,10154,280,129,-9999,-9999,-9999
1017,2017,2,12,22,94,17,10163,280,88,-9999,-9999,-9999
1018,2017,2,12,23,83,6,10174,290,149,-9999,-9999,-9999
1019,2017,2,13,0,67,-11,10194,280,113,-9999,-9999,-9999
1020,2017,2,13,1,50,-44,10211,300,88,2,-9999,-9999
1021,2017,2,13,2,39,-67,10223,300,72,0,-9999,-9999
1022,2017,2,13,3,28,-78,10233,310,72,0,-9999,-9999
1023,2017,2,13,4,17,-78,10244,310,77,0,-9999,-9999
1024,2017,2,13,5,11,-72,10248,310,82,0,-9999,-9999
1025,2017,2,13,6,6,-67,10255,300,62,0,-9999,-9999
1026,2017,2,13,7,0,-61,10259,310,51,0,-9999,-9999
1027,2017,2,13,8,-6,-61,10258,310,41,0,-9999,-9999
1028,2017,2,13,9,-11,-61,10255,310,46,0,-9999,-9999
1029,2017,2,13,10,-22,-61,10260,280,41,0,-9999,-9999
1030,2017,2,13,11,-28,-61,10263,260,41,0,-9999,-9999
1031,2017,2,13,12,-28,-61,10268,250,41,0,-9999,-9999
1032,2017,2,13,13,-22,-56,10275,270,41,0,-9999,-9999
1033,2017,2,13,14,-6,-50,10277,290,51,0,-9999,-9999
1034,2017,2,13,15,11,-50,10280,300,51,0,-9999,-9999
1035,2017,2,13,16,22,-50,10276,330,46,0,-9999,-9999
1036,2017,2,13,17,39,-50,10274,300,41,0,-9999,-9999
1037,2017,2,13,18,50,-56,10259,250,46,0,-9999,-9999
1038,2017,2,13,19,61,-56,10249,280,57,0,-9999,-9999
1039,2017,2,13,20,61,-61,10243,320,41,0,-9999,-9999
1040,2017,2,13,21,67,-61,10232,290,46,0,-9999,-9999
1041,2017,2,13,22,67,-56,10225,270,41,0,-9999,-9999
1042,2017,2,13,23,44,-50,10220,250,26,0,-9999,-9999
1043,2017,2,14,0,28,-61,10217,230,21,0,-9999,-9999
1044,2017,2,14,1,17,-61,10213,240,26,0,-9999,-9999
1045,2017,2,14,2,11,-67,10211,250,15,0,-9999,-9999
1046,2017,2,14,3,-6,-56,10207,200,15,0,-9999,-9999
1047,2017,2,14,4,0,-61,10196,220,26,0,-9999,-9999
1048,2017,2,14,5,11,-61,10184,220,21,0,-9999,-9999
1049,2017,2,14,6,6,-56,10181,230,21,0,-9999,-9999
1050,2017,2,14,7,6,-56,10170,210,26,0,-9999,-9999
1051,2017,2,14,8,6,-50,10164,220,26,0,-9999,-9999
1052,2017,2,14,9,11,-50,10156,210,26,-9999,-9999,-9999
1053,2017,2,14,10,11,-50,10149,200,26,-9999,-9999,-9999
1054,2017,2,14,11,11,-44,10148,220,36,-9999,-9999,-9999
1055,2017,2,14,12,11,-44,10148,220,41,-9999,-9999,-9999
1056,2017,2,14,13,11,-44,10150,220,41,0,-9999,-9999
1057,2017,2,14,14,22,-28,10147,220,46,0,-9999,-9999
1058,2017,2,14,15,39,-11,10131,210,57,0,-9999,-9999
1059,2017,2,14,16,61,-11,10121,220,77,0,-9999,-9999
1060,2017,2,14,17,83,-17,10120,250,88,0,-9999,-9999
1061,2017,2,14,18,89,-22,10109,260,88,0,-9999,-9999
1062,2017,2,14,19,100,-17,10102,260,72,0,-9999,-9999
1063,2017,2,14,20,106,-6,10090,250,77,0,-9999,-9999
1064,2017,2,14,21,106,-11,10085,260,93,0,-9999,-9999
1065,2017,2,14,22,89,-11,10083,240,72,0,-9999,-9999
1066,2017,2,14,23,78,-11,10080,240,57,0,-9999,-9999
1067,2017,2,15,0,67,-11,10082,250,46,0,-9999,-9999
1068,2017,2,15,1,50,-11,10076,240,41,0,-9999,-9999
1069,2017,2,15,2,56,-11,10069,250,46,0,-9999,-9999
1070,2017,2,15,3,50,-17,10063,240,51,0,-9999,-9999
1071,2017,2,15,4,50,-11,10059,260,72,0,-9999,-9999
1072,2017,2,15,5,50,-11,10050,260,57,0,-9999,-9999
1073,2017,2,15,6,44,-6,10045,260,67,-9999,-9999,-9999
1074,2017,2,15,7,44,-11,10042,280,67,0,-9999,-9999
1075,2017,2,15,8,33,-11,10043,290,72,0,-9999,-9999
1076,2017,2,15,9,22,-33,10052,330,67,-9999,-9999,-9999
1077,2017,2,15,10,6,-50,10058,330,46,-9999,-9999,-9999
1078,2017,2,15,11,0,-50,10059,330,51,-9999,-9999,-9999
1079,2017,2,15,12,-6,-50,10065,310,51,0,-9999,-9999
1080,2017,2,15,13,-11,-78,10073,330,51,0,-9999,-9999
1081,2017,2,15,14,0,-72,10081,320,72,0,-9999,-9999
1082,2017,2,15,15,6,-72,10086,330,93,-9999,-9999,-9999
1083,2017,2,15,16,17,-67,10091,310,108,-9999,-9999,-9999
1084,2017,2,15,17,6,-67,10098,310,72,-9999,-9999,-9999
1085,2017,2,15,18,6,-61,10094,300,67,-9999,-9999,-9999
1086,2017,2,15,19,11,-56,10091,310,57,-9999,-9999,-9999
1087,2017,2,15,20,17,-56,10091,310,62,-9999,-9999,-9999
1088,2017,2,15,21,22,-61,10092,300,88,-9999,-9999,-9999
1089,2017,2,15,22,17,-61,10094,290,82,-9999,-9999,-9999
1090,2017,2,15,23,11,-78,10100,290,88,4,-9999,-9999
1091,2017,2,16,0,0,-56,10110,320,67,-9999,-9999,-9999
1092,2017,2,16,1,-6,-67,10120,320,51,-9999,-9999,-9999
1093,2017,2,16,2,-17,-78,10124,300,62,-9999,-9999,-9999
1094,2017,2,16,3,-28,-72,10129,300,36,4,-9999,-9999
1095,2017,2,16,4,-22,-72,10126,300,41,-9999,-9999,-9999
1096,2017,2,16,5,-39,-72,10127,290,36,0,-9999,-9999
1097,2017,2,16,6,-33,-72,10124,300,31,2,-9999,-9999
1098,2017,2,16,7,-33,-67,10125,280,31,0,-9999,-9999
1099,2017,2,16,8,-44,-72,10125,280,31,-9999,-9999,-9999
1100,2017,2,16,9,-56,-72,10124,280,26,0,-9999,-9999
1101,2017,2,16,10,-56,-78,10129,260,26,0,-9999,-9999
1102,2017,2,16,11,-56,-78,10135,280,31,2,-9999,-9999
1103,2017,2,16,12,-44,-67,10141,280,36,-9999,-9999,-9999
1104,2017,2,16,13,-50,-72,10151,280,31,4,-9999,-9999
1105,2017,2,16,14,-28,-61,10154,290,41,0,-9999,-9999
1106,2017,2,16,15,-11,-56,10160,320,41,2,-9999,-9999
1107,2017,2,16,16,0,-67,10159,330,46,4,-9999,-9999
1108,2017,2,16,17,6,-72,10162,320,51,2,-9999,-9999
1109,2017,2,16,18,17,-72,10154,290,62,0,-9999,-9999
1110,2017,2,16,19,28,-67,10148,280,36,0,-9999,-9999
1111,2017,2,16,20,28,-72,10146,270,36,-9999,-9999,-9999
1112,2017,2,16,21,22,-72,10146,250,51,-9999,-9999,-9999
1113,2017,2,16,22,17,-72,10140,250,36,-9999,-9999,-9999
1114,2017,2,16,23,11,-78,10141,250,31,4,-9999,-9999
1115,2017,2,17,0,-6,-67,10138,180,15,0,-9999,-9999
1116,2017,2,17,1,-6,-67,10136,160,26,0,-9999,-9999
1117,2017,2,17,2,-17,-61,10132,110,21,0,-9999,-9999
1118,2017,2,17,3,-17,-50,10140,110,15,4,-9999,-9999
1119,2017,2,17,4,-11,-44,10139,100,21,-9999,-9999,-9999
1120,2017,2,17,5,6,-50,10134,150,31,-9999,-9999,-9999
1121,2017,2,17,6,11,-50,10124,150,51,-9999,-9999,-9999
1122,2017,2,17,7,6,-50,10116,120,41,0,-9999,-9999
1123,2017,2,17,8,-6,-50,10109,150,41,0,-9999,-9999
1124,2017,2,17,9,-6,-44,10103,150,31,0,-9999,-9999
1125,2017,2,17,10,-22,-56,10101,120,26,0,-9999,-9999
1126,2017,2,17,11,-17,-50,10101,130,26,0,-9999,-9999
1127,2017,2,17,12,-22,-50,10103,130,21,0,-9999,-9999
1128,2017,2,17,13,0,-33,10103,180,21,0,-9999,-9999
1129,2017,2,17,14,39,-28,10102,210,46,0,-9999,-9999
1130,2017,2,17,15,67,-11,10104,230,46,0,-9999,-9999
1131,2017,2,17,16,111,6,10103,240,67,0,-9999,-9999
1132,2017,2,17,17,128,11,10100,240,57,0,-9999,-9999
1133,2017,2,17,18,144,17,10092,230,57,0,-9999,-9999
1134,2017,2,17,19,161,28,10085,220,72,0,-9999,-9999
1135,2017,2,17,20,167,28,10082,220,62,0,-9999,-9999
1136,2017,2,17,21,172,28,10078,220,62,0,-9999,-9999
1137,2017,2,17,22,172,28,10079,230,77,0,-9999,-9999
1138,2017,2,17,23,156,28,10086,220,57,0,-9999,-9999
1139,2017,2,18,0,128,22,10093,220,41,0,-9999,-9999
1140,2017,2,18,1,122,22,10096,220,41,0,-9999,-9999
1141,2017,2,18,2,117,17,10096,220,46,0,-9999,-9999
1142,2017,2,18,3,106,17,10099,220,46,0,-9999,-9999
1143,2017,2,18,4,111,17,10098,230,51,0,-9999,-9999
1144,2017,2,18,5,100,11,10098,230,36,0,-9999,-9999
1145,2017,2,18,6,83,11,10100,230,41,0,-9999,-9999
1146,2017,2,18,7,83,11,10099,230,51,0,-9999,-9999
1147,2017,2,18,8,78,6,10103,220,57,0,-9999,-9999
1148,2017,2,18,9,78,0,10099,210,41,0,-9999,-9999
1149,2017,2,18,10,72,0,10099,210,31,0,-9999,-9999
1150,2017,2,18,11,67,0,10098,210,36,0,-9999,-9999
1151,2017,2,18,12,61,0,10099,200,21,0,-9999,-9999
1152,2017,2,18,13,72,0,10105,210,51,0,-9999,-9999
1153,2017,2,18,14,89,6,10108,210,57,0,-9999,-9999
1154,2017,2,18,15,111,17,10103,230,36,0,-9999,-9999
1155,2017,2,18,16,144,33,10100,240,72,0,-9999,-9999
1156,2017,2,18,17,139,33,10102,260,67,0,-9999,-9999
1157,2017,2,18,18,156,44,10093,230,62,0,-9999,-9999
1158,2017,2,18,19,172,44,10085,220,57,0,-9999,-9999
1159,2017,2,18,20,161,39,10086,220,72,0,-9999,-9999
1160,2017,2,18,21,167,44,10093,220,77,0,-9999,-9999
1161,2017,2,18,22,156,44,10093,220,51,-9999,-9999,-9999
1162,2017,2,18,23,150,50,10094,220,41,-9999,-9999,-9999
1163,2017,2,19,1,117,61,10104,210,57,-9999,-9999,-9999
1164,2017,2,19,2,106,61,10110,220,57,4,-9999,-9999
1165,2017,2,19,3,89,61,10116,220,57,0,-9999,-9999
1166,2017,2,19,4,83,61,10120,220,46,0,-9999,-9999
1167,2017,2,19,5,78,61,10121,220,46,0,-9999,-9999
1168,2017,2,19,6,67,61,10129,240,36,2,-9999,-9999
1169,2017,2,19,7,78,67,10127,260,51,2,-9999,-9999
1170,2017,2,19,8,67,61,10133,260,41,0,-9999,-9999
1171,2017,2,19,9,72,61,10135,250,41,0,-9999,-9999
1172,2017,2,19,10,44,39,10145,240,36,0,-9999,-9999
1173,2017,2,19,11,50,44,10151,240,41,0,-9999,-9999
1174,2017,2,19,12,67,67,10161,250,36,-9999,-9999,-9999
1175,2017,2,19,13,67,61,10169,290,36,-9999,-9999,-9999
1176,2017,2,19,14,67,61,10181,280,36,-9999,-9999,-9999
1177,2017,2,19,15,72,67,10184,260,46,-9999,-9999,-9999
1178,2017,2,19,16,78,67,10193,290,41,-9999,-9999,-9999
1179,2017,2,19,17,83,72,10198,260,46,-9999,-9999,-9999
1180,2017,2,19,18,94,72,10193,240,46,-9999,-9999,-9999
1181,2017,2,19,19,117,78,10190,250,51,-9999,-9999,-9999
1182,2017,2,19,20,128,78,10190,240,31,0,-9999,-9999
1183,2017,2,19,21,139,78,10195,260,41,0,-9999,-9999
1184,2017,2,19,22,133,78,10197,240,31,0,-9999,-9999
1185,2017,2,19,23,117,67,10202,220,31,0,-9999,-9999
1186,2017,2,20,0,94,61,10206,210,31,0,-9999,-9999
1187,2017,2,20,1,78,56,10211,220,15,0,-9999,-9999
1188,2017,2,20,2,50,44,10214,0,0,0,-9999,-9999
1189,2017,2,20,3,39,33,10217,170,15,0,-9999,-9999
1190,2017,2,20,4,39,39,10222,0,0,0,-9999,-9999
1191,2017,2,20,5,28,22,10224,0,0,0,-9999,-9999
1192,2017,2,20,6,0,0,10231,0,0,-9999,-9999,-9999
1193,2017,2,20,7,0,0,10229,120,15,-9999,-9999,-9999
1194,2017,2,20,8,-6,-6,10229,110,15,-9999,-9999,-9999
1195,2017,2,20,9,-6,-11,10228,80,15,-9999,-9999,-9999
1196,2017,2,20,10,-6,-6,10232,90,15,-9999,-9999,-9999
1197,2017,2,20,11,6,0,10237,0,0,-9999,-9999,-9999
1198,2017,2,20,12,6,6,10243,100,15,-9999,-9999,-9999
1199,2017,2,20,13,11,11,10252,90,15,-9999,-9999,-9999
1200,2017,2,20,14,33,33,10257,0,0,-9999,-9999,-9999
1201,2017,2,20,15,50,50,10252,140,21,-9999,-9999,-9999
1202,2017,2,20,16,78,78,10252,130,26,-9999,-9999,-9999
1203,2017,2,20,17,117,94,10250,130,26,2,-9999,-9999
1204,2017,2,20,18,144,94,10237,150,46,0,-9999,-9999
1205,2017,2,20,19,172,78,10225,150,51,0,-9999,-9999
1206,2017,2,20,20,167,67,10221,140,62,0,-9999,-9999
1207,2017,2,20,21,172,67,10221,140,41,0,-9999,-9999
1208,2017,2,20,22,167,56,10212,130,51,0,-9999,-9999
1209,2017,2,20,23,139,50,10213,100,36,0,-9999,-9999
1210,2017,2,21,0,106,61,10217,100,31,0,-9999,-9999
1211,2017,2,21,1,89,67,10213,100,31,0,-9999,-9999
1212,2017,2,21,2,94,61,10209,120,36,0,-9999,-9999
1213,2017,2,21,3,94,56,10204,110,36,0,-9999,-9999
1214,2017,2,21,4,72,50,10198,110,31,0,-9999,-9999
1215,2017,2,21,5,67,50,10190,100,21,0,-9999,-9999
1216,2017,2,21,6,72,50,10183,110,31,0,-9999,-9999
1217,2017,2,21,7,83,44,10178,130,36,0,-9999,-9999
1218,2017,2,21,8,78,44,10174,120,46,0,-9999,-9999
1219,2017,2,21,9,89,44,10168,130,41,0,-9999,-9999
1220,2017,2,21,10,89,44,10166,160,41,0,-9999,-9999
1221,2017,2,21,11,100,44,10169,180,41,0,-9999,-9999
1222,2017,2,21,12,106,44,10168,190,31,0,-9999,-9999
1223,2017,2,21,13,100,50,10170,190,26,0,-9999,-9999
1224,2017,2,21,14,122,61,10175,230,46,0,-9999,-9999
1225,2017,2,21,15,133,61,10171,210,41,0,-9999,-9999
1226,2017,2,21,16,156,72,10168,220,46,0,-9999,-9999
1227,2017,2,21,17,172,83,10167,230,67,0,-9999,-9999
1228,2017,2,21,18,172,83,10162,230,46,2,-9999,-9999
1229,2017,2,21,19,183,89,10154,230,57,0,-9999,-9999
1230,2017,2,21,20,183,94,10151,220,46,2,-9999,-9999
1231,2017,2,21,21,178,94,10152,250,31,-9999,-9999,-9999
1232,2017,2,21,22,172,94,10153,210,36,-9999,-9999,-9999
1233,2017,2,21,23,156,94,10151,160,21,-9999,-9999,-9999
1234,2017,2,22,0,144,94,10152,190,51,-9999,-1,-1
1235,2017,2,22,1,144,100,10151,190,62,-9999,-1,-9999
1236,2017,2,22,2,133,106,10157,200,31,-9999,-1,-9999
1237,2017,2,22,3,128,111,10157,210,31,-9999,-1,-9999
1238,2017,2,22,4,122,117,10153,190,21,-9999,5,-9999
1239,2017,2,22,5,128,117,10146,190,26,4,3,-9999
1240,2017,2,22,6,122,111,10140,180,15,4,-9999,8
1241,2017,2,22,7,128,111,10138,210,26,-9999,-9999,-9999
1242,2017,2,22,8,122,111,10136,230,31,-9999,-9999,-9999
1243,2017,2,22,9,122,117,10133,210,31,-9999,-9999,-9999
1244,2017,2,22,10,122,117,10134,210,26,-9999,-9999,-9999
1245,2017,2,22,11,122,122,10136,180,21,-9999,-1,-9999
1246,2017,2,22,12,122,122,10138,210,31,-9999,3,3
1247,2017,2,22,13,128,117,10140,190,26,-9999,-9999,-9999
1248,2017,2,22,14,128,122,10139,200,31,-9999,-1,-9999
1249,2017,2,22,15,128,122,10135,190,31,-9999,-1,-9999
1250,2017,2,22,16,128,122,10132,180,31,-9999,-9999,-9999
1251,2017,2,22,17,139,128,10124,200,36,-9999,-9999,-9999
1252,2017,2,22,18,144,128,10118,210,36,-9999,-9999,-1
1253,2017,2,22,19,144,128,10109,190,36,-9999,-9999,-9999
1254,2017,2,22,20,150,133,10102,220,31,-9999,-9999,-9999
1255,2017,2,22,21,150,133,10096,180,41,-9999,-9999,-9999
1256,2017,2,22,22,156,133,10095,190,31,-9999,-9999,-9999
1257,2017,2,22,23,150,133,10095,170,31,-9999,-9999,-9999
1258,2017,2,23,0,144,128,10100,170,21,-9999,-9999,-9999
1259,2017,2,23,1,139,122,10103,150,26,-9999,-9999,-9999
1260,2017,2,23,2,139,128,10101,160,41,-9999,-9999,-9999
1261,2017,2,23,3,139,128,10097,170,41,-9999,-9999,-9999
1262,2017,2,23,4,133,128,10091,180,41,0,-9999,-9999
1263,2017,2,23,5,128,122,10087,180,36,0,-9999,-9999
1264,2017,2,23,6,128,122,10085,180,31,0,-9999,-9999
1265,2017,2,23,7,122,117,10089,190,26,0,-9999,-9999
1266,2017,2,23,8,128,122,10087,190,36,0,-9999,-9999
1267,2017,2,23,9,139,128,10084,200,41,-9999,-9999,-9999
1268,2017,2,23,10,139,128,10084,220,62,-9999,-9999,-9999
1269,2017,2,23,11,139,128,10088,230,51,-9999,-9999,-9999
1270,2017,2,23,12,133,122,10088,220,41,0,-9999,-9999
1271,2017,2,23,13,133,128,10090,210,36,-9999,-9999,-9999
1272,2017,2,23,14,150,133,10092,210,57,0,-9999,-9999
1273,2017,2,23,15,156,139,10094,220,46,-9999,-9999,-9999
1274,2017,2,23,16,172,139,10094,230,62,-9999,-9999,-9999
1275,2017,2,23,17,178,139,10089,230,51,-9999,-9999,-9999
1276,2017,2,23,18,189,133,10086,260,46,-9999,-9999,-9999
1277,2017,2,23,19,189,133,10075,210,41,-9999,-9999,-9999
1278,2017,2,23,20,194,128,10074,230,51,-9999,-9999,-9999
1279,2017,2,23,21,194,133,10075,210,41,-9999,-9999,-9999
1280,2017,2,23,22,189,133,10082,220,31,-9999,-9999,-9999
1281,2017,2,23,23,178,128,10084,200,15,-9999,-1,-9999
1282,2017,2,24,0,161,128,10085,170,21,-9999,-9999,-1
1283,2017,2,24,1,161,128,10081,160,31,-9999,-9999,-9999
1284,2017,2,24,2,161,128,10082,160,31,0,-9999,-9999
1285,2017,2,24,3,156,128,10084,170,36,-9999,-9999,-9999
1286,2017,2,24,4,156,133,10079,170,36,4,-9999,-9999
1287,2017,2,24,5,150,128,10076,150,41,-9999,-9999,-9999
1288,2017,2,24,6,144,122,10067,160,31,4,-9999,-9999
1289,2017,2,24,7,144,122,10067,160,36,0,-9999,-9999
1290,2017,2,24,8,150,117,10067,180,31,2,-9999,-9999
1291,2017,2,24,9,144,117,10064,180,36,-9999,-9999,-9999
1292,2017,2,24,10,144,117,10058,170,41,0,-9999,-9999
1293,2017,2,24,11,144,117,10058,190,46,0,-9999,-9999
1294,2017,2,24,12,144,117,10056,190,51,0,-9999,-9999
1295,2017,2,24,13,150,117,10057,180,62,-9999,-9999,-9999
1296,2017,2,24,14,167,122,10056,190,62,4,-9999,-9999
1297,2017,2,24,15,189,122,10055,210,77,2,-9999,-9999
1298,2017,2,24,16,206,133,10043,200,77,0,-9999,-9999
1299,2017,2,24,17,217,133,10031,210,113,-9999,-9999,-9999
1300,2017,2,24,18,217,128,10025,200,82,4,-9999,-9999
1301,2017,2,24,19,228,128,10011,200,93,4,-9999,-9999
1302,2017,2,24,20,233,122,10007,190,88,4,-9999,-9999
1303,2017,2,24,21,233,117,10007,210,77,-9999,-9999,-9999
1304,2017,2,24,22,228,117,10010,190,46,-9999,-9999,-9999
1305,2017,2,24,23,217,117,10003,180,46,-9999,-9999,-9999
1306,2017,2,25,0,206,122,10003,180,36,4,-9999,-9999
1307,2017,2,25,1,194,128,10002,230,41,-9999,-1,-9999
1308,2017,2,25,2,144,133,10006,220,36,-9999,81,-9999
1309,2017,2,25,3,156,133,9999,180,41,-9999,10,-9999
1310,2017,2,25,4,156,128,10004,240,51,-9999,-1,-9999
1311,2017,2,25,5,117,67,10017,290,88,-9999,-9999,-9999
1312,2017,2,25,6,100,72,10025,270,62,-9999,-9999,91
1313,2017,2,25,7,83,56,10030,290,62,-9999,-9999,-9999
1314,2017,2,25,8,67,39,10031,300,51,-9999,-9999,-9999
1315,2017,2,25,9,67,39,10024,290,46,-9999,-9999,-9999
1316,2017,2,25,10,56,22,10038,260,57,-9999,-9999,-9999
1317,2017,2,25,11,44,11,10035,270,57,-9999,-9999,-9999
1318,2017,2,25,12,28,6,10042,240,26,-9999,-9999,-9999
1319,2017,2,25,13,39,0,10050,270,88,-9999,-9999,-9999
1320,2017,2,25,14,22,-28,10062,260,108,-9999,-9999,-9999
1321,2017,2,25,15,28,-22,10067,260,113,-9999,-9999,-9999
1322,2017,2,25,16,17,-11,10079,250,108,-9999,-1,-9999
1323,2017,2,25,17,6,-28,10092,270,113,-9999,-1,-9999
1324,2017,2,25,18,-6,-44,10103,260,124,-9999,-1,-1
1325,2017,2,25,19,-11,-56,10110,270,108,-9999,-1,-9999
1326,2017,2,25,20,-11,-56,10121,250,98,-9999,-1,-9999
1327,2017,2,25,21,-17,-61,10130,260,103,-9999,-1,-9999
1328,2017,2,25,22,-22,-61,10144,270,82,-9999,-1,-9999
1329,2017,2,25,23,-22,-72,10153,280,82,-9999,-1,-9999
1330,2017,2,26,0,-22,-61,10161,270,62,-9999,-1,-1
1331,2017,2,26,1,-22,-61,10165,280,51,-9999,-1,-9999
1332,2017,2,26,2,-17,-56,10171,260,46,-9999,-1,-9999
1333,2017,2,26,3,-17,-61,10174,270,51,-9999,-9999,-9999
1334,2017,2,26,4,-17,-67,10178,280,46,-9999,-9999,-9999
1335,2017,2,26,5,-17,-61,10182,270,41,-9999,-9999,-9999
1336,2017,2,26,6,-17,-67,10185,280,51,-9999,-9999,-1
1337,2017,2,26,7,-22,-72,10187,290,67,-9999,-9999,-9999
1338,2017,2,26,8,-33,-78,10192,270,72,-9999,-9999,-9999
1339,2017,2,26,9,-33,-78,10195,270,41,-9999,-9999,-9999
1340,2017,2,26,10,-28,-72,10201,290,36,-9999,-1,-9999
1341,2017,2,26,11,-39,-83,10210,300,36,-9999,-9999,-9999
1342,2017,2,26,12,-56,-89,10217,270,21,0,-9999,-1
1343,2017,2,26,13,-44,-72,10228,250,21,0,-9999,-9999
1344,2017,2,26,14,-28,-72,10234,260,36,0,-9999,-9999
1345,2017,2,26,15,-17,-72,10232,210,36,0,-9999,-9999
1346,2017,2,26,16,-6,-67,10236,210,36,0,-9999,-9999
1347,2017,2,26,17,17,-78,10232,220,57,0,-9999,-9999
1348,2017,2,26,18,33,-67,10225,230,46,0,-9999,-9999
1349,2017,2,26,19,44,-78,10218,230,57,0,-9999,-9999
1350,2017,2,26,20,50,-78,10213,220,67,0,-9999,-9999
1351,2017,2,26,21,56,-78,10210,220,72,0,-9999,-9999
1352,2017,2,26,22,56,-83,10213,220,46,0,-9999,-9999
1353,2017,2,26,23,50,-78,10217,220,31,0,-9999,-9999
1354,2017,2,27,0,39,-78,10220,180,26,-9999,-9999,-9999
1355,2017,2,27,1,33,-67,10222,180,21,0,-9999,-9999
1356,2017,2,27,2,28,-61,10224,190,26,2,-9999,-9999
1357,2017,2,27,3,28,-56,10227,190,31,-9999,-9999,-9999
1358,2017,2,27,4,28,-61,10225,190,36,0,-9999,-9999
1359,2017,2,27,5,22,-56,10226,180,21,-9999,-9999,-9999
1360,2017,2,27,6,33,-50,10229,180,31,-9999,-9999,-9999
1361,2017,2,27,7,33,-50,10229,190,31,-9999,-9999,-9999
1362,2017,2,27,8,39,-50,10231,200,36,-9999,-9999,-9999
1363,2017,2,27,9,44,-56,10234,200,26,-9999,-9999,-9999
1364,2017,2,27,10,39,-50,10240,220,21,-9999,-9999,-9999
1365,2017,2,27,11,44,-50,10240,200,21,-9999,-9999,-9999
1366,2017,2,27,12,44,-44,10247,180,26,-9999,-9999,-9999
1367,2017,2,27,13,39,-33,10249,160,21,-9999,-9999,-9999
1368,2017,2,27,14,50,-22,10256,190,31,-9999,-9999,-9999
1369,2017,2,27,15,61,17,10256,190,46,-9999,-9999,-9999
1370,2017,2,27,16,67,28,10255,200,41,-9999,-9999,-9999
1371,2017,2,27,17,72,33,10257,160,41,-9999,-9999,-9999
1372,2017,2,27,18,78,33,10249,160,62,-9999,-9999,-9999
1373,2017,2,27,19,67,33,10245,170,62,-9999,-1,-9999
1374,2017,2,27,20,72,44,10240,170,41,-9999,-1,-9999
1375,2017,2,27,21,67,44,10237,160,46,-9999,-9999,-9999
1376,2017,2,27,22,72,50,10236,160,41,-9999,-9999,-9999
1377,2017,2,27,23,72,56,10235,150,21,-9999,-9999,-9999
1378,2017,2,28,0,67,56,10234,150,31,-9999,-9999,-1
1379,2017,2,28,1,61,50,10237,150,31,-9999,-9999,-9999
1380,2017,2,28,2,56,44,10239,140,31,-9999,-9999,-9999
1381,2017,2,28,3,56,39,10235,140,46,-9999,-9999,-9999
1382,2017,2,28,4,56,44,10237,140,31,-9999,-9999,-9999
1383,2017,2,28,5,44,33,10233,150,31,0,-9999,-9999
1384,2017,2,28,6,50,33,10228,160,36,0,-9999,-9999
1385,2017,2,28,7,56,28,10219,150,46,2,-9999,-9999
1386,2017,2,28,8,44,28,10214,140,26,-9999,-9999,-9999
1387,2017,2,28,9,56,33,10203,150,36,-9999,-9999,-9999
1388,2017,2,28,10,61,33,10203,140,21,-9999,-9999,-9999
1389,2017,2,28,11,61,33,10204,140,36,-9999,-9999,-9999
1390,2017,2,28,12,56,39,10207,110,31,-9999,-1,-1
1391,2017,2,28,13,61,44,10194,140,51,-9999,5,-9999
1392,2017,2,28,14,67,61,10186,130,31,-9999,5,-9999
1393,2017,2,28,15,83,78,10178,170,46,-9999,5,-9999
1394,2017,2,28,16,106,94,10173,180,46,-9999,-1,-9999
1395,2017,2,28,17,106,94,10173,190,46,-9999,-1,-9999
1396,2017,2,28,18,111,100,10159,190,57,-9999,13,28
1397,2017,2,28,19,122,111,10145,190,57,-9999,-1,-9999
1398,2017,2,28,20,128,117,10141,190,62,-9999,-9999,-9999
1399,2017,2,28,21,128,117,10125,190,62,-9999,22,-9999
1400,2017,2,28,22,122,117,10132,190,62,-9999,53,-9999
1401,2017,2,28,23,128,122,10125,180,51,-9999,17,-9999
1402,2017,3,1,0,128,122,10116,170,46,-9999,-1,94
1403,2017,3,1,1,133,128,10110,190,41,-9999,-9999,-9999
1404,2017,3,1,2,150,139,10099,200,62,-9999,-9999,-9999
1405,2017,3,1,3,156,139,10097,210,67,-9999,-9999,-9999
1406,2017,3,1,4,156,144,10088,200,57,-9999,-9999,-9999
1407,2017,3,1,5,161,150,10081,200,62,-9999,-9999,-9999
1408,2017,3,1,6,161,150,10066,190,57,-9999,-1,-1
1409,2017,3,1,7,161,150,10070,230,88,-9999,71,-9999
1410,2017,3,1,8,156,139,10036,200,57,-9999,71,-9999
1411,2017,3,1,9,144,128,10024,220,77,-9999,3,-9999
1412,2017,3,1,10,156,133,10010,200,62,-9999,3,-9999
1413,2017,3,1,11,122,106,10031,330,36,-9999,66,-9999
1414,2017,3,1,12,111,106,10023,0,0,-9999,5,218
1415,2017,3,1,13,117,111,10035,240,36,-9999,36,-9999
1416,2017,3,1,14,111,111,10049,220,57,-9999,25,-9999
1417,2017,3,1,15,111,100,10014,170,46,-9999,15,-9999
1418,2017,3,1,16,117,100,10007,200,88,2,-9999,-9999
1419,2017,3,1,17,139,106,10012,240,88,-9999,-9999,-9999
1420,2017,3,1,18,139,100,10009,250,108,-9999,-9999,76
1421,2017,3,1,19,139,100,10012,250,113,-9999,-9999,-9999
1422,2017,3,1,20,122,78,10023,270,118,-9999,-9999,-9999
1423,2017,3,1,21,100,56,10044,280,108,-9999,-9999,-9999
1424,2017,3,1,22,83,44,10057,260,108,-9999,-9999,-9999
1425,2017,3,1,23,72,28,10070,270,103,-9999,-1,-9999
1426,2017,3,2,0,61,0,10086,270,103,-9999,-9999,-1
1427,2017,3,2,1,56,6,10091,250,134,-9999,-9999,-9999
1428,2017,3,2,2,44,-22,10109,280,175,-9999,-9999,-9999
1429,2017,3,2,3,33,-22,10130,290,124,-9999,-9999,-9999
1430,2017,3,2,4,22,-33,10139,270,134,-9999,-9999,-9999
1431,2017,3,2,5,17,-39,10149,290,160,-9999,-1,-9999
1432,2017,3,2,6,11,-39,10163,290,108,-9999,-9999,-1
1433,2017,3,2,7,11,-39,10174,300,88,-9999,-9999,-9999
1434,2017,3,2,8,6,-39,10179,300,82,-9999,-9999,-9999
1435,2017,3,2,9,6,-39,10183,290,72,-9999,-9999,-9999
1436,2017,3,2,10,6,-39,10190,280,67,-9999,-9999,-9999
1437,2017,3,2,11,6,-39,10198,290,62,-9999,-9999,-9999
1438,2017,3,2,12,6,-39,10204,280,62,-9999,-9999,-9999
1439,2017,3,2,13,6,-33,10211,270,41,-9999,-9999,-9999
1440,2017,3,2,14,11,-44,10218,280,77,-9999,-9999,-9999
1441,2017,3,2,15,11,-33,10225,260,82,-9999,-9999,-9999
1442,2017,3,2,16,17,-50,10233,280,62,-9999,-9999,-9999
1443,2017,3,2,17,28,-50,10235,280,88,-9999,-9999,-9999
1444,2017,3,2,18,28,-39,10236,270,72,-9999,-1,-1
1445,2017,3,2,19,28,-39,10234,280,72,-9999,-1,-9999
1446,2017,3,2,20,17,-17,10237,270,67,-9999,-1,-9999
1447,2017,3,2,21,28,-22,10236,290,57,-9999,-1,-9999
1448,2017,3,2,22,33,-61,10235,270,98,-9999,-9999,-9999
1449,2017,3,2,23,17,-28,10245,310,62,-9999,-9999,-9999
1450,2017,3,3,0,6,-33,10253,290,46,0,-9999,-1
1451,2017,3,3,2,-6,-28,10267,310,41,-9999,-9999,-9999
1452,2017,3,3,3,-6,-28,10269,310,62,-9999,-9999,-9999
1453,2017,3,3,4,-11,-44,10269,290,51,0,-9999,-9999
1454,2017,3,3,5,-17,-39,10272,310,72,-9999,-1,-9999
1455,2017,3,3,6,-22,-50,10279,310,46,-9999,-1,-1
1456,2017,3,3,7,-28,-56,10283,290,51,4,-9999,-9999
1457,2017,3,3,8,-33,-61,10284,280,46,0,-9999,-9999
1458,2017,3,3,10,-33,-61,10290,280,41,4,-9999,-9999
1459,2017,3,3,11,-39,-61,10296,270,36,4,-9999,-9999
1460,2017,3,3,12,-33,-56,10304,300,46,-9999,-1,-1
1461,2017,3,3,13,-33,-67,10316,310,51,-9999,-1,-9999
1462,2017,3,3,14,-22,-72,10328,300,62,4,-9999,-9999
1463,2017,3,3,15,-17,-83,10335,320,88,-9999,-9999,-9999
1464,2017,3,3,16,-17,-83,10345,310,46,-9999,-9999,-9999
1465,2017,3,3,17,-11,-89,10349,290,77,-9999,-9999,-9999
1466,2017,3,3,18,0,-89,10350,310,72,-9999,-9999,-1
1467,2017,3,3,19,0,-94,10349,290,88,-9999,-9999,-9999
1468,2017,3,3,20,6,-100,10351,310,88,-9999,-9999,-9999
1469,2017,3,3,21,0,-106,10355,310,57,-9999,-9999,-9999
1470,2017,3,3,22,-6,-100,10357,280,67,4,-9999,-9999
1471,2017,3,3,23,-6,-100,10359,300,67,0,-9999,-9999
1472,2017,3,4,0,-22,-106,10363,290,51,0,-9999,-9999
1473,2017,3,4,1,-39,-106,10362,310,26,0,-9999,-9999
1474,2017,3,4,2,-39,-100,10365,280,26,0,-9999,-9999
1475,2017,3,4,3,-39,-94,10365,290,21,0,-9999,-9999
1476,2017,3,4,4,-44,-83,10372,260,21,0,-9999,-9999
1477,2017,3,4,5,-39,-100,10370,0,0,0,-9999,-9999
1478,2017,3,4,6,-44,-94,10373,0,0,4,-9999,-9999
1479,2017,3,4,7,-50,-100,10377,300,15,4,-9999,-9999
1480,2017,3,4,8,-56,-83,10372,0,0,-9999,-9999,-9999
1481,2017,3,4,9,-61,-83,10372,80,15,4,-9999,-9999
1482,2017,3,4,10,-50,-89,10376,0,0,-9999,-9999,-9999
1483,2017,3,4,11,-56,-83,10377,120,15,-9999,-9999,-9999
1484,2017,3,4,12,-44,-106,10385,150,21,-9999,-9999,-9999
1485,2017,3,4,13,-44,-100,10386,130,31,-9999,-9999,-9999
1486,2017,3,4,14,-39,-94,10396,150,36,-9999,-1,-9999
1487,2017,3,4,15,-39,-78,10399,120,31,-9999,-1,-9999
1488,2017,3,4,16,-33,-61,10398,110,36,-9999,-1,-9999
1489,2017,3,4,17,-28,-50,10388,90,62,-9999,-1,-9999
1490,2017,3,4,18,-17,-50,10383,150,46,-9999,-1,-1
1491,2017,3,4,19,-6,-44,10372,130,51,-9999,-1,-9999
1492,2017,3,4,20,6,-56,10364,100,51,-9999,-9999,-9999
1493,2017,3,4,21,17,-56,10357,100,62,4,-9999,-9999
1494,2017,3,4,22,17,-61,10356,100,51,0,-9999,-9999
1495,2017,3,4,23,6,-61,10356,110,46,0,-9999,-9999
1496,2017,3,5,0,-17,-56,10357,100,31,0,-9999,-1
1497,2017,3,5,1,-28,-61,10356,90,41,0,-9999,-9999
1498,2017,3,5,2,-28,-61,10355,100,36,0,-9999,-9999
1499,2017,3,5,3,-22,-61,10354,100,46,0,-9999,-9999
1500,2017,3,5,4,-17,-67,10350,110,51,0,-9999,-9999
1501,2017,3,5,5,-22,-67,10346,110,57,0,-9999,-9999
1502,2017,3,5,6,-22,-67,10343,110,62,0,-9999,-9999
1503,2017,3,5,7,-22,-67,10344,110,62,0,-9999,-9999
1504,2017,3,5,8,-28,-67,10340,110,51,0,-9999,-9999
1505,2017,3,5,9,-28,-72,10334,110,57,0,-9999,-9999
1506,2017,3,5,10,-33,-72,10332,110,57,0,-9999,-9999
1507,2017,3,5,11,-33,-78,10332,110,57,0,-9999,-9999
1508,2017,3,5,12,-33,-78,10331,110,57,0,-9999,-9999
1509,2017,3,5,13,-22,-72,10331,110,57,0,-9999,-9999
1510,2017,3,5,14,0,-72,10328,120,67,0,-9999,-9999
1511,2017,3,5,15,28,-61,10324,130,62,0,-9999,-9999
1512,2017,3,5,16,44,-39,10318,160,62,0,-9999,-9999
1513,2017,3,5,17,72,-28,10310,140,51,0,-9999,-9999
1514,2017,3,5,18,94,-6,10295,140,46,0,-9999,-9999
1515,2017,3,5,19,133,6,10278,160,57,0,-9999,-9999
1516,2017,3,5,20,150,11,10266,160,57,4,-9999,-9999
1517,2017,3,5,21,150,-6,10261,200,57,2,-9999,-9999
1518,2017,3,5,22,150,0,10256,170,36,-9999,-9999,-9999
1519,2017,3,5,23,139,17,10252,160,31,-9999,-9999,-9999
1520,2017,3,6,0,122,17,10255,140,31,-9999,-9999,-9999
1521,2017,3,6,1,111,6,10255,160,31,2,-9999,-9999
1522,2017,3,6,2,106,6,10252,160,31,-9999,-9999,-9999
1523,2017,3,6,3,111,0,10251,180,31,-9999,-9999,-9999
1524,2017,3,6,4,111,0,10252,170,31,-9999,-9999,-9999
1525,2017,3,6,5,111,0,10244,190,31,-9999,-9999,-9999
1526,2017,3,6,6,122,0,10239,220,51,-9999,-9999,-9999
1527,2017,3,6,7,122,22,10238,230,67,-9999,-9999,-9999
1528,2017,3,6,8,117,44,10239,230,62,-9999,-9999,-9999
1529,2017,3,6,9,111,50,10239,220,36,-9999,-1,-9999
1530,2017,3,6,10,106,44,10239,200,31,-9999,-1,-9999
1531,2017,3,6,11,106,44,10239,180,26,-9999,-9999,-9999
1532,2017,3,6,12,100,39,10239,180,31,-9999,-1,-1
1533,2017,3,6,13,111,50,10239,180,31,-9999,-1,-9999
1534,2017,3,6,14,106,61,10241,190,41,-9999,-9999,-9999
1535,2017,3,6,15,100,83,10238,190,51,-9999,-1,-9999
1536,2017,3,6,16,94,83,10232,190,77,-9999,-1,-9999
1537,2017,3,6,17,106,94,10223,190,57,-9999,-1,-9999
1538,2017,3,6,18,117,94,10213,190,67,-9999,-1,-1
1539,2017,3,6,19,122,94,10204,210,62,-9999,-1,-9999
1540,2017,3,6,20,122,100,10199,190,62,-9999,5,-9999
1541,2017,3,6,21,117,100,10197,180,51,-9999,10,-9999
1542,2017,3,6,22,117,106,10191,170,41,-9999,13,-9999
1543,2017,3,6,23,122,100,10186,180,57,-9999,10,-9999
1544,2017,3,7,0,122,100,10184,180,62,-9999,-1,38
1545,2017,3,7,1,117,106,10183,170,51,-9999,5,-9999
1546,2017,3,7,2,117,106,10179,180,67,-9999,13,-9999
1547,2017,3,7,3,117,106,10171,170,67,-9999,20,-9999
1548,2017,3,7,4,122,100,10163,170,51,-9999,-1,-9999
1549,2017,3,7,5,133,94,10153,170,51,-9999,-1,-9999
1550,2017,3,7,6,128,89,10148,170,57,-9999,-9999,38
1551,2017,3,7,7,128,89,10149,170,41,-9999,-9999,-9999
1552,2017,3,7,8,139,83,10148,180,62,-9999,-9999,-9999
1553,2017,3,7,9,139,83,10139,190,57,-9999,-9999,-9999
1554,2017,3,7,10,133,83,10131,190,62,-9999,-1,-9999
1555,2017,3,7,11,122,94,10131,180,57,-9999,18,-9999
1556,2017,3,7,12,133,94,10134,200,77,-9999,3,20
1557,2017,3,7,13,117,106,10157,220,57,-9999,38,-9999
1558,2017,3,7,14,122,106,10149,200,82,-9999,5,-9999
1559,2017,3,7,15,122,111,10147,200,77,-9999,-1,-9999
1560,2017,3,7,16,133,122,10146,200,67,-9999,3,-9999
1561,2017,3,7,17,133,117,10135,200,77,-9999,-1,-9999
1562,2017,3,7,18,139,117,10133,220,88,-9999,-1,46
1563,2017,3,7,19,133,117,10125,220,77,-9999,-1,-9999
1564,2017,3,7,20,106,94,10133,260,82,-9999,28,-9999
1565,2017,3,7,21,106,89,10132,240,57,-9999,-1,-9999
1566,2017,3,7,22,100,94,10136,240,41,-9999,15,-9999
1567,2017,3,7,23,83,56,10147,300,51,-9999,15,-9999
1568,2017,3,8,0,83,50,10152,270,41,-9999,-1,58
1569,2017,3,8,1,83,50,10159,290,41,-9999,-9999,-9999
1570,2017,3,8,2,72,17,10177,290,67,2,-9999,-9999
1571,2017,3,8,4,50,11,10199,250,46,2,-9999,-9999
1572,2017,3,8,5,44,11,10201,240,46,0,-9999,-9999
1573,2017,3,8,6,39,6,10200,220,41,0,-9999,-9999
1574,2017,3,8,7,39,0,10204,220,46,0,-9999,-9999
1575,2017,3,8,8,39,0,10201,210,41,0,-9999,-9999
1576,2017,3,8,9,39,-6,10198,220,57,0,-9999,-9999
1577,2017,3,8,10,39,-6,10197,210,51,2,-9999,-9999
1578,2017,3,8,11,39,-11,10198,210,51,-9999,-9999,-9999
1579,2017,3,8,12,39,-17,10204,230,62,0,-9999,-9999
1580,2017,3,8,13,50,-17,10204,240,72,0,-9999,-9999
1581,2017,3,8,14,67,-6,10207,240,88,0,-9999,-9999
1582,2017,3,8,15,83,0,10209,240,93,0,-9999,-9999
1583,2017,3,8,16,100,0,10208,240,98,0,-9999,-9999
1584,2017,3,8,17,117,-17,10202,250,139,0,-9999,-9999
1585,2017,3,8,18,122,-33,10203,260,118,0,-9999,-9999
1586,2017,3,8,19,128,-33,10194,250,129,0,-9999,-9999
1587,2017,3,8,20,133,-33,10197,260,139,0,-9999,-9999
1588,2017,3,8,21,133,-28,10196,260,139,0,-9999,-9999
1589,2017,3,8,23,117,-33,10203,260,93,0,-9999,-9999
1590,2017,3,9,0,106,-33,10211,260,77,0,-9999,-9999
1591,2017,3,9,1,100,-39,10215,260,77,0,-9999,-9999
1592,2017,3,9,2,89,-33,10220,250,51,0,-9999,-9999
1593,2017,3,9,3,78,-28,10222,240,51,0,-9999,-9999
1594,2017,3,9,4,72,-28,10222,240,51,0,-9999,-9999
1595,2017,3,9,5,72,-28,10221,240,57,0,-9999,-9999
1596,2017,3,9,6,72,-33,10221,250,46,-9999,-9999,-9999
1597,2017,3,9,7,56,-33,10221,240,31,0,-9999,-9999
1598,2017,3,9,8,56,-39,10218,240,36,0,-9999,-9999
1599,2017,3,9,9,44,-39,10218,280,21,0,-9999,-9999
1600,2017,3,9,10,39,-44,10216,240,15,0,-9999,-9999
1601,2017,3,9,11,22,-39,10216,200,21,0,-9999,-9999
1602,2017,3,9,12,17,-44,10221,290,15,0,-9999,-9999
1603,2017,3,9,14,67,-17,10221,0,0,0,-9999,-9999
1604,2017,3,9,15,83,-33,10222,-9999,15,0,-9999,-9999
1605,2017,3,9,16,100,-44,10216,0,0,0,-9999,-9999
1606,2017,3,9,17,117,-17,10206,0,0,0,-9999,-9999
1607,2017,3,9,18,133,-6,10193,-9999,21,2,-9999,-9999
1608,2017,3,9,19,150,11,10175,220,31,0,-9999,-9999
1609,2017,3,9,20,167,28,10166,240,41,0,-9999,-9999
1610,2017,3,9,21,167,28,10158,310,26,0,-9999,-9999
1611,2017,3,9,22,144,22,10157,350,46,0,-9999,-9999
1612,2017,3,9,23,128,6,10155,20,46,-9999,-9999,-9999
1613,2017,3,10,0,111,-17,10164,360,41,-9999,-9999,-9999
1614,2017,3,10,1,89,-22,10171,30,62,-9999,-9999,-9999
1615,2017,3,10,2,78,-33,10162,40,72,-9999,-9999,-9999
1616,2017,3,10,3,61,-28,10172,20,67,-9999,-1,-9999
1617,2017,3,10,4,44,0,10178,30,41,-9999,-1,-9999
1618,2017,3,10,5,28,0,10170,20,36,-9999,8,-9999
1619,2017,3,10,6,22,11,10162,40,36,-9999,5,13
1620,2017,3,10,7,22,11,10156,10,36,-9999,-1,-9999
1621,2017,3,10,8,17,11,10163,350,51,-9999,-1,-9999
1622,2017,3,10,9,6,-6,10179,340,62,-9999,3,-9999
1623,2017,3,10,10,6,-17,10188,350,72,-9999,-1,-9999
1624,2017,3,10,11,-6,-28,10201,340,62,-9999,-1,-9999
1625,2017,3,10,12,-6,-56,10211,330,88,-9999,-9999,3
1626,2017,3,10,13,-6,-56,10222,330,57,2,-9999,-9999
1627,2017,3,10,14,0,-67,10230,330,82,0,-9999,-9999
1628,2017,3,10,15,11,-78,10237,340,77,0,-9999,-9999
1629,2017,3,10,16,17,-78,10247,320,77,-9999,-9999,-9999
1630,2017,3,10,17,22,-72,10250,300,67,4,-9999,-9999
1631,2017,3,10,18,22,-78,10251,300,98,-9999,-9999,-9999
1632,2017,3,10,19,17,-94,10245,320,82,-9999,-9999,-9999
1633,2017,3,10,20,28,-78,10246,290,108,-9999,-9999,-9999
1634,2017,3,10,21,22,-100,10251,300,103,-9999,-9999,-9999
1635,2017,3,10,22,11,-111,10257,310,93,0,-9999,-9999
1636,2017,3,10,23,6,-122,10262,310,93,0,-9999,-9999
1637,2017,3,11,0,-11,-111,10271,310,82,0,-9999,-9999
1638,2017,3,11,1,-28,-106,10277,310,62,0,-9999,-9999
1639,2017,3,11,2,-39,-111,10281,320,77,0,-9999,-9999
1640,2017,3,11,3,-50,-128,10279,320,51,0,-9999,-9999
1641,2017,3,11,4,-56,-122,10279,330,46,0,-9999,-9999
1642,2017,3,11,5,-61,-122,10283,330,46,0,-9999,-9999
1643,2017,3,11,6,-72,-117,10287,330,62,0,-9999,-9999
1644,2017,3,11,7,-72,-139,10294,330,57,0,-9999,-9999
1645,2017,3,11,8,-78,-139,10299,340,46,0,-9999,-9999
1646,2017,3,11,9,-78,-139,10298,350,41,0,-9999,-9999
1647,2017,3,11,10,-78,-139,10301,360,31,0,-9999,-9999
1648,2017,3,11,12,-83,-133,10312,300,21,0,-9999,-9999
1649,2017,3,11,13,-72,-133,10316,320,26,0,-9999,-9999
1650,2017,3,11,14,-56,-128,10316,310,36,0,-9999,-9999
1651,2017,3,11,15,-50,-117,10318,330,46,2,-9999,-9999
1652,2017,3,11,16,-39,-111,10320,300,36,-9999,-9999,-9999
1653,2017,3,11,17,-28,-111,10314,360,46,4,-9999,-9999
1654,2017,3,11,18,-11,-106,10311,-9999,31,-9999,-9999,-9999
1655,2017,3,11,19,0,-100,10303,330,31,4,-9999,-9999
1656,2017,3,11,20,0,-111,10297,310,41,0,-9999,-9999
1657,2017,3,11,21,0,-117,10298,310,26,0,-9999,-9999
1658,2017,3,11,22,0,-111,10293,280,46,0,-9999,-9999
1659,2017,3,11,23,-6,-106,10292,320,41,0,-9999,-9999
1660,2017,3,12,0,-22,-111,10295,320,26,0,-9999,-9999
1661,2017,3,12,1,-33,-111,10298,320,26,0,-9999,-9999
1662,2017,3,12,2,-39,-111,10299,320,21,0,-9999,-9999
1663,2017,3,12,3,-44,-111,10303,320,26,0,-9999,-9999
1664,2017,3,12,4,-50,-111,10304,320,31,0,-9999,-9999
1665,2017,3,12,5,-50,-106,10304,330,31,2,-9999,-9999
1666,2017,3,12,6,-44,-100,10305,320,26,-9999,-9999,-9999
1667,2017,3,12,7,-44,-106,10305,330,41,-9999,-9999,-9999
1668,2017,3,12,8,-56,-106,10303,340,51,-9999,-9999,-9999
1669,2017,3,12,9,-61,-111,10300,330,36,-9999,-9999,-9999
1670,2017,3,12,10,-67,-106,10304,330,36,-9999,-9999,-9999
1671,2017,3,12,11,-67,-106,10307,350,31,-9999,-9999,-9999
1672,2017,3,12,12,-83,-111,10310,350,21,0,-9999,-9999
1673,2017,3,12,13,-67,-111,10314,360,46,0,-9999,-9999
1674,2017,3,12,14,-56,-106,10320,360,51,2,-9999,-9999
1675,2017,3,12,15,-44,-106,10321,10,36,0,-9999,-9999
1676,2017,3,12,16,-33,-111,10324,20,31,2,-9999,-9999
1677,2017,3,12,17,-28,-111,10325,-9999,26,4,-9999,-9999
1678,2017,3,12,18,-17,-106,10315,-9999,26,0,-9999,-9999
1679,2017,3,12,19,0,-106,10304,10,41,0,-9999,-9999
1680,2017,3,12,20,6,-122,10303,340,41,0,-9999,-9999
1681,2017,3,12,21,6,-144,10300,0,0,0,-9999,-9999
1682,2017,3,12,22,0,-139,10301,50,15,0,-9999,-9999
1683,2017,3,12,23,-6,-122,10296,50,26,0,-9999,-9999
1684,2017,3,13,0,-28,-111,10296,80,26,0,-9999,-9999
1685,2017,3,13,1,-44,-100,10295,80,36,0,-9999,-9999
1686,2017,3,13,2,-33,-94,10291,80,41,0,-9999,-9999
1687,2017,3,13,3,-33,-94,10281,80,51,0,-9999,-9999
1688,2017,3,13,4,-28,-94,10280,80,46,0,-9999,-9999
1689,2017,3,13,5,-33,-94,10278,80,41,0,-9999,-9999
1690,2017,3,13,6,-33,-83,10266,80,62,0,-9999,-9999
1691,2017,3,13,7,-33,-83,10268,90,51,0,-9999,-9999
1692,2017,3,13,8,-39,-94,10258,80,51,2,-9999,-9999
1693,2017,3,13,9,-39,-100,10258,90,51,2,-9999,-9999
1694,2017,3,13,10,-39,-94,10256,90,51,0,-9999,-9999
1695,2017,3,13,11,-44,-89,10252,90,51,0,-9999,-9999
1696,2017,3,13,12,-44,-89,10240,80,62,0,-9999,-9999
1697,2017,3,13,13,-39,-89,10238,90,67,0,-9999,-9999
1698,2017,3,13,14,-28,-83,10231,100,72,0,-9999,-9999
1699,2017,3,13,15,-17,-78,10220,100,57,0,-9999,-9999
1700,2017,3,13,16,0,-78,10213,110,57,0,-9999,-9999
1701,2017,3,13,17,6,-78,10210,100,41,4,-9999,-9999
1702,2017,3,13,18,22,-72,10198,80,36,2,-9999,-9999
1703,2017,3,13,19,17,-78,10193,50,15,-9999,-9999,-9999
1704,2017,3,13,20,22,-72,10187,-9999,21,-9999,-9999,-9999
1705,2017,3,13,21,0,-39,10195,20,41,-9999,-1,-9999
1706,2017,3,13,22,-11,-22,10193,40,36,-9999,-1,-9999
1707,2017,3,13,23,-20,-30,-9999,30,57,-9999,-1,-9999
1708,2017,3,14,0,-22,-39,10180,40,36,-9999,-1,-1
1709,2017,3,14,1,-22,-39,10180,30,41,-9999,-1,-9999
1710,2017,3,14,2,-28,-39,10183,20,46,-9999,-1,-9999
1711,2017,3,14,3,-33,-44,10183,20,41,-9999,-1,-9999
1712,2017,3,14,4,-33,-56,10182,20,41,-9999,-1,-9999
1713,2017,3,14,5,-39,-56,10179,360,51,-9999,-1,-9999
1714,2017,3,14,7,-44,-61,10176,350,62,-9999,-1,-9999
1715,2017,3,14,8,-50,-72,10174,360,72,-9999,-1,-9999
1716,2017,3,14,9,-56,-78,10172,360,103,-9999,-1,-9999
1717,2017,3,14,10,-72,-89,10176,360,72,-9999,-1,-9999
1718,2017,3,14,11,-67,-89,10183,350,88,-9999,-9999,-9999
1719,2017,3,14,12,-67,-94,10190,360,88,-9999,-1,-1
1720,2017,3,14,13,-67,-94,10199,10,67,-9999,-1,-9999
1721,2017,3,14,14,-61,-94,10205,10,93,-9999,-1,-9999
1722,2017,3,14,15,-44,-89,10206,340,88,-9999,-1,-9999
1723,2017,3,14,16,-44,-89,10207,350,77,-9999,-1,-9999
1724,2017,3,14,17,-44,-94,10208,350,67,-9999,-1,-9999
1725,2017,3,14,18,-39,-94,10208,340,82,-9999,-9999,-1
1726,2017,3,14,19,-44,-100,10210,350,77,-9999,-1,-9999
1727,2017,3,14,20,-50,-100,10212,340,72,-9999,-1,-9999
1728,2017,3,14,21,-50,-94,10213,330,62,-9999,-1,-9999
1729,2017,3,14,22,-60,-90,-9999,330,57,-9999,-1,-9999
1730,2017,3,14,23,-61,-100,10220,320,72,-9999,-1,-9999
1731,2017,3,15,0,-67,-111,10226,350,57,-9999,-1,-1
1732,2017,3,15,1,-72,-139,10229,340,46,0,-9999,-9999
1733,2017,3,15,2,-83,-139,10234,340,46,2,-9999,-9999
1734,2017,3,15,3,-83,-150,10236,350,51,0,-9999,-9999
1735,2017,3,15,4,-100,-161,10236,310,31,0,-9999,-9999
1736,2017,3,15,5,-111,-150,10232,280,31,-9999,-9999,-9999
1737,2017,3,15,6,-117,-144,10231,280,36,0,-9999,-9999
1738,2017,3,15,7,-100,-122,10230,290,51,0,-9999,-9999
1739,2017,3,15,8,-94,-128,10228,310,51,0,-9999,-9999
1740,2017,3,15,9,-106,-139,10231,300,51,0,-9999,-9999
1741,2017,3,15,10,-106,-144,10236,290,46,0,-9999,-9999
1742,2017,3,15,11,-106,-150,10238,290,57,0,-9999,-9999
1743,2017,3,15,12,-106,-144,10243,290,62,0,-9999,-9999
1744,2017,3,15,13,-78,-133,10246,290,67,0,-9999,-9999
1745,2017,3,15,14,-56,-122,10252,300,77,0,-9999,-9999
1746,2017,3,15,15,-44,-133,10253,320,98,0,-9999,-9999
1747,2017,3,15,16,-33,-122,10256,330,93,2,-9999,-9999
1748,2017,3,15,17,-22,-111,10259,310,98,-9999,-9999,-9999
1749,2017,3,15,18,-17,-111,10255,310,77,-9999,-9999,-9999
1750,2017,3,15,19,-17,-111,10250,310,82,-9999,-9999,-9999
1751,2017,3,15,20,-6,-94,10248,300,88,-9999,-1,-9999
1752,2017,3,15,21,-11,-100,10252,290,82,-9999,-1,-9999
1753,2017,3,15,22,-22,-83,10256,290,82,-9999,-1,-9999
1754,2017,3,15,23,-22,-83,10258,310,46,-9999,-1,-9999
1755,2017,3,16,0,-28,-83,10262,290,51,-9999,-1,-1
1756,2017,3,16,1,-33,-83,10263,280,67,-9999,-1,-9999
1757,2017,3,16,2,-39,-83,10266,290,67,-9999,-1,-9999
1758,2017,3,16,3,-39,-83,10268,310,62,-9999,-1,-9999
1759,2017,3,16,4,-39,-89,10269,300,46,-9999,-1,-9999
1760,2017,3,16,5,-61,-100,10269,290,46,0,-9999,-9999
1761,2017,3,16,6,-56,-100,10268,290,41,-9999,-9999,-1
1762,2017,3,16,7,-56,-100,10268,270,46,-9999,-9999,-9999
1763,2017,3,16,8,-78,-111,10268,280,36,0,-9999,-9999
1764,2017,3,16,9,-89,-117,10269,270,36,0,-9999,-9999
1765,2017,3,16,10,-94,-117,10275,250,26,0,-9999,-9999
1766,2017,3,16,11,-94,-117,10278,250,36,0,-9999,-9999
1767,2017,3,16,12,-89,-111,10282,250,36,0,-9999,-9999
1768,2017,3,16,13,-50,-89,10285,260,41,0,-9999,-9999
1769,2017,3,16,14,-11,-83,10288,280,41,0,-9999,-9999
1770,2017,3,16,15,17,-94,10289,270,57,0,-9999,-9999
1771,2017,3,16,16,6,-106,10290,270,62,0,-9999,-9999
1772,2017,3,16,17,17,-106,10289,290,46,0,-9999,-9999
1773,2017,3,16,18,28,-106,10282,260,62,0,-9999,-9999
1774,2017,3,16,19,39,-106,10273,270,67,0,-9999,-9999
1775,2017,3,16,20,39,-106,10269,290,46,0,-9999,-9999
1776,2017,3,16,21,44,-106,10266,230,51,0,-9999,-9999
1777,2017,3,16,22,44,-106,10266,260,62,0,-9999,-9999
1778,2017,3,16,23,33,-111,10265,260,51,0,-9999,-9999
1779,2017,3,17,0,0,-111,10269,250,31,0,-9999,-9999
1780,2017,3,17,1,6,-117,10268,240,15,0,-9999,-9999
1781,2017,3,17,2,-6,-106,10268,220,15,0,-9999,-9999
1782,2017,3,17,4,-44,-89,10263,160,15,0,-9999,-9999
1783,2017,3,17,5,-56,-89,10267,0,0,0,-9999,-9999
1784,2017,3,17,6,-61,-89,10269,0,0,0,-9999,-9999
1785,2017,3,17,7,-72,-100,10266,150,15,0,-9999,-9999
1786,2017,3,17,8,-67,-89,10263,140,21,0,-9999,-9999
1787,2017,3,17,9,-61,-89,10259,130,21,0,-9999,-9999
1788,2017,3,17,10,-17,-78,10258,160,31,0,-9999,-9999
1789,2017,3,17,11,-11,-72,10254,160,36,-9999,-9999,-9999
1790,2017,3,17,12,0,-72,10254,160,41,-9999,-9999,-9999
1791,2017,3,17,13,11,-78,10254,180,36,-9999,-9999,-9999
1792,2017,3,17,14,-11,-22,10252,160,46,-9999,-1,-9999
1793,2017,3,17,15,-6,-22,10246,150,62,-9999,5,-9999
1794,2017,3,17,16,0,-28,10235,140,57,-9999,-1,-9999
1795,2017,3,17,17,6,-28,10228,130,46,-9999,3,-9999
1796,2017,3,17,18,0,-11,10220,130,46,-9999,-1,8
1797,2017,3,17,19,0,-6,10208,130,41,-9999,-1,-9999
1798,2017,3,17,20,0,-6,10196,130,51,-9999,-1,-9999
1799,2017,3,17,21,6,6,10189,140,46,-9999,-1,-9999
1800,2017,3,17,22,11,6,10185,140,41,-9999,-1,-9999
1801,2017,3,17,23,6,6,10182,140,41,-9999,-1,-9999
1802,2017,3,18,0,6,6,10187,140,21,-9999,-1,-1
1803,2017,3,18,1,11,6,10184,140,31,-9999,3,-9999
1804,2017,3,18,2,11,6,10186,150,21,-9999,-1,-9999
1805,2017,3,18,3,11,6,10184,160,15,-9999,-9999,-9999
1806,2017,3,18,4,17,11,10181,200,21,-9999,-9999,-9999
1807,2017,3,18,5,22,22,10180,210,21,-9999,-9999,-9999
1808,2017,3,18,6,28,22,10180,210,36,-9999,-9999,3
1809,2017,3,18,7,33,33,10182,210,26,-9999,-9999,-9999
1810,2017,3,18,8,39,39,10175,220,46,-9999,-1,-9999
1811,2017,3,18,9,50,44,10170,230,36,-9999,-1,-9999
1812,2017,3,18,10,50,50,10168,230,51,-9999,-9999,-9999
1813,2017,3,18,11,50,44,10168,250,46,-9999,-9999,-9999
1814,2017,3,18,12,50,33,10171,280,62,-9999,-9999,-1
1815,2017,3,18,13,39,17,10176,290,67,-9999,-9999,-9999
1816,2017,3,18,14,44,17,10181,290,67,-9999,-9999,-9999
1817,2017,3,18,15,33,11,10185,280,62,-9999,-9999,-9999
1818,2017,3,18,16,22,11,10191,280,62,-9999,-1,-9999
1819,2017,3,18,17,28,17,10191,280,62,-9999,-1,-9999
1820,2017,3,18,18,33,17,10195,290,62,-9999,-9999,-1
1821,2017,3,18,19,33,17,10196,290,67,-9999,-9999,-9999
1822,2017,3,18,20,33,22,10203,300,67,-9999,-1,-9999
1823,2017,3,18,21,33,22,10207,290,62,-9999,-1,-9999
1824,2017,3,18,22,33,11,10215,300,62,-9999,-1,-9999
1825,2017,3,18,23,33,11,10223,290,62,-9999,-1,-9999
1826,2017,3,19,0,33,6,10232,290,57,-9999,-1,-1
1827,2017,3,19,1,28,6,10238,310,46,-9999,-1,-9999
1828,2017,3,19,2,28,6,10241,310,51,-9999,-1,-9999
1829,2017,3,19,3,28,6,10244,300,57,-9999,-1,-9999
1830,2017,3,19,4,28,6,10250,310,46,-9999,-9999,-9999
1831,2017,3,19,5,22,6,10248,320,57,-9999,-9999,-9999
1832,2017,3,19,6,22,6,10247,320,51,-9999,-9999,-1
1833,2017,3,19,7,22,6,10252,310,31,-9999,-9999,-9999
1834,2017,3,19,8,22,6,10252,310,26,-9999,-9999,-9999
1835,2017,3,19,9,22,6,10254,310,26,-9999,-9999,-9999
1836,2017,3,19,10,22,6,10258,310,31,-9999,-9999,-9999
1837,2017,3,19,11,-9999,-9999,-9999,310,36,-9999,-9999,-9999
1838,2017,3,19,12,-9999,-9999,-9999,320,41,-9999,-9999,-9999
1839,2017,3,19,13,22,11,10281,340,26,-9999,-1,-9999
1840,2017,3,19,14,33,11,10285,360,31,-9999,-9999,-9999
1841,2017,3,19,15,39,6,10291,10,21,-9999,-9999,-9999
1842,2017,3,19,16,50,6,10292,320,21,-9999,-9999,-9999
1843,2017,3,19,17,44,0,10293,60,26,-9999,-9999,-9999
1844,2017,3,19,18,50,0,10288,330,21,-9999,-9999,-1
1845,2017,3,19,19,56,-6,10282,320,21,-9999,-9999,-9999
1846,2017,3,19,20,56,-6,10276,250,21,-9999,-9999,-9999
1847,2017,3,19,21,61,-6,10273,240,15,-9999,-9999,-9999
1848,2017,3,19,22,61,-6,10269,320,15,-9999,-9999,-9999
1849,2017,3,19,23,56,-6,-9999,0,0,-9999,-9999,-9999
1850,2017,3,20,0,44,0,-9999,0,0,-9999,-9999,-9999
1851,2017,3,20,1,33,0,10263,110,31,-9999,-9999,-9999
1852,2017,3,20,2,11,-11,10264,110,15,2,-9999,-9999
1853,2017,3,20,3,11,-6,10258,140,26,0,-9999,-9999
1854,2017,3,20,4,6,-11,10254,140,31,0,-9999,-9999
1855,2017,3,20,5,0,-11,10254,140,26,0,-9999,-9999
1856,2017,3,20,6,6,-6,10247,150,36,0,-9999,-9999
1857,2017,3,20,7,11,-11,10237,160,41,0,-9999,-9999
1858,2017,3,20,8,11,-11,10228,160,46,0,-9999,-9999
1859,2017,3,20,9,11,-11,10225,160,31,0,-9999,-9999
1860,2017,3,20,10,11,-11,10234,50,26,-9999,-9999,-9999
1861,2017,3,20,11,17,-6,10230,100,36,-9999,-9999,-9999
1862,2017,3,20,12,22,-6,10255,290,26,-9999,-1,-1
1863,2017,3,20,13,11,0,10239,210,36,-9999,43,-9999
1864,2017,3,20,14,17,11,10221,190,46,-9999,79,-9999
1865,2017,3,20,15,28,22,10213,200,51,-9999,20,-9999
1866,2017,3,20,16,44,33,10193,170,51,-9999,23,-9999
1867,2017,3,20,17,67,50,10180,190,67,2,3,-9999
1868,2017,3,20,18,100,72,10166,200,51,0,-9999,168
1869,2017,3,20,19,106,72,10159,210,36,-9999,-9999,-9999
1870,2017,3,20,20,100,78,10164,140,21,-9999,3,-9999
1871,2017,3,20,21,89,83,10162,0,0,-9999,23,-9999
1872,2017,3,20,22,89,83,10141,150,67,-9999,89,-9999
1873,2017,3,20,23,89,83,10144,30,31,-9999,15,-9999
1874,2017,3,21,0,89,83,10166,330,15,-9999,-1,130
1875,2017,3,21,1,83,78,10165,10,21,-9999,20,-9999
1876,2017,3,21,2,72,67,10169,0,0,-9999,28,-9999
1877,2017,3,21,3,67,67,10171,40,31,-9999,28,-9999
1878,2017,3,21,4,61,61,10168,0,0,-9999,5,-9999
1879,2017,3,21,5,61,61,10159,180,21,-9999,-1,-9999
1880,2017,3,21,6,67,67,10160,340,21,-9999,-9999,81
1881,2017,3,21,7,67,67,10165,290,15,-9999,-9999,-9999
1882,2017,3,21,8,72,72,10163,320,21,-9999,-9999,-9999
1883,2017,3,21,9,72,72,10165,340,21,-9999,-9999,-9999
1884,2017,3,21,10,67,67,10173,10,36,-9999,-9999,-9999
1885,2017,3,21,11,56,50,10182,10,31,-9999,-9999,-9999
1886,2017,3,21,12,56,50,10185,10,36,-9999,-9999,-9999
1887,2017,3,21,13,56,44,10195,20,51,-9999,-9999,-9999
1888,2017,3,21,14,56,44,10204,360,36,-9999,-9999,-9999
1889,2017,3,21,15,78,56,10205,320,15,-9999,-9999,-9999
1890,2017,3,21,16,100,67,10207,320,26,4,-9999,-9999
1891,2017,3,21,17,106,67,10203,310,26,4,-9999,-9999
1892,2017,3,21,18,111,67,10201,340,51,-9999,-9999,-9999
1893,2017,3,21,19,111,67,10191,320,31,-9999,-9999,-9999
1894,2017,3,21,20,122,44,10188,310,31,-9999,-9999,-9999
1895,2017,3,21,21,117,44,10194,300,41,-9999,-9999,-9999
1896,2017,3,21,22,117,44,10198,290,31,-9999,-9999,-9999
1897,2017,3,21,23,106,28,10204,300,51,-9999,-1,-9999
1898,2017,3,22,0,83,39,10201,260,46,-9999,-1,-1
1899,2017,3,22,1,83,17,10207,300,51,-9999,-9999,-9999
1900,2017,3,22,2,67,-17,10218,320,57,0,-9999,-9999
1901,2017,3,22,3,39,-50,10225,330,77,0,-9999,-9999
1902,2017,3,22,4,22,-44,10229,340,67,0,-9999,-9999
1903,2017,3,22,5,17,-33,10243,10,88,0,-9999,-9999
1904,2017,3,22,6,-6,-56,10257,10,67,0,-9999,-9999
1905,2017,3,22,7,-11,-61,10266,20,46,0,-9999,-9999
1906,2017,3,22,8,-17,-72,10273,360,57,0,-9999,-9999
1907,2017,3,22,9,-22,-83,10275,360,82,0,-9999,-9999
1908,2017,3,22,10,-33,-83,10285,20,67,0,-9999,-9999
1909,2017,3,22,11,-44,-89,10294,20,67,0,-9999,-9999
1910,2017,3,22,12,-50,-89,10308,20,72,0,-9999,-9999
1911,2017,3,22,13,-39,-89,10318,20,72,2,-9999,-9999
1912,2017,3,22,14,-28,-83,10327,50,62,0,-9999,-9999
1913,2017,3,22,16,-6,-72,10345,30,51,-9999,-9999,-9999
1914,2017,3,22,17,0,-72,10345,40,62,2,-9999,-9999
1915,2017,3,22,18,6,-78,10344,40,51,2,-9999,-9999
1916,2017,3,22,19,17,-78,10339,10,51,0,-9999,-9999
1917,2017,3,22,20,22,-78,10330,10,41,0,-9999,-9999
1918,2017,3,22,21,28,-72,10329,20,46,0,-9999,-9999
1919,2017,3,22,22,28,-78,10330,50,41,0,-9999,-9999
1920,2017,3,22,23,17,-78,10331,40,62,0,-9999,-9999
1921,2017,3,23,0,-6,-67,10333,60,51,0,-9999,-9999
1922,2017,3,23,1,-17,-67,10336,40,41,0,-9999,-9999
1923,2017,3,23,2,-22,-67,10341,40,51,0,-9999,-9999
1924,2017,3,23,3,-28,-72,10340,50,51,0,-9999,-9999
1925,2017,3,23,4,-33,-72,10339,50,51,0,-9999,-9999
1926,2017,3,23,5,-44,-72,10340,70,36,0,-9999,-9999
1927,2017,3,23,6,-50,-72,10339,70,36,0,-9999,-9999
1928,2017,3,23,7,-50,-78,10335,80,41,0,-9999,-9999
1929,2017,3,23,8,-61,-83,10335,80,36,0,-9999,-9999
1930,2017,3,23,9,-56,-83,10332,80,41,0,-9999,-9999
1931,2017,3,23,10,-50,-89,10332,90,41,0,-9999,-9999
1932,2017,3,23,11,-50,-89,10332,90,46,0,-9999,-9999
1933,2017,3,23,12,-50,-89,10333,90,46,0,-9999,-9999
1934,2017,3,23,13,-33,-78,10338,90,41,0,-9999,-9999
1935,2017,3,23,14,-11,-72,10331,110,62,0,-9999,-9999
1936,2017,3,23,15,11,-72,10335,110,67,4,-9999,-9999
1937,2017,3,23,16,33,-67,10331,120,57,2,-9999,-9999
1938,2017,3,23,17,50,-56,10321,130,62,0,-9999,-9999
1939,2017,3,23,18,67,-50,10306,140,72,-9999,-9999,-9999
1940,2017,3,23,19,83,-39,10295,150,57,0,-9999,-9999
1941,2017,3,23,20,100,-28,10284,140,46,2,-9999,-9999
1942,2017,3,23,21,111,-28,10272,150,57,0,-9999,-9999
1943,2017,3,23,22,111,-33,10263,160,41,0,-9999,-9999
1944,2017,3,23,23,111,-17,10262,160,31,-9999,-9999,-9999
1945,2017,3,24,0,100,-17,10258,140,21,-9999,-9999,-9999
1946,2017,3,24,1,78,-6,10256,140,21,4,-9999,-9999
1947,2017,3,24,2,78,-6,10244,140,36,-9999,-9999,-9999
1948,2017,3,24,3,89,-6,10241,160,31,-9999,-9999,-9999
1949,2017,3,24,4,89,0,10234,170,31,4,-9999,-9999
1950,2017,3,24,5,89,0,10232,160,31,-9999,-9999,-9999
1951,2017,3,24,6,94,11,10218,160,51,-9999,-1,-1
1952,2017,3,24,7,89,0,10214,170,51,0,-1,-9999
1953,2017,3,24,8,100,17,10207,170,36,0,-9999,-9999
1954,2017,3,24,9,100,28,10211,170,21,0,-9999,-9999
1955,2017,3,24,10,83,33,10213,160,26,0,-9999,-9999
1956,2017,3,24,11,117,50,10215,200,41,0,-9999,-9999
1957,2017,3,24,12,122,56,10217,210,67,0,-9999,-1
1958,2017,3,24,13,128,61,10228,210,72,4,-9999,-9999
1959,2017,3,24,14,133,67,10227,210,77,2,-9999,-9999
1960,2017,3,24,15,144,78,10226,210,77,2,-9999,-9999
1961,2017,3,24,16,156,83,10224,210,82,0,-9999,-9999
1962,2017,3,24,17,178,100,10214,220,88,0,-9999,-9999
1963,2017,3,24,18,200,111,10209,220,88,0,-9999,-9999
1964,2017,3,24,19,222,122,10197,250,118,0,-9999,-9999
1965,2017,3,24,20,228,128,10193,220,82,0,-9999,-9999
1966,2017,3,24,21,222,122,10189,220,88,2,-9999,-9999
1967,2017,3,24,22,217,122,10186,210,51,4,-9999,-9999
1968,2017,3,24,23,217,117,10187,220,72,2,-9999,-9999
1969,2017,3,25,0,200,117,10191,220,51,0,-9999,-9999
1970,2017,3,25,1,183,117,10193,190,21,0,-9999,-9999
1971,2017,3,25,2,178,111,10199,220,36,0,-9999,-9999
1972,2017,3,25,3,178,111,10202,220,36,0,-9999,-9999
1973,2017,3,25,4,178,111,10203,220,51,-9999,-9999,-9999
1974,2017,3,25,5,178,117,10198,230,57,0,-9999,-9999
1975,2017,3,25,6,172,117,10193,220,62,0,-9999,-9999
1976,2017,3,25,7,167,117,10191,210,46,0,-9999,-9999
1977,2017,3,25,8,161,111,10187,210,46,0,-9999,-9999
1978,2017,3,25,9,156,106,10188,210,51,0,-9999,-9999
1979,2017,3,25,10,156,106,10189,200,41,0,-9999,-9999
1980,2017,3,25,11,150,100,10193,190,41,0,-9999,-9999
1981,2017,3,25,12,150,94,10199,190,41,0,-9999,-9999
1982,2017,3,25,14,178,100,10200,200,67,0,-9999,-9999
1983,2017,3,25,15,206,111,10198,210,88,4,-9999,-9999
1984,2017,3,25,16,200,106,10200,210,67,0,-9999,-9999
1985,2017,3,25,17,194,106,10195,220,67,0,-9999,-9999
1986,2017,3,25,18,206,111,10194,210,51,0,-9999,-9999
1987,2017,3,25,19,222,117,10186,170,62,0,-9999,-9999
1988,2017,3,25,20,228,117,10179,140,51,0,-9999,-9999
1989,2017,3,25,21,228,117,10175,160,67,0,-9999,-9999
1990,2017,3,25,22,217,111,10174,160,57,0,-9999,-9999
1991,2017,3,25,23,200,111,10175,140,41,0,-9999,-9999
1992,2017,3,26,0,183,106,10176,140,46,0,-9999,-9999
1993,2017,3,26,1,167,106,10175,130,41,0,-9999,-9999
1994,2017,3,26,2,172,100,10175,130,46,0,-9999,-9999
1995,2017,3,26,3,167,100,10173,130,41,4,-9999,-9999
1996,2017,3,26,4,167,100,10166,130,51,-9999,-9999,-9999
1997,2017,3,26,5,161,100,10163,130,46,0,-9999,-9999
1998,2017,3,26,6,150,94,10160,130,31,-9999,-9999,-9999
1999,2017,3,26,7,150,94,10154,130,36,-9999,-9999,-9999
2000,2017,3,26,8,150,94,10154,0,0,-9999,-9999,-9999
2001,2017,3,26,9,128,94,10153,0,0,4,-9999,-9999
2002,2017,3,26,10,139,100,10148,300,26,4,-9999,-9999
2003,2017,3,26,11,133,106,10151,0,0,-9999,-9999,-9999
2004,2017,3,26,12,139,122,10156,220,26,-9999,-1,-1
2005,2017,3,26,13,133,122,10161,150,26,-9999,5,-9999
2006,2017,3,26,14,144,128,10157,180,36,-9999,-1,-9999
2007,2017,3,26,15,150,128,10156,190,36,-9999,-1,-9999
2008,2017,3,26,16,161,128,10152,190,72,-9999,-9999,-9999
2009,2017,3,26,17,139,128,10156,210,62,-9999,43,-9999
2010,2017,3,26,19,156,128,10138,200,41,4,3,-9999
2011,2017,3,26,20,167,133,10128,190,51,-9999,-9999,-9999
2012,2017,3,26,21,178,133,10125,200,46,-9999,-9999,-9999
2013,2017,3,26,22,167,128,10123,230,21,-9999,-9999,-9999
2014,2017,3,26,23,139,117,10132,250,21,-9999,20,-9999
2015,2017,3,27,0,133,122,10136,240,26,-9999,10,33
2016,2017,3,27,1,133,122,10138,180,15,-9999,3,-9999
2017,2017,3,27,2,133,122,10144,200,15,-9999,-1,-9999
2018,2017,3,27,3,128,122,10145,220,31,-9999,-9999,-9999
2019,2017,3,27,4,128,117,10146,230,36,-9999,-9999,-9999
2020,2017,3,27,5,117,106,10146,220,36,0,-9999,-9999
2021,2017,3,27,6,106,94,10142,240,31,0,-9999,3
2022,2017,3,27,7,100,94,10142,210,31,0,-9999,-9999
2023,2017,3,27,8,94,89,10144,230,31,0,-9999,-9999
2024,2017,3,27,9,89,83,10144,230,26,0,-9999,-9999
2025,2017,3,27,10,100,94,10149,220,36,-9999,-9999,-9999
2026,2017,3,27,11,100,94,10152,210,26,-9999,-9999,-9999
2027,2017,3,27,12,100,94,10155,220,31,-9999,-9999,-9999
2028,2017,3,27,13,111,100,10161,220,26,-9999,-9999,-9999
2029,2017,3,27,14,128,106,10162,210,31,2,-9999,-9999
2030,2017,3,27,15,144,106,10164,240,41,0,-9999,-9999
2031,2017,3,27,16,156,94,10157,260,36,2,-9999,-9999
2032,2017,3,27,17,167,106,10153,250,26,4,-9999,-9999
2033,2017,3,27,18,178,106,10150,220,41,2,-9999,-9999
2034,2017,3,27,19,172,100,10137,220,36,-9999,-9999,-9999
2035,2017,3,27,20,178,106,10123,140,26,4,-9999,-9999
2036,2017,3,27,21,172,111,10125,160,41,-9999,-9999,-9999
2037,2017,3,27,22,167,117,10120,150,41,-9999,-9999,-9999
2038,2017,3,27,23,167,117,10118,130,31,-9999,-9999,-9999
2039,2017,3,28,0,150,117,10117,100,26,-9999,-9999,-9999
2040,2017,3,28,1,139,111,10114,80,26,-9999,-9999,-9999
2041,2017,3,28,2,139,117,10113,100,26,-9999,-1,-9999
2042,2017,3,28,3,139,122,10114,160,21,-9999,10,-9999
2043,2017,3,28,4,139,128,10110,160,26,-9999,10,-9999
2044,2017,3,28,5,133,128,10106,150,21,-9999,10,-9999
2045,2017,3,28,6,128,122,10103,0,0,-9999,3,33
2046,2017,3,28,7,128,128,10106,270,26,-9999,3,-9999
2047,2017,3,28,8,122,122,10103,0,0,-9999,3,-9999
2048,2017,3,28,9,122,122,10101,0,0,-9999,-1,-9999
2049,2017,3,28,10,122,122,10104,0,0,-9999,3,-9999
2050,2017,3,28,11,128,122,10113,360,15,-9999,-1,-9999
2051,2017,3,28,12,122,117,10123,30,46,-9999,5,13
2052,2017,3,28,13,122,111,10135,360,57,-9999,-1,-9999
2053,2017,3,28,14,117,111,10140,360,46,-9999,-1,-9999
2054,2017,3,28,15,122,111,10145,20,46,-9999,-1,-9999
2055,2017,3,28,16,122,106,10158,350,46,-9999,-9999,-9999
2056,2017,3,28,17,117,100,10161,360,57,-9999,-9999,-9999
2057,2017,3,28,18,122,94,10162,20,62,-9999,-9999,-1
2058,2017,3,28,19,122,94,10166,350,46,-9999,-9999,-9999
2059,2017,3,28,20,128,94,10171,360,46,-9999,-9999,-9999
2060,2017,3,28,21,128,89,10173,360,51,-9999,-9999,-9999
2061,2017,3,28,22,122,83,10177,30,51,-9999,-9999,-9999
2062,2017,3,28,23,111,83,10185,360,31,-9999,-9999,-9999
2063,2017,3,29,0,106,78,10194,360,31,-9999,-9999,-9999
2064,2017,3,29,1,100,72,10202,40,46,-9999,-9999,-9999
2065,2017,3,29,2,94,67,10211,40,46,-9999,-9999,-9999
2066,2017,3,29,3,83,67,10216,40,36,-9999,-9999,-9999
2067,2017,3,29,4,83,61,10217,40,41,-9999,-9999,-9999
2068,2017,3,29,5,72,50,10219,40,57,-9999,-9999,-9999
2069,2017,3,29,6,67,44,10221,60,51,-9999,-9999,-9999
2070,2017,3,29,7,61,39,10221,60,31,-9999,-9999,-9999
2071,2017,3,29,8,56,33,10218,40,31,-9999,-9999,-9999
2072,2017,3,29,9,50,28,10216,40,51,-9999,-9999,-9999
2073,2017,3,29,10,33,11,10219,60,62,0,-9999,-9999
2074,2017,3,29,11,28,11,10232,50,46,-9999,-9999,-9999
2075,2017,3,29,12,33,28,10233,60,36,-9999,-9999,-9999
2076,2017,3,29,13,50,39,10233,60,62,-9999,-9999,-9999
2077,2017,3,29,14,67,39,10237,60,62,-9999,-9999,-9999
2078,2017,3,29,15,83,39,10236,80,62,-9999,-9999,-9999
2079,2017,3,29,16,94,44,10238,80,36,-9999,-9999,-9999
2080,2017,3,29,17,122,50,10231,80,46,0,-9999,-9999
2081,2017,3,29,18,133,50,10224,70,46,0,-9999,-9999
2082,2017,3,29,19,144,50,10223,90,51,0,-9999,-9999
2083,2017,3,29,20,150,50,10216,100,36,0,-9999,-9999
2084,2017,3,29,21,156,56,10205,70,57,0,-9999,-9999
2085,2017,3,29,22,156,50,10206,70,46,0,-9999,-9999
2086,2017,3,29,23,144,44,10202,70,51,0,-9999,-9999
2087,2017,3,30,0,122,39,10195,70,46,0,-9999,-9999
2088,2017,3,30,1,100,44,10202,70,36,-9999,-9999,-9999
2089,2017,3,30,2,106,56,10198,60,41,-9999,-9999,-9999
2090,2017,3,30,3,100,39,10184,90,67,-9999,-9999,-9999
2091,2017,3,30,4,100,33,10178,110,62,0,-9999,-9999
2092,2017,3,30,5,94,33,10168,100,57,0,-9999,-9999
2093,2017,3,30,6,89,28,10164,90,51,-9999,-9999,-9999
2094,2017,3,30,7,94,28,10153,100,51,-9999,-9999,-9999
2095,2017,3,30,8,89,28,10150,80,51,4,-9999,-9999
2096,2017,3,30,9,89,22,10136,90,62,2,-9999,-9999
2097,2017,3,30,10,89,22,10128,80,62,4,-9999,-9999
2098,2017,3,30,11,83,22,10116,90,77,4,-9999,-9999
2099,2017,3,30,12,83,22,10121,100,72,-9999,-9999,-9999
2100,2017,3,30,13,89,28,10117,110,72,-9999,-9999,-9999
2101,2017,3,30,14,106,44,10106,130,57,-9999,-9999,-9999
2102,2017,3,30,15,133,72,10100,150,62,-9999,-9999,-9999
2103,2017,3,30,16,167,100,10086,150,57,-9999,-9999,-9999
2104,2017,3,30,17,200,128,10072,150,51,-9999,-9999,-9999
2105,2017,3,30,18,222,133,10059,180,57,2,-9999,-9999
2106,2017,3,30,19,239,128,10043,190,72,0,-9999,-9999
2107,2017,3,30,20,239,117,10034,190,72,0,-9999,-9999
2108,2017,3,30,21,239,111,10028,190,67,2,-9999,-9999
2109,2017,3,30,22,233,111,10026,190,57,4,-9999,-9999
2110,2017,3,30,23,228,111,10025,180,41,-9999,-9999,-9999
2111,2017,3,31,0,211,111,10026,170,26,0,-9999,-9999
2112,2017,3,31,1,194,106,10028,180,26,0,-9999,-9999
2113,2017,3,31,2,194,111,10031,200,36,0,-9999,-9999
2114,2017,3,31,3,150,106,10041,350,57,-9999,-1,-9999
2115,2017,3,31,4,133,117,10042,340,46,-9999,5,-9999
2116,2017,3,31,5,128,117,10046,100,26,-9999,25,-9999
2117,2017,3,31,6,122,117,10050,150,26,-9999,43,74
2118,2017,3,31,7,122,117,10035,110,31,-9999,23,-9999
2119,2017,3,31,8,122,117,10024,90,36,-9999,15,-9999
2120,2017,3,31,9,122,117,10021,120,41,-9999,3,-9999
2121,2017,3,31,10,122,117,10024,140,46,-9999,-9999,-9999
2122,2017,3,31,11,122,117,10016,130,57,-9999,-9999,-9999
2123,2017,3,31,12,128,117,10014,120,62,-9999,3,43
2124,2017,3,31,13,128,117,10022,140,41,-9999,-1,-9999
2125,2017,3,31,14,139,122,10017,160,36,-9999,-9999,-9999
2126,2017,3,31,15,128,117,10023,220,51,-9999,5,-9999
2127,2017,3,31,16,122,111,10033,260,57,-9999,3,-9999
2128,2017,3,31,17,122,100,10036,260,72,-9999,-9999,-9999
2129,2017,3,31,18,122,106,10039,260,82,-9999,-1,8
2130,2017,3,31,19,122,106,10041,270,93,-9999,-1,-9999
2131,2017,3,31,20,111,100,10051,280,82,-9999,-1,-9999
2132,2017,3,31,21,100,89,10061,280,72,-9999,2,-9999
2133,2017,3,31,22,89,78,10074,300,82,-9999,-1,-9999
2134,2017,4,1,0,72,67,10097,300,72,-9999,-1,3
2135,2017,4,1,1,67,61,10111,310,51,-9999,-1,-9999
2136,2017,4,1,2,61,50,10120,320,51,-9999,-1,-9999
2137,2017,4,1,3,56,44,10126,310,51,-9999,-1,-9999
2138,2017,4,1,4,56,44,10132,300,46,-9999,-1,-9999
2139,2017,4,1,5,56,44,10139,290,51,-9999,-9999,-9999
2140,2017,4,1,6,50,39,10146,310,51,-9999,-1,-1
2141,2017,4,1,7,44,39,10154,290,46,-9999,-1,-9999
2142,2017,4,1,8,44,33,10162,320,41,-9999,-1,-9999
2143,2017,4,1,9,39,28,10165,330,51,-9999,-1,-9999
2144,2017,4,1,10,39,22,10171,320,51,-9999,-9999,-9999
2145,2017,4,1,11,33,17,10186,320,62,-9999,-9999,-9999
2146,2017,4,1,12,33,17,10198,320,41,-9999,-9999,-1
2147,2017,4,1,13,33,22,10208,350,46,-9999,-9999,-9999
2148,2017,4,1,14,33,17,10213,350,41,-9999,-9999,-9999
2149,2017,4,1,15,39,22,10221,320,36,-9999,-9999,-9999
2150,2017,4,1,16,50,22,10221,330,46,-9999,-9999,-9999
2151,2017,4,1,17,61,28,10219,320,41,-9999,-9999,-9999
2152,2017,4,1,18,61,28,10226,310,36,-9999,-9999,-9999
2153,2017,4,1,19,61,28,10226,340,31,-9999,-9999,-9999
2154,2017,4,1,20,61,28,10227,330,41,-9999,-9999,-9999
2155,2017,4,1,21,67,28,10229,350,26,-9999,-9999,-9999
2156,2017,4,1,22,72,22,10232,10,31,-9999,-9999,-9999
2157,2017,4,1,23,72,28,10239,360,15,-9999,-9999,-9999
2158,2017,4,2,0,61,22,10239,50,21,-9999,-9999,-9999
2159,2017,4,2,1,50,22,10243,120,15,0,-9999,-9999
2160,2017,4,2,2,28,11,10248,90,15,0,-9999,-9999
2161,2017,4,2,3,33,17,10249,120,21,0,-9999,-9999
2162,2017,4,2,4,44,22,10250,150,21,0,-9999,-9999
2163,2017,4,2,5,33,17,10251,160,15,0,-9999,-9999
2164,2017,4,2,6,11,6,10248,150,21,0,-9999,-9999
2165,2017,4,2,7,11,6,10243,0,0,0,-9999,-9999
2166,2017,4,2,8,6,-6,10243,0,0,0,-9999,-9999
2167,2017,4,2,9,0,-6,10240,90,15,0,-9999,-9999
2168,2017,4,2,10,-11,-17,10246,0,0,0,-9999,-9999
2169,2017,4,2,11,-6,-6,10246,130,15,0,-9999,-9999
2170,2017,4,2,12,11,6,10251,80,15,0,-9999,-9999
2171,2017,4,2,13,39,33,10252,130,21,0,-9999,-9999
2172,2017,4,2,14,67,39,10237,120,51,0,-9999,-9999
2173,2017,4,2,15,83,33,10255,160,31,0,-9999,-9999
2174,2017,4,2,16,106,33,10242,130,41,0,-9999,-9999
2175,2017,4,2,17,122,28,10231,90,62,0,-9999,-9999
2176,2017,4,2,18,139,22,10221,120,57,0,-9999,-9999
2177,2017,4,2,19,133,28,10211,120,57,0,-9999,-9999
2178,2017,4,2,20,144,33,10200,120,57,0,-9999,-9999
2179,2017,4,2,21,144,33,10188,110,57,0,-9999,-9999
2180,2017,4,2,22,144,33,10188,140,41,0,-9999,-9999
2181,2017,4,2,23,139,39,10181,100,41,0,-9999,-9999
2182,2017,4,3,0,111,44,10174,100,31,0,-9999,-9999
2183,2017,4,3,1,94,33,10168,90,36,0,-9999,-9999
2184,2017,4,3,2,100,28,10162,100,41,0,-9999,-9999
2185,2017,4,3,3,94,28,10158,110,46,0,-9999,-9999
2186,2017,4,3,4,89,28,10149,110,46,0,-9999,-9999
2187,2017,4,3,5,94,28,10139,100,46,0,-9999,-9999
2188,2017,4,3,6,100,22,10129,120,51,0,-9999,-9999
2189,2017,4,3,7,94,22,10117,110,41,0,-9999,-9999
2190,2017,4,3,8,106,22,10107,120,51,0,-9999,-9999
2191,2017,4,3,9,100,28,10101,110,41,0,-9999,-9999
2192,2017,4,3,10,100,28,10096,110,46,0,-9999,-9999
2193,2017,4,3,11,100,39,10097,110,36,-9999,-1,-9999
2194,2017,4,3,12,100,39,10092,110,36,-9999,-1,-1
2195,2017,4,3,13,117,50,10085,150,46,0,-9999,-9999
2196,2017,4,3,14,150,67,10079,160,57,2,-9999,-9999
2197,2017,4,3,15,156,78,10072,150,51,-9999,-1,-9999
2198,2017,4,3,16,167,89,10060,140,72,-9999,-9999,-9999
2199,2017,4,3,17,172,106,10043,150,93,4,-9999,-9999
2200,2017,4,3,18,178,128,10032,170,93,-9999,-9999,-1
2201,2017,4,3,19,178,133,10017,180,72,-9999,-9999,-9999
2202,2017,4,3,20,183,133,10003,160,93,-9999,-9999,-9999
2203,2017,4,3,21,183,133,9997,180,67,-9999,-9999,-9999
2204,2017,4,3,22,178,133,9996,170,36,-9999,-9999,-9999
2205,2017,4,3,23,161,133,10001,200,36,-9999,5,-9999
2206,2017,4,4,0,144,139,9992,160,21,-9999,15,20
2207,2017,4,4,1,144,133,9987,150,36,-9999,-1,-9999
2208,2017,4,4,2,144,133,9985,150,41,-9999,-9999,-9999
2209,2017,4,4,3,144,133,9977,150,41,-9999,-9999,-9999
2210,2017,4,4,4,144,133,9969,170,51,2,3,-9999
2211,2017,4,4,5,144,128,9966,190,46,-9999,-9999,-9999
2212,2017,4,4,6,139,128,9969,210,57,-9999,-9999,3
2213,2017,4,4,7,133,122,9968,220,62,-9999,-9999,-9999
2214,2017,4,4,8,139,122,9971,230,72,-9999,-9999,-9999
2215,2017,4,4,9,139,122,9974,240,82,-9999,-1,-9999
2216,2017,4,4,10,133,122,9982,240,72,-9999,-9999,-9999
2217,2017,4,4,11,139,111,9993,250,77,-9999,-9999,-9999
2218,2017,4,4,12,128,106,10008,250,93,-9999,-9999,-1
2219,2017,4,4,13,128,100,10020,250,98,-9999,-9999,-9999
2220,2017,4,4,14,128,100,10026,250,88,-9999,-9999,-9999
2221,2017,4,4,15,133,94,10039,260,118,-9999,-9999,-9999
2222,2017,4,4,16,133,94,10051,250,93,-9999,-9999,-9999
2223,2017,4,4,17,133,89,10060,250,82,-9999,-9999,-9999
2224,2017,4,4,18,133,94,10069,270,77,-9999,-9999,-9999
2225,2017,4,4,19,150,94,10067,250,108,-9999,-1,-9999
2226,2017,4,4,20,150,94,10072,260,93,-9999,-9999,-9999
2227,2017,4,4,21,156,89,10079,270,67,-9999,-9999,-9999
2228,2017,4,4,22,156,89,10088,270,82,-9999,-9999,-9999
2229,2017,4,4,23,139,89,10104,310,62,-9999,-9999,-9999
2230,2017,4,5,0,117,83,10114,300,57,-9999,-9999,-1
2231,2017,4,5,1,111,83,10127,300,51,-9999,-9999,-9999
2232,2017,4,5,2,106,78,10135,320,46,-9999,-9999,-9999
2233,2017,4,5,3,89,67,10134,340,62,2,-9999,-9999
2234,2017,4,5,4,78,61,10135,350,41,0,-9999,-9999
2235,2017,4,5,5,67,44,10137,360,26,2,-9999,-9999
2236,2017,4,5,6,61,39,10137,50,31,2,-9999,-9999
2237,2017,4,5,7,50,39,10134,50,21,0,-9999,-9999
2238,2017,4,5,8,50,39,10133,80,21,0,-9999,-9999
2239,2017,4,5,10,50,39,10128,90,36,0,-9999,-9999
2240,2017,4,5,11,67,50,10129,90,46,-9999,-9999,-9999
2241,2017,4,5,12,67,50,10128,90,67,-9999,-9999,-9999
2242,2017,4,5,13,78,56,10124,90,88,-9999,-1,-9999
2243,2017,4,5,14,89,61,10107,100,88,2,-9999,-9999
2244,2017,4,5,15,117,72,10096,110,108,-9999,-9999,-9999
2245,2017,4,5,16,139,83,10082,110,88,-9999,-9999,-9999
2246,2017,4,5,17,161,83,10065,110,98,2,-9999,-9999
2247,2017,4,5,18,178,94,10048,120,98,2,-9999,-1
2248,2017,4,5,19,194,100,10027,130,103,-9999,-9999,-9999
2249,2017,4,5,20,217,106,10007,120,93,0,-9999,-9999
2250,2017,4,5,21,222,117,9993,140,67,-9999,-9999,-9999
2251,2017,4,5,22,217,111,9956,130,93,0,-9999,-9999
2252,2017,4,5,23,200,122,9963,200,67,-9999,-1,-9999
2253,2017,4,6,0,139,128,9982,60,31,-9999,53,53
2254,2017,4,6,1,133,122,9975,40,41,-9999,13,-9999
2255,2017,4,6,2,117,106,9966,70,72,-9999,5,-9999
2256,2017,4,6,3,100,94,9969,340,41,-9999,3,-9999
2257,2017,4,6,4,94,89,9966,150,21,4,-9999,-9999
2258,2017,4,6,5,94,94,9962,280,26,-9999,-9999,-9999
2259,2017,4,6,6,94,94,9954,260,26,-9999,-9999,20
2260,2017,4,6,7,117,100,9946,220,72,-9999,-9999,-9999
2261,2017,4,6,8,117,89,9943,210,62,-9999,-9999,-9999
2262,2017,4,6,9,111,83,9942,230,62,-9999,-9999,-9999
2263,2017,4,6,10,106,89,9940,230,46,-9999,-1,-9999
2264,2017,4,6,11,72,61,9949,290,67,-9999,48,-9999
2265,2017,4,6,12,67,61,9959,280,51,-9999,10,58
2266,2017,4,6,13,61,50,9966,300,77,-9999,5,-9999
2267,2017,4,6,14,50,39,9973,300,72,-9999,3,-9999
2268,2017,4,6,15,33,22,9983,290,93,-9999,3,-9999
2269,2017,4,6,16,44,28,9988,290,77,-9999,-1,-9999
2270,2017,4,6,17,44,22,9990,290,108,-9999,-1,-9999
2271,2017,4,6,18,50,22,9994,310,103,-9999,-1,10
2272,2017,4,6,19,50,17,9998,300,108,-9999,-1,-9999
2273,2017,4,6,20,56,22,10005,310,93,-9999,3,-9999
2274,2017,4,6,21,44,22,10016,300,98,-9999,-1,-9999
2275,2017,4,6,22,39,22,10030,330,57,-9999,5,-9999
2276,2017,4,6,23,44,22,10042,290,93,-9999,-1,-9999
2277,2017,4,7,0,39,17,10058,310,118,-9999,3,10
2278,2017,4,7,1,33,6,10072,320,129,-9999,5,-9999
2279,2017,4,7,2,17,6,10086,300,62,-9999,13,-9999
2280,2017,4,7,3,28,11,10090,310,82,-9999,5,-9999
2281,2017,4,7,4,28,11,10091,300,88,-9999,-1,-9999
2282,2017,4,7,5,28,11,10096,300,77,-9999,-1,-9999
2283,2017,4,7,6,22,6,10099,300,72,-9999,-1,23
2284,2017,4,7,7,22,0,10105,310,57,-9999,-1,-9999
2285,2017,4,7,8,17,6,10105,290,72,-9999,-1,-9999
2286,2017,4,7,9,11,0,10110,300,67,-9999,-1,-9999
2287,2017,4,7,10,11,0,10113,290,77,-9999,-1,-9999
2288,2017,4,7,11,11,0,10117,300,62,-9999,3,-9999
2289,2017,4,7,12,11,-6,10122,300,67,-9999,-1,3
2290,2017,4,7,13,17,-11,10128,300,67,4,-9999,-9999
2291,2017,4,7,14,28,-6,10134,310,77,-9999,-9999,-9999
2292,2017,4,7,15,44,-6,10140,320,93,-9999,-9999,-9999
2293,2017,4,7,16,50,0,10143,300,82,-9999,-9999,-9999
2294,2017,4,7,17,72,6,10143,300,88,-9999,-9999,-9999
2295,2017,4,7,18,78,6,10146,300,108,4,-9999,-9999
2296,2017,4,7,19,89,6,10148,310,77,4,-9999,-9999
2297,2017,4,7,20,100,0,10147,320,72,2,-9999,-9999
2298,2017,4,7,21,111,0,10150,330,72,2,-9999,-9999
2299,2017,4,7,22,106,-22,10151,320,88,0,-9999,-9999
2300,2017,4,7,23,100,-22,10156,300,77,0,-9999,-9999
2301,2017,4,8,0,83,-22,10162,310,51,0,-9999,-9999
2302,2017,4,8,1,67,-17,10169,290,36,0,-9999,-9999
2303,2017,4,8,2,61,-11,10176,300,46,0,-9999,-9999
2304,2017,4,8,3,50,-11,10178,280,41,0,-9999,-9999
2305,2017,4,8,4,33,-17,10178,290,26,0,-9999,-9999
2306,2017,4,8,5,28,-22,10182,290,41,0,-9999,-9999
2307,2017,4,8,6,22,-28,10183,300,31,0,-9999,-9999
2308,2017,4,8,7,11,-22,10181,300,26,0,-9999,-9999
2309,2017,4,8,8,0,-22,10182,270,36,0,-9999,-9999
2310,2017,4,8,9,-6,-28,10184,280,36,0,-9999,-9999
2311,2017,4,8,10,0,-33,10187,260,26,0,-9999,-9999
2312,2017,4,8,11,-6,-33,10193,260,21,0,-9999,-9999
2313,2017,4,8,12,6,-17,10205,270,15,0,-9999,-9999
2314,2017,4,8,13,33,-33,10213,310,26,0,-9999,-9999
2315,2017,4,8,14,56,-22,10213,300,21,0,-9999,-9999
2316,2017,4,8,15,83,-22,10214,300,15,0,-9999,-9999
2317,2017,4,8,16,100,-33,10212,0,0,0,-9999,-9999
2318,2017,4,8,17,111,-28,10206,310,15,0,-9999,-9999
2319,2017,4,8,18,128,-33,10197,-9999,21,0,-9999,-9999
2320,2017,4,8,19,139,-17,10193,170,36,0,-9999,-9999
2321,2017,4,8,20,144,-17,10187,220,36,0,-9999,-9999
2322,2017,4,8,21,150,-17,10184,190,31,0,-9999,-9999
2323,2017,4,8,22,150,-33,10178,240,41,0,-9999,-9999
2324,2017,4,8,23,144,-33,10175,190,41,0,-9999,-9999
2325,2017,4,9,0,133,-28,10176,210,21,0,-9999,-9999
2326,2017,4,9,1,117,-22,10170,150,26,0,-9999,-9999
2327,2017,4,9,2,106,0,10175,160,31,0,-9999,-9999
2328,2017,4,9,3,100,0,10175,170,31,0,-9999,-9999
2329,2017,4,9,4,94,-6,10176,180,21,0,-9999,-9999
2330,2017,4,9,5,89,-11,10177,180,26,0,-9999,-9999
2331,2017,4,9,6,78,-6,10172,160,41,0,-9999,-9999
2332,2017,4,9,7,72,-6,10175,170,15,0,-9999,-9999
2333,2017,4,9,8,83,-17,10170,170,26,0,-9999,-9999
2334,2017,4,9,9,78,-11,10175,170,26,0,-9999,-9999
2335,2017,4,9,10,83,-17,10177,180,26,0,-9999,-9999
2336,2017,4,9,11,78,-11,10180,190,26,0,-9999,-9999
2337,2017,4,9,12,83,-11,10182,180,36,0,-9999,-9999
2338,2017,4,9,13,117,6,10182,190,41,0,-9999,-9999
2339,2017,4,9,14,156,6,10180,190,46,0,-9999,-9999
2340,2017,4,9,15,167,17,10178,190,41,0,-9999,-9999
2341,2017,4,9,16,194,22,10172,200,67,0,-9999,-9999
2342,2017,4,9,17,200,22,10167,210,67,0,-9999,-9999
2343,2017,4,9,18,217,28,10161,220,77,0,-9999,-9999
2344,2017,4,9,19,222,33,10154,190,72,0,-9999,-9999
2345,2017,4,9,20,228,28,10146,190,82,0,-9999,-9999
2346,2017,4,9,21,233,22,10137,180,67,0,-9999,-9999
2347,2017,4,9,22,228,28,10134,180,72,0,-9999,-9999
2348,2017,4,9,23,217,39,10135,180,51,0,-9999,-9999
2349,2017,4,10,0,200,39,10136,180,41,0,-9999,-9999
2350,2017,4,10,1,194,33,10138,180,46,0,-9999,-9999
2351,2017,4,10,2,178,39,10139,170,36,0,-9999,-9999
2352,2017,4,10,3,172,33,10137,190,36,0,-9999,-9999
2353,2017,4,10,4,172,33,10132,180,36,0,-9999,-9999
2354,2017,4,10,5,172,28,10134,190,46,0,-9999,-9999
2355,2017,4,10,6,172,28,10137,190,31,0,-9999,-9999
2356,2017,4,10,7,178,22,10138,210,57,0,-9999,-9999
2357,2017,4,10,8,178,22,10139,210,72,0,-9999,-9999
2358,2017,4,10,9,172,28,10143,210,51,0,-9999,-9999
2359,2017,4,10,10,167,28,10148,200,51,0,-9999,-9999
2360,2017,4,10,11,167,39,10152,210,62,0,-9999,-9999
2361,2017,4,10,12,167,39,10162,210,67,0,-9999,-9999
2362,2017,4,10,13,183,50,10163,210,82,0,-9999,-9999
2363,2017,4,10,14,194,67,10165,220,103,0,-9999,-9999
2364,2017,4,10,15,211,83,10174,230,88,0,-9999,-9999
2365,2017,4,10,16,217,106,10178,240,103,0,-9999,-9999
2366,2017,4,10,17,228,111,10176,210,88,-9999,-9999,-9999
2367,2017,4,10,18,239,117,10166,200,82,-9999,-9999,-9999
2368,2017,4,10,19,244,111,10159,190,77,0,-9999,-9999
2369,2017,4,10,20,250,100,10155,220,98,0,-9999,-9999
2370,2017,4,10,21,239,61,10154,220,82,0,-9999,-9999
2371,2017,4,10,22,239,67,10158,230,57,0,-9999,-9999
2372,2017,4,10,23,228,72,10167,240,62,0,-9999,-9999
2373,2017,4,11,0,217,61,10176,260,51,-9999,-9999,-9999
2374,2017,4,11,1,161,100,10178,0,0,0,-9999,-9999
2375,2017,4,11,2,139,94,10174,130,41,0,-9999,-9999
2376,2017,4,11,3,144,94,10174,140,41,0,-9999,-9999
2377,2017,4,11,4,156,83,10173,170,31,0,-9999,-9999
2378,2017,4,11,5,172,67,10172,200,36,-9999,-9999,-9999
2379,2017,4,11,6,183,67,10173,220,41,-9999,-9999,-9999
2380,2017,4,11,7,189,67,10173,220,46,-9999,-9999,-9999
2381,2017,4,11,8,189,72,10172,220,41,-9999,-9999,-9999
2382,2017,4,11,9,189,78,10174,210,41,-9999,-9999,-9999
2383,2017,4,11,10,178,78,10176,200,31,-9999,-9999,-9999
2384,2017,4,11,11,150,106,10185,220,21,-9999,3,-9999
2385,2017,4,11,12,133,117,10198,210,36,-9999,36,38
2386,2017,4,11,13,139,133,10203,200,46,-9999,10,-9999
2387,2017,4,11,14,144,133,10210,220,51,-9999,8,-9999
2388,2017,4,11,15,150,139,10215,220,51,-9999,-1,-9999
2389,2017,4,11,16,161,144,10217,240,62,-9999,-9999,-9999
2390,2017,4,11,17,172,133,10216,220,41,-9999,-9999,-9999
2391,2017,4,11,18,178,117,10213,250,57,0,-9999,18
2392,2017,4,11,19,183,117,10211,240,57,-9999,-9999,-9999
2393,2017,4,11,20,194,117,10208,260,62,-9999,-9999,-9999
2394,2017,4,11,21,183,106,10207,240,62,0,-9999,-9999
2395,2017,4,11,22,189,100,10210,290,72,-9999,-9999,-9999
2396,2017,4,11,23,172,94,10215,310,46,0,-9999,-9999
2397,2017,4,12,0,150,94,10223,310,62,0,-9999,-9999
2398,2017,4,12,1,133,83,10235,320,46,0,-9999,-9999
2399,2017,4,12,2,122,83,10243,310,36,0,-9999,-9999
2400,2017,4,12,3,111,78,10244,300,31,0,-9999,-9999
2401,2017,4,12,4,106,78,10249,290,26,0,-9999,-9999
2402,2017,4,12,5,100,67,10253,340,36,0,-9999,-9999
2403,2017,4,12,6,89,61,10253,330,31,0,-9999,-9999
2404,2017,4,12,7,83,56,10251,330,26,0,-9999,-9999
2405,2017,4,12,8,78,56,10257,300,15,0,-9999,-9999
2406,2017,4,12,9,67,56,10261,0,0,0,-9999,-9999
2407,2017,4,12,10,56,50,10265,240,15,0,-9999,-9999
2408,2017,4,12,11,44,39,10268,0,0,0,-9999,-9999
2409,2017,4,12,12,56,56,10272,300,15,0,-9999,-9999
2410,2017,4,12,13,94,61,10277,300,21,0,-9999,-9999
2411,2017,4,12,14,106,67,10283,280,36,0,-9999,-9999
2412,2017,4,12,15,117,56,10288,290,36,2,-9999,-9999
2413,2017,4,12,16,128,56,10291,340,41,0,-9999,-9999
2414,2017,4,12,17,150,61,10289,350,26,0,-9999,-9999
2415,2017,4,12,18,161,56,10286,330,41,0,-9999,-9999
2416,2017,4,12,19,172,50,10284,300,46,0,-9999,-9999
2417,2017,4,12,20,178,44,10279,340,31,0,-9999,-9999
2418,2017,4,12,21,183,39,10277,10,41,0,-9999,-9999
2419,2017,4,12,22,178,33,10280,20,21,0,-9999,-9999
2420,2017,4,12,23,172,33,10284,10,26,0,-9999,-9999
2421,2017,4,13,0,150,39,10289,350,21,0,-9999,-9999
2422,2017,4,13,1,139,33,10292,360,26,0,-9999,-9999
2423,2017,4,13,2,111,28,10296,50,15,0,-9999,-9999
2424,2017,4,13,3,106,33,10294,70,21,0,-9999,-9999
2425,2017,4,13,4,89,39,10289,90,26,0,-9999,-9999
2426,2017,4,13,5,94,44,10286,90,21,0,-9999,-9999
2427,2017,4,13,6,89,39,10288,90,21,0,-9999,-9999
2428,2017,4,13,7,72,33,10286,80,21,0,-9999,-9999
2429,2017,4,13,8,78,44,10277,80,41,0,-9999,-9999
2430,2017,4,13,9,72,33,10280,70,31,0,-9999,-9999
2431,2017,4,13,10,72,39,10278,90,46,0,-9999,-9999
2432,2017,4,13,11,67,33,10280,100,46,0,-9999,-9999
2433,2017,4,13,12,83,44,10293,90,36,0,-9999,-9999
2434,2017,4,13,13,100,50,10291,100,46,0,-9999,-9999
2435,2017,4,13,14,128,50,10288,100,67,0,-9999,-9999
2436,2017,4,13,15,144,50,10290,110,62,0,-9999,-9999
2437,2017,4,13,16,150,56,10289,110,51,0,-9999,-9999
2438,2017,4,13,17,172,67,10283,120,57,0,-9999,-9999
2439,2017,4,13,18,194,61,10272,140,67,0,-9999,-9999
2440,2017,4,13,19,194,56,10267,110,57,0,-9999,-9999
2441,2017,4,13,20,194,50,10258,140,31,4,-9999,-9999
2442,2017,4,13,21,189,56,10245,120,46,-9999,-9999,-9999
2443,2017,4,13,22,183,67,10247,120,31,-9999,-9999,-9999
2444,2017,4,13,23,172,89,10250,100,21,-9999,-1,-9999
2445,2017,4,14,0,161,67,10246,80,36,-9999,-1,-1
2446,2017,4,14,1,150,72,10247,100,46,-9999,-1,-9999
2447,2017,4,14,2,144,67,10250,90,57,-9999,-9999,-9999
2448,2017,4,14,3,139,61,10248,100,51,-9999,-9999,-9999
2449,2017,4,14,4,133,56,10249,110,51,-9999,-1,-9999
2450,2017,4,14,5,128,56,10247,100,41,-9999,-1,-9999
2451,2017,4,14,6,111,56,10247,70,41,4,-9999,-1
2452,2017,4,14,7,117,56,10244,50,41,-9999,-9999,-9999
2453,2017,4,14,8,111,56,10237,110,41,-9999,-9999,-9999
2454,2017,4,14,9,111,56,10239,80,36,-9999,-9999,-9999
2455,2017,4,14,10,111,50,10238,100,36,-9999,-9999,-9999
2456,2017,4,14,11,106,56,10246,60,36,2,-9999,-9999
2457,2017,4,14,12,111,56,10254,70,26,-9999,-9999,-9999
2458,2017,4,14,13,122,56,10257,80,26,-9999,-9999,-9999
2459,2017,4,14,14,133,61,10258,60,36,4,-1,-9999
2460,2017,4,14,15,156,67,10256,150,36,-9999,-1,-9999
2461,2017,4,14,16,183,67,10250,160,26,-9999,-9999,-9999
2462,2017,4,14,17,183,106,10249,60,36,-9999,-9999,-9999
2463,2017,4,14,18,217,111,10242,90,36,-9999,-9999,-1
2464,2017,4,14,19,228,106,10237,0,0,2,-9999,-9999
2465,2017,4,14,20,239,106,10230,0,0,0,-9999,-9999
2466,2017,4,14,21,239,117,10226,100,36,0,-9999,-9999
2467,2017,4,14,22,233,117,10224,120,41,0,-9999,-9999
2468,2017,4,14,23,222,122,10222,110,31,0,-9999,-9999
2469,2017,4,15,0,194,128,10220,130,36,0,-9999,-9999
2470,2017,4,15,1,178,122,10222,120,31,0,-9999,-9999
2471,2017,4,15,2,172,122,10228,120,36,0,-9999,-9999
2472,2017,4,15,3,161,122,10225,120,36,0,-9999,-9999
2473,2017,4,15,4,156,111,10223,130,31,0,-9999,-9999
2474,2017,4,15,5,167,111,10221,130,36,0,-9999,-9999
2475,2017,4,15,6,167,106,10215,130,41,0,-9999,-9999
2476,2017,4,15,7,167,106,10210,150,36,-9999,-9999,-9999
2477,2017,4,15,8,167,94,10206,160,36,0,-9999,-9999
2478,2017,4,15,9,161,83,10204,160,41,0,-9999,-9999
2479,2017,4,15,10,161,83,10205,170,31,2,-9999,-9999
2480,2017,4,15,11,156,83,10210,180,26,0,-9999,-9999
2481,2017,4,15,12,172,83,10214,190,31,-9999,-9999,-9999
2482,2017,4,15,13,189,89,10216,220,31,2,-9999,-9999
2483,2017,4,15,14,200,100,10219,220,62,0,-9999,-9999
2484,2017,4,15,15,211,133,10219,210,77,4,-9999,-9999
2485,2017,4,15,16,228,139,10217,200,67,2,-9999,-9999
2486,2017,4,15,17,244,139,10210,210,51,2,-9999,-9999
2487,2017,4,15,18,261,133,10199,240,77,0,-9999,-9999
2488,2017,4,15,19,267,139,10193,230,72,0,-9999,-9999
2489,2017,4,15,20,272,117,10182,220,124,2,-9999,-9999
2490,2017,4,15,21,272,117,10176,220,98,0,-9999,-9999
2491,2017,4,15,22,267,106,10171,230,103,0,-9999,-9999
2492,2017,4,15,23,256,100,10171,230,77,0,-9999,-9999
2493,2017,4,16,0,239,100,10172,230,72,0,-9999,-9999
2494,2017,4,16,1,217,100,10176,210,41,0,-9999,-9999
2495,2017,4,16,2,200,106,10177,200,26,0,-9999,-9999
2496,2017,4,16,3,194,106,10175,200,31,0,-9999,-9999
2497,2017,4,16,4,183,106,10172,200,26,2,-9999,-9999
2498,2017,4,16,5,189,111,10166,190,31,4,-9999,-9999
2499,2017,4,16,6,194,111,10162,200,31,-9999,-9999,-9999
2500,2017,4,16,7,189,117,10162,210,46,-9999,-9999,-9999
2501,2017,4,16,8,189,117,10156,210,51,-9999,-9999,-9999
2502,2017,4,16,9,183,117,10156,210,46,-9999,-9999,-9999
2503,2017,4,16,10,183,117,10151,200,57,0,-9999,-9999
2504,2017,4,16,11,183,122,10152,210,62,0,-9999,-9999
2505,2017,4,16,12,189,128,10160,220,77,-9999,-9999,-9999
2506,2017,4,16,13,200,133,10159,220,93,-9999,-9999,-9999
2507,2017,4,16,14,211,144,10153,220,93,4,-9999,-9999
2508,2017,4,16,15,211,144,10160,240,103,-9999,-9999,-9999
2509,2017,4,16,16,233,150,10156,230,108,-9999,-9999,-9999
2510,2017,4,16,17,239,150,10152,240,82,0,-9999,-9999
2511,2017,4,16,18,244,139,10150,260,98,4,-9999,-9999
2512,2017,4,16,19,250,133,10148,260,93,-9999,-9999,-9999
2513,2017,4,16,20,256,133,10149,260,72,-9999,-9999,-9999
2514,2017,4,16,21,250,133,10150,260,82,0,-9999,-9999
2515,2017,4,16,22,244,122,10146,280,77,-9999,-9999,-9999
2516,2017,4,16,23,233,128,10148,300,82,4,-9999,-9999
2517,2017,4,17,0,217,128,10159,300,36,-9999,-9999,-9999
2518,2017,4,17,1,178,150,10168,240,36,-9999,3,-9999
2519,2017,4,17,2,172,150,10175,220,46,-9999,-1,-9999
2520,2017,4,17,3,167,156,10177,230,51,-9999,-9999,-9999
2521,2017,4,17,4,167,156,10174,240,36,-9999,-9999,-9999
2522,2017,4,17,5,167,150,10173,240,31,-9999,-9999,-9999
2523,2017,4,17,6,156,144,10170,250,26,2,-9999,3
2524,2017,4,17,7,156,150,10171,260,26,-9999,-9999,-9999
2525,2017,4,17,8,156,144,10174,320,26,4,-9999,-9999
2526,2017,4,17,9,150,117,10183,360,41,-9999,-9999,-9999
2527,2017,4,17,10,128,83,10191,360,36,4,-9999,-9999
2528,2017,4,17,11,122,56,10197,20,36,2,-9999,-9999
2529,2017,4,17,12,122,50,10206,20,41,0,-9999,-9999
2530,2017,4,17,13,133,56,10213,40,36,0,-9999,-9999
2531,2017,4,17,14,156,61,10214,50,26,0,-9999,-9999
2532,2017,4,17,15,178,44,10215,30,26,0,-9999,-9999
2533,2017,4,17,16,189,22,10214,10,31,0,-9999,-9999
2534,2017,4,17,17,200,39,10209,30,41,2,-9999,-9999
2535,2017,4,17,18,200,11,10207,0,0,0,-9999,-9999
2536,2017,4,17,19,200,17,10209,70,26,4,-9999,-9999
2537,2017,4,17,20,200,11,10207,-9999,15,0,-9999,-9999
2538,2017,4,17,21,194,17,10207,50,31,0,-9999,-9999
2539,2017,4,17,22,183,22,10209,50,41,0,-9999,-9999
2540,2017,4,17,23,167,44,10212,40,36,0,-9999,-9999
2541,2017,4,18,0,150,39,10215,40,31,0,-9999,-9999
2542,2017,4,18,1,144,28,10219,60,15,0,-9999,-9999
2543,2017,4,18,2,128,39,10222,80,15,0,-9999,-9999
2544,2017,4,18,3,122,39,10224,80,15,0,-9999,-9999
2545,2017,4,18,4,122,33,10226,80,15,0,-9999,-9999
2546,2017,4,18,5,100,44,10230,90,15,0,-9999,-9999
2547,2017,4,18,6,94,44,10231,0,0,0,-9999,-9999
2548,2017,4,18,7,89,33,10233,80,21,0,-9999,-9999
2549,2017,4,18,8,83,33,10236,60,15,0,-9999,-9999
2550,2017,4,18,9,61,28,10242,60,31,0,-9999,-9999
2551,2017,4,18,10,72,28,10243,90,21,0,-9999,-9999
2552,2017,4,18,11,67,22,10247,90,31,0,-9999,-9999
2553,2017,4,18,12,89,56,10252,90,31,0,-9999,-9999
2554,2017,4,18,13,122,61,10254,100,46,0,-9999,-9999
2555,2017,4,18,14,161,61,10250,100,57,0,-9999,-9999
2556,2017,4,18,15,189,56,10247,130,67,0,-9999,-9999
2557,2017,4,18,16,206,22,10242,110,93,0,-9999,-9999
2558,2017,4,18,17,222,22,10233,130,77,0,-9999,-9999
2559,2017,4,18,18,228,39,10230,110,67,0,-9999,-9999
2560,2017,4,18,19,233,17,10224,130,41,0,-9999,-9999
2561,2017,4,18,20,239,22,10215,150,41,0,-9999,-9999
2562,2017,4,18,21,244,28,10206,140,77,2,-9999,-9999
2563,2017,4,18,22,239,50,10198,130,51,-9999,-9999,-9999
2564,2017,4,18,23,233,67,10193,160,46,2,-9999,-9999
2565,2017,4,19,0,211,67,10188,130,41,2,-9999,-9999
2566,2017,4,19,1,211,94,10193,180,31,-9999,-9999,-9999
2567,2017,4,19,2,200,117,10193,190,46,-9999,-9999,-9999
2568,2017,4,19,3,194,128,10196,190,46,-9999,-9999,-9999
2569,2017,4,19,4,194,139,10198,180,41,-9999,-9999,-9999
2570,2017,4,19,5,189,139,10200,200,46,-9999,-9999,-9999
2571,2017,4,19,6,183,144,10197,200,41,2,-9999,-9999
2572,2017,4,19,7,178,150,10193,190,46,-9999,-9999,-9999
2573,2017,4,19,8,172,150,10193,200,41,-9999,-9999,-9999
2574,2017,4,19,9,178,156,10195,210,57,-9999,-9999,-9999
2575,2017,4,19,10,178,156,10196,190,26,-9999,-9999,-9999
2576,2017,4,19,11,172,150,10198,190,31,-9999,-9999,-9999
2577,2017,4,19,12,172,156,10203,200,36,-9999,-9999,-9999
2578,2017,4,19,13,178,156,10205,210,51,-9999,-9999,-9999
2579,2017,4,19,14,183,161,10204,220,51,-9999,-9999,-9999
2580,2017,4,19,15,200,167,10205,210,57,-9999,-9999,-9999
2581,2017,4,19,16,211,172,10205,230,57,-9999,-9999,-9999
2582,2017,4,19,17,233,167,10195,250,62,-9999,-9999,-9999
2583,2017,4,19,18,239,161,10194,220,62,-9999,-9999,-9999
2584,2017,4,19,19,250,156,10189,220,62,4,-9999,-9999
2585,2017,4,19,20,244,156,10184,250,51,4,-9999,-9999
2586,2017,4,19,21,250,150,10180,250,51,0,-9999,-9999
2587,2017,4,19,22,250,144,10177,250,57,2,-9999,-9999
2588,2017,4,19,23,239,144,10183,250,36,0,-9999,-9999
2589,2017,4,20,0,233,150,10185,210,26,2,-9999,-9999
2590,2017,4,20,1,211,150,10184,190,21,0,-9999,-9999
2591,2017,4,20,2,206,150,10186,190,15,0,-9999,-9999
2592,2017,4,20,3,200,150,10188,0,0,0,-9999,-9999
2593,2017,4,20,4,189,144,10187,210,15,0,-9999,-9999
2594,2017,4,20,5,183,144,10184,200,21,0,-9999,-9999
2595,2017,4,20,6,178,144,10179,190,26,0,-9999,-9999
2596,2017,4,20,7,172,139,10177,190,21,0,-9999,-9999
2597,2017,4,20,8,172,144,10175,210,31,0,-9999,-9999
2598,2017,4,20,9,172,150,10172,210,36,0,-9999,-9999
2599,2017,4,20,10,172,150,10169,210,31,0,-9999,-9999
2600,2017,4,20,11,167,150,10169,210,46,4,-9999,-9999
2601,2017,4,20,12,178,156,10170,220,51,2,-9999,-9999
2602,2017,4,20,13,200,161,10169,230,57,0,-9999,-9999
2603,2017,4,20,14,222,156,10163,230,77,0,-9999,-9999
2604,2017,4,20,15,244,139,10156,230,103,0,-9999,-9999
2605,2017,4,20,16,256,144,10153,240,103,0,-9999,-9999
2606,2017,4,20,17,256,150,10148,230,113,4,-9999,-9999
2607,2017,4,20,18,267,150,10138,240,82,-9999,-9999,-9999
2608,2017,4,20,19,267,144,10126,220,103,4,-9999,-9999
2609,2017,4,20,20,261,144,10119,230,98,2,-9999,-9999
2610,2017,4,20,21,200,156,10124,300,46,-9999,3,-9999
2611,2017,4,20,22,189,161,10122,200,26,-9999,66,-9999
2612,2017,4,20,23,194,172,10121,200,46,0,-9999,-9999
2613,2017,4,21,0,200,172,10111,220,67,0,-1,69
2614,2017,4,21,1,200,167,10118,250,46,4,-9999,-9999
2615,2017,4,21,2,194,172,10113,230,62,-9999,13,-9999
2616,2017,4,21,3,194,167,10109,230,62,-9999,-9999,-9999
2617,2017,4,21,4,189,172,10118,240,62,-9999,-1,-9999
2618,2017,4,21,5,172,161,10121,280,26,-9999,-1,-9999
2619,2017,4,21,6,178,161,10122,270,36,-9999,-1,13
2620,2017,4,21,7,156,117,10122,310,41,-9999,-9999,-9999
2621,2017,4,21,8,139,106,10127,300,57,-9999,-9999,-9999
2622,2017,4,21,9,122,83,10140,290,46,2,-9999,-9999
2623,2017,4,21,10,106,67,10144,280,46,0,-9999,-9999
2624,2017,4,21,11,94,61,10150,290,46,0,-9999,-9999
2625,2017,4,21,12,100,61,10158,290,57,0,-9999,-9999
2626,2017,4,21,13,111,67,10159,300,51,0,-9999,-9999
2627,2017,4,21,14,111,67,10160,290,57,2,-9999,-9999
2628,2017,4,21,15,122,67,10166,300,57,-9999,-9999,-9999
2629,2017,4,21,16,128,67,10165,300,46,4,-9999,-9999
2630,2017,4,21,17,139,67,10169,280,46,4,-9999,-9999
2631,2017,4,21,18,139,67,10163,280,46,0,-9999,-9999
2632,2017,4,21,19,144,67,10157,290,57,2,-9999,-9999
2633,2017,4,21,20,150,67,10150,310,51,0,-9999,-9999
2634,2017,4,21,21,161,67,10149,310,36,0,-9999,-9999
2635,2017,4,21,22,150,67,10156,330,51,0,-9999,-9999
2636,2017,4,21,23,139,61,10159,340,57,-9999,-9999,-9999
2637,2017,4,22,0,128,56,10165,330,46,-9999,-9999,-9999
2638,2017,4,22,1,111,56,10168,350,67,-9999,-1,-9999
2639,2017,4,22,2,106,44,10171,10,46,-9999,-1,-9999
2640,2017,4,22,3,100,44,10172,10,62,-9999,-1,-9999
2641,2017,4,22,4,94,39,10172,360,67,-9999,-9999,-9999
2642,2017,4,22,5,89,39,10178,20,46,-9999,-1,-9999
2643,2017,4,22,6,78,44,10170,40,62,-9999,5,5
2644,2017,4,22,7,72,44,10160,50,57,-9999,5,-9999
2645,2017,4,22,8,72,44,10167,40,72,-9999,-1,-9999
2646,2017,4,22,9,67,39,10163,50,62,0,-9999,-9999
2647,2017,4,22,10,61,28,10175,50,41,0,-9999,-9999
2648,2017,4,22,11,61,28,10178,50,51,0,-9999,-9999
2649,2017,4,22,12,67,28,10186,40,72,0,-9999,5
2650,2017,4,22,13,72,28,10184,50,62,0,-9999,-9999
2651,2017,4,22,14,72,22,10182,60,77,0,-9999,-9999
2652,2017,4,22,15,78,33,10190,40,67,-9999,-9999,-9999
2653,2017,4,22,16,89,28,10197,30,77,2,-9999,-9999
2654,2017,4,22,17,100,33,10195,30,72,2,-9999,-9999
2655,2017,4,22,18,106,28,10198,40,62,2,-9999,-9999
2656,2017,4,22,19,111,22,10184,40,77,4,-9999,-9999
2657,2017,4,22,20,117,22,10179,50,82,4,-9999,-9999
2658,2017,4,22,21,111,17,10174,40,88,0,-9999,-9999
2659,2017,4,22,22,117,6,10180,30,72,0,-9999,-9999
2660,2017,4,22,23,106,6,10181,50,72,0,-9999,-9999
2661,2017,4,23,0,94,11,10184,30,72,0,-9999,-9999
2662,2017,4,23,1,83,11,10188,50,67,0,-9999,-9999
2663,2017,4,23,2,72,17,10193,40,67,0,-9999,-9999
2664,2017,4,23,3,67,11,10195,40,51,0,-9999,-9999
2665,2017,4,23,4,56,11,10195,60,41,0,-9999,-9999
2666,2017,4,23,5,39,11,10196,50,41,0,-9999,-9999
2667,2017,4,23,6,33,11,10192,50,46,0,-9999,-9999
2668,2017,4,23,7,44,17,10187,50,51,0,-9999,-9999
2669,2017,4,23,8,50,17,10188,60,57,0,-9999,-9999
2670,2017,4,23,9,44,17,10188,60,51,0,-9999,-9999
2671,2017,4,23,10,44,11,10183,50,51,0,-9999,-9999
2672,2017,4,23,11,50,11,10183,70,62,0,-9999,-9999
2673,2017,4,23,12,67,11,10186,60,72,0,-9999,-9999
2674,2017,4,23,13,89,17,10182,70,88,0,-9999,-9999
2675,2017,4,23,14,117,22,10184,80,67,0,-9999,-9999
2676,2017,4,23,15,139,28,10189,70,67,0,-9999,-9999
2677,2017,4,23,16,156,22,10187,90,57,0,-9999,-9999
2678,2017,4,23,17,178,6,10169,70,72,0,-9999,-9999
2679,2017,4,23,18,183,6,10168,50,72,0,-9999,-9999
2680,2017,4,23,19,189,0,10165,70,62,0,-9999,-9999
2681,2017,4,23,20,189,6,10154,50,62,0,-9999,-9999
2682,2017,4,23,21,189,0,10154,80,62,0,-9999,-9999
2683,2017,4,23,22,189,-6,10153,60,62,0,-9999,-9999
2684,2017,4,23,23,178,6,10154,50,62,0,-9999,-9999
2685,2017,4,24,0,167,6,10155,40,46,0,-9999,-9999
2686,2017,4,24,1,150,6,10159,40,46,0,-9999,-9999
2687,2017,4,24,2,111,11,10166,60,31,0,-9999,-9999
2688,2017,4,24,3,117,17,10164,40,41,0,-9999,-9999
2689,2017,4,24,4,111,39,10162,60,46,0,-9999,-9999
2690,2017,4,24,5,83,33,10160,50,41,0,-9999,-9999
2691,2017,4,24,6,78,33,10155,60,41,0,-9999,-9999
2692,2017,4,24,7,67,28,10149,40,46,0,-9999,-9999
2693,2017,4,24,8,67,22,10148,50,51,0,-9999,-9999
2694,2017,4,24,9,72,22,10145,60,46,0,-9999,-9999
2695,2017,4,24,10,50,17,10146,40,46,0,-9999,-9999
2696,2017,4,24,11,61,11,10147,40,36,0,-9999,-9999
2697,2017,4,24,12,89,28,10149,50,36,0,-9999,-9999
2698,2017,4,24,13,128,33,10150,70,57,0,-9999,-9999
2699,2017,4,24,14,156,39,10146,70,72,0,-9999,-9999
2700,2017,4,24,15,178,50,10140,80,72,0,-9999,-9999
2701,2017,4,24,16,200,72,10136,90,67,0,-9999,-9999
2702,2017,4,24,17,217,78,10131,60,67,0,-9999,-9999
2703,2017,4,24,18,228,89,10121,90,77,0,-9999,-9999
2704,2017,4,24,19,233,100,10119,100,82,-9999,-9999,-9999
2705,2017,4,24,20,217,106,10115,100,88,-9999,-9999,-9999
2706,2017,4,24,21,200,111,10110,80,88,-9999,-9999,-9999
2707,2017,4,24,22,194,111,10110,110,93,2,-9999,-9999
2708,2017,4,24,23,183,106,10108,100,82,0,-9999,-9999
2709,2017,4,25,0,167,106,10113,100,77,-9999,-9999,-9999
2710,2017,4,25,1,156,106,10111,120,67,-9999,-9999,-9999
2711,2017,4,25,2,150,100,10108,100,62,-9999,-9999,-9999
2712,2017,4,25,3,133,89,10110,100,57,-9999,-9999,-9999
2713,2017,4,25,4,128,89,10107,90,51,-9999,-9999,-9999
2714,2017,4,25,5,117,83,10104,90,41,-9999,-9999,-9999
2715,2017,4,25,6,111,83,10100,90,46,0,-9999,-9999
2716,2017,4,25,7,100,83,10094,90,41,0,-9999,-9999
2717,2017,4,25,8,106,83,10092,90,31,-9999,-9999,-9999
2718,2017,4,25,9,111,83,10094,100,41,-9999,-9999,-9999
2719,2017,4,25,10,111,83,10095,100,31,-9999,-9999,-9999
2720,2017,4,25,11,111,89,10101,110,26,-9999,-9999,-9999
2721,2017,4,25,12,117,89,10103,100,31,-9999,-9999,-9999
2722,2017,4,25,13,133,94,10104,120,51,-9999,-9999,-9999
2723,2017,4,25,14,150,100,10103,110,46,-9999,-9999,-9999
2724,2017,4,25,15,183,111,10101,110,41,-9999,-9999,-9999
2725,2017,4,25,16,200,117,10095,150,51,-9999,-9999,-9999
2726,2017,4,25,17,222,128,10083,110,57,2,-9999,-9999
2727,2017,4,25,18,228,122,10077,150,67,0,-9999,-9999
2728,2017,4,25,19,239,128,10070,180,41,4,-9999,-9999
2729,2017,4,25,20,233,133,10064,120,51,-9999,-9999,-9999
2730,2017,4,25,21,228,128,10061,120,31,-9999,-9999,-9999
2731,2017,4,25,22,233,128,10059,170,26,4,-9999,-9999
2732,2017,4,25,23,228,128,10057,150,26,-9999,-9999,-9999
2733,2017,4,26,0,211,128,10055,130,31,0,-9999,-9999
2734,2017,4,26,1,183,122,10055,130,26,0,-9999,-9999
2735,2017,4,26,2,167,122,10060,120,36,0,-9999,-9999
2736,2017,4,26,3,172,122,10059,130,36,0,-9999,-9999
2737,2017,4,26,4,161,122,10058,140,31,0,-9999,-9999
2738,2017,4,26,5,150,122,10062,150,36,0,-9999,-9999
2739,2017,4,26,6,139,117,10061,120,36,0,-9999,-9999
2740,2017,4,26,7,139,122,10058,130,31,0,-9999,-9999
2741,2017,4,26,8,139,117,10058,140,26,0,-9999,-9999
2742,2017,4,26,9,128,117,10060,150,31,2,-9999,-9999
2743,2017,4,26,10,122,111,10061,150,31,0,-9999,-9999
2744,2017,4,26,11,122,111,10063,140,31,0,-9999,-9999
2745,2017,4,26,12,150,128,10067,160,41,0,-9999,-9999
2746,2017,4,26,13,183,139,10061,170,51,0,-9999,-9999
2747,2017,4,26,14,200,139,10065,190,41,0,-9999,-9999
2748,2017,4,26,15,222,139,10057,210,41,0,-9999,-9999
2749,2017,4,26,16,233,144,10052,160,51,0,-9999,-9999
2750,2017,4,26,17,250,133,10042,170,72,0,-9999,-9999
2751,2017,4,26,18,261,128,10036,170,62,0,-9999,-9999
2752,2017,4,26,19,272,133,10028,170,67,0,-9999,-9999
2753,2017,4,26,20,272,133,10023,170,77,0,-9999,-9999
2754,2017,4,26,21,278,133,10020,190,62,0,-9999,-9999
2755,2017,4,26,22,278,128,10016,200,51,0,-9999,-9999
2756,2017,4,26,23,267,111,10018,190,46,0,-9999,-9999
2757,2017,4,27,0,250,100,10017,190,41,0,-9999,-9999
2758,2017,4,27,1,233,89,10019,180,41,0,-9999,-9999
2759,2017,4,27,2,222,83,10023,180,41,0,-9999,-9999
2760,2017,4,27,3,200,89,10021,150,31,0,-9999,-9999
2761,2017,4,27,4,189,100,10016,130,46,0,-9999,-9999
2762,2017,4,27,5,194,94,10016,160,41,0,-9999,-9999
2763,2017,4,27,6,206,111,10017,180,31,0,-9999,-9999
2764,2017,4,27,7,211,122,10013,180,46,0,-9999,-9999
2765,2017,4,27,8,194,122,10014,180,41,0,-9999,-9999
2766,2017,4,27,9,206,133,10008,190,72,-9999,-9999,-9999
2767,2017,4,27,10,211,139,10012,210,67,-9999,-9999,-9999
2768,2017,4,27,11,200,139,10006,180,46,0,-9999,-9999
2769,2017,4,27,12,194,139,10004,180,36,-9999,-9999,-9999
2770,2017,4,27,13,194,139,10012,180,46,4,-9999,-9999
2771,2017,4,27,14,211,139,10008,200,72,-9999,-9999,-9999
2772,2017,4,27,15,172,128,10021,250,98,-9999,-1,-9999
2773,2017,4,27,16,167,144,10031,230,72,-9999,15,-9999
2774,2017,4,27,17,189,156,10029,220,88,-9999,10,-9999
2775,2017,4,27,18,200,144,10026,240,108,-9999,-9999,25
2776,2017,4,27,19,183,133,10037,260,88,-9999,5,-9999
2777,2017,4,27,20,194,117,10047,260,113,-9999,-9999,-9999
2778,2017,4,27,22,178,89,10070,250,77,4,-9999,-9999
2779,2017,4,27,23,172,83,10079,260,77,-9999,-9999,-9999
2780,2017,4,28,0,150,78,10088,260,62,-9999,-9999,5
2781,2017,4,28,1,133,72,10095,270,57,4,-9999,-9999
2782,2017,4,28,2,117,72,10108,250,41,0,-9999,-9999
2783,2017,4,28,3,100,72,10118,250,31,0,-9999,-9999
2784,2017,4,28,4,100,72,10120,260,36,0,-9999,-9999
2785,2017,4,28,5,94,72,10125,260,31,0,-9999,-9999
2786,2017,4,28,6,89,67,10133,280,31,0,-9999,-9999
2787,2017,4,28,7,78,61,10140,290,26,0,-9999,-9999
2788,2017,4,28,8,83,61,10148,310,15,0,-9999,-9999
2789,2017,4,28,9,67,50,10152,60,15,0,-9999,-9999
2790,2017,4,28,10,50,44,10153,90,31,0,-9999,-9999
2791,2017,4,28,11,67,56,10164,130,26,0,-9999,-9999
2792,2017,4,28,12,83,67,10174,150,26,0,-9999,-9999
2793,2017,4,28,13,106,72,10184,160,31,0,-9999,-9999
2794,2017,4,28,14,117,72,10172,130,57,0,-9999,-9999
2795,2017,4,28,15,133,83,10167,150,51,0,-9999,-9999
2796,2017,4,28,16,144,83,10174,190,21,-9999,-9999,-9999
2797,2017,4,28,17,161,89,10167,170,31,0,-1,-9999
2798,2017,4,28,18,172,83,10165,160,26,0,-9999,-1
2799,2017,4,28,19,183,100,10159,120,31,2,-9999,-9999
2800,2017,4,28,20,194,106,10152,110,31,-9999,-9999,-9999
2801,2017,4,28,21,211,117,10145,110,36,2,-9999,-9999
2802,2017,4,28,23,189,122,10127,90,36,-9999,-1,-9999
2803,2017,4,29,0,144,128,10131,30,88,-9999,99,99
2804,2017,4,29,1,139,122,10125,100,82,-9999,38,-9999
2805,2017,4,29,2,139,122,10145,70,62,-9999,33,-9999
2806,2017,4,29,3,139,128,10148,80,57,-9999,38,-9999
2807,2017,4,29,4,139,122,10147,110,62,-9999,-1,-9999
2808,2017,4,29,5,139,128,10144,130,72,-9999,10,-9999
2809,2017,4,29,6,139,133,10144,160,98,-9999,84,203
2810,2017,4,29,7,144,133,10138,140,36,-9999,79,-9999
2811,2017,4,29,8,144,133,10137,130,51,-9999,13,-9999
2812,2017,4,29,9,144,139,10139,140,41,-9999,23,-9999
2813,2017,4,29,10,156,150,10139,360,26,-9999,18,-9999
2814,2017,4,29,11,150,150,-9999,0,0,-9999,-1,-9999
2815,2017,4,29,12,161,161,10167,0,0,-9999,3,135
2816,2017,4,29,13,161,156,10167,10,36,-9999,15,-9999
2817,2017,4,29,14,167,161,10196,190,57,-9999,97,-9999
2818,2017,4,29,15,167,161,10198,200,41,-9999,38,-9999
2819,2017,4,29,16,172,167,10197,180,26,-9999,23,-9999
2820,2017,4,29,17,183,172,10197,180,26,-9999,-9999,-9999
2821,2017,4,29,18,211,183,10187,150,46,0,-9999,173
2822,2017,4,29,19,222,172,10182,170,31,2,-9999,-9999
2823,2017,4,29,20,233,178,10177,130,57,0,-9999,-9999
2824,2017,4,29,21,233,178,10173,140,36,0,-9999,-9999
2825,2017,4,29,22,233,178,10170,120,41,0,-9999,-9999
2826,2017,4,29,23,228,183,10163,100,41,0,-9999,-9999
2827,2017,4,30,0,156,144,10165,60,57,4,-9999,-9999
2828,2017,4,30,1,133,128,10170,50,57,-9999,-9999,-9999
2829,2017,4,30,2,133,128,10170,60,62,-9999,-9999,-9999
2830,2017,4,30,3,133,128,10171,60,51,-9999,-9999,-9999
2831,2017,4,30,4,128,122,10160,70,72,-9999,-9999,-9999
2832,2017,4,30,5,139,133,10152,100,88,-9999,-9999,-9999
2833,2017,4,30,6,139,139,10150,100,51,-9999,-9999,-9999
2834,2017,4,30,7,139,133,10154,350,41,-9999,-9999,-9999
2835,2017,4,30,8,128,128,10150,30,36,-9999,-9999,-9999
2836,2017,4,30,9,133,128,10142,80,41,-9999,-9999,-9999
2837,2017,4,30,10,133,133,10143,100,51,-9999,-9999,-9999
2838,2017,4,30,11,139,133,10144,120,41,-9999,-9999,-9999
2839,2017,4,30,12,150,150,10142,120,36,-9999,-9999,-9999
2840,2017,4,30,13,178,167,10145,140,36,-9999,-9999,-9999
2841,2017,4,30,14,206,178,10135,150,46,0,-9999,-9999
2842,2017,4,30,15,244,189,10132,180,57,-9999,-9999,-9999
2843,2017,4,30,16,250,183,10130,210,93,-9999,-9999,-9999
2844,2017,4,30,17,261,178,10127,220,103,2,-9999,-9999
2845,2017,4,30,18,250,172,10128,220,88,-9999,-9999,-9999
2846,2017,4,30,19,261,183,10119,210,62,2,-9999,-9999
2847,2017,4,30,20,267,183,10110,200,72,-9999,-9999,-9999
2848,2017,4,30,21,261,189,10100,180,41,2,-9999,-9999
2849,2017,4,30,22,267,183,10099,200,46,-9999,-9999,-9999
2850,2017,4,30,23,256,172,10097,190,46,4,-9999,-9999
2851,2017,5,1,0,256,167,10092,180,57,-9999,-9999,-9999
2852,2017,5,1,1,244,161,10088,170,51,2,-9999,-9999
2853,2017,5,1,2,239,167,10074,170,139,-9999,-1,-9999
2854,2017,5,1,3,211,161,10075,170,77,-9999,-1,-9999
2855,2017,5,1,4,222,161,10065,170,77,-9999,-1,-9999
2856,2017,5,1,5,222,156,10063,180,51,2,-9999,-9999
2857,2017,5,1,6,228,150,10065,200,46,-9999,-9999,-1
2858,2017,5,1,7,217,156,10057,180,51,-9999,-9999,-9999
2859,2017,5,1,8,211,161,10050,190,46,-9999,-1,-9999
2860,2017,5,1,9,189,167,10042,160,51,-9999,10,-9999
2861,2017,5,1,10,200,167,10032,180,51,-9999,-1,-9999
2862,2017,5,1,11,206,167,10023,180,62,-9999,-1,-9999
2863,2017,5,1,12,161,144,10028,240,113,-9999,20,30
2864,2017,5,1,13,128,111,10034,240,98,-9999,28,-9999
2865,2017,5,1,14,128,117,10038,200,46,-9999,5,-9999
2866,2017,5,1,15,133,111,10028,200,36,-9999,-9999,-9999
2867,2017,5,1,16,156,106,10011,190,51,-9999,-9999,-9999
2868,2017,5,1,17,172,106,10010,230,88,-9999,-9999,-9999
2869,2017,5,1,18,183,111,9994,200,57,-9999,-9999,33
2870,2017,5,1,19,194,111,9988,220,103,-9999,-9999,-9999
2871,2017,5,1,20,178,89,9997,230,103,-9999,-9999,-9999
2872,2017,5,1,21,161,78,10006,230,165,-9999,-9999,-9999
2873,2017,5,1,22,144,61,10021,240,118,-9999,-9999,-9999
2874,2017,5,1,23,133,50,10035,250,129,-9999,-9999,-9999
2875,2017,5,2,0,122,50,10044,240,103,-9999,-9999,-9999
2876,2017,5,2,1,117,50,10056,240,88,-9999,-9999,-9999
2877,2017,5,2,2,111,50,10057,240,88,-9999,-9999,-9999
2878,2017,5,2,3,106,50,10060,240,67,-9999,-1,-9999
2879,2017,5,2,4,94,56,10058,240,72,-9999,-1,-9999
2880,2017,5,2,5,94,61,10056,220,72,-9999,-1,-9999
2881,2017,5,2,6,89,61,10054,220,77,-9999,-1,-1
2882,2017,5,2,7,89,56,10048,210,72,-9999,-1,-9999
2883,2017,5,2,8,83,56,10047,230,103,-9999,3,-9999
2884,2017,5,2,9,78,50,10051,230,77,-9999,-1,-9999
2885,2017,5,2,10,72,44,10057,240,93,-9999,5,-9999
2886,2017,5,2,11,72,44,10061,250,88,-9999,-1,-9999
2887,2017,5,2,12,72,44,10068,250,72,-9999,-1,8
2888,2017,5,2,13,83,50,10070,240,93,-9999,-9999,-9999
2889,2017,5,2,14,94,39,10074,260,98,-9999,-9999,-9999
2890,2017,5,2,15,111,44,10079,250,88,2,-9999,-9999
2891,2017,5,2,17,144,39,10082,260,129,2,-9999,-9999
2892,2017,5,2,18,156,50,10083,260,108,-9999,-9999,-9999
2893,2017,5,2,19,167,50,10084,260,144,-9999,-9999,-9999
2894,2017,5,2,20,161,44,10089,250,134,-9999,-9999,-9999
2895,2017,5,2,21,150,39,10096,260,93,-9999,-9999,-9999
2896,2017,5,2,22,139,50,10107,280,88,-9999,-1,-9999
2897,2017,5,2,23,117,61,10122,300,62,-9999,-1,-9999
2898,2017,5,3,0,106,44,10133,290,62,-9999,-1,-1
2899,2017,5,3,1,100,33,10138,280,108,-9999,-9999,-9999
2900,2017,5,3,3,94,28,10157,290,46,-9999,-9999,-9999
2901,2017,5,3,4,89,28,10158,280,57,-9999,-9999,-9999
2902,2017,5,3,5,83,28,10163,290,46,-9999,-9999,-9999
2903,2017,5,3,6,83,33,10165,290,57,-9999,-9999,-9999
2904,2017,5,3,7,78,33,10166,290,46,-9999,-9999,-9999
2905,2017,5,3,8,72,39,10173,260,36,-9999,-9999,-9999
2906,2017,5,3,9,61,39,10180,290,41,4,-1,-9999
2907,2017,5,3,10,56,22,10187,310,51,4,-9999,-9999
2908,2017,5,3,11,56,17,10197,340,51,-9999,-9999,-9999
2909,2017,5,3,12,61,17,10207,330,51,-9999,-9999,-1
2910,2017,5,3,13,72,22,10218,350,51,-9999,-9999,-9999
2911,2017,5,3,14,72,22,10224,340,41,-9999,-9999,-9999
2912,2017,5,3,15,89,33,-9999,30,36,-9999,-9999,-9999
2913,2017,5,3,16,106,33,-9999,50,26,-9999,3,-9999
2914,2017,5,3,17,117,39,-9999,100,21,-9999,-9999,-9999
2915,2017,5,3,19,128,44,-9999,50,46,-9999,-9999,-9999
2916,2017,5,3,20,128,50,-9999,90,41,-9999,-9999,-9999
2917,2017,5,3,21,122,44,-9999,80,36,-9999,-9999,-9999
2918,2017,5,3,22,122,39,-9999,90,41,-9999,-9999,-9999
2919,2017,5,3,23,117,61,-9999,90,36,-9999,-1,-9999
2920,2017,5,4,0,100,72,-9999,130,26,-9999,3,3
2921,2017,5,4,1,100,78,-9999,110,31,-9999,5,-9999
2922,2017,5,4,2,94,72,-9999,100,31,-9999,-1,-9999
2923,2017,5,4,3,94,72,10201,70,36,-9999,3,-9999
2924,2017,5,4,4,100,72,10198,100,46,-9999,-1,-9999
2925,2017,5,4,5,94,67,10185,80,51,-9999,-1,-9999
2926,2017,5,4,6,100,61,10175,90,41,-9999,-1,8
2927,2017,5,4,7,100,61,10165,60,41,-9999,-1,-9999
2928,2017,5,4,8,94,61,10147,60,51,4,-1,-9999
2929,2017,5,4,9,94,56,10133,60,72,0,-9999,-9999
2930,2017,5,4,10,94,56,10122,70,72,-9999,-9999,-9999
2931,2017,5,4,11,94,50,10114,70,67,-9999,-9999,-9999
2932,2017,5,4,12,89,56,10115,60,62,-9999,-1,-1
2933,2017,5,4,13,89,61,10124,50,46,-9999,3,-9999
2934,2017,5,4,14,83,67,10124,40,41,-9999,20,-9999
2935,2017,5,4,15,83,72,10114,60,72,-9999,13,-9999
2936,2017,5,4,16,89,78,10101,70,82,-9999,8,-9999
2937,2017,5,4,17,94,83,10092,80,67,-9999,-1,-9999
2938,2017,5,4,18,100,94,10084,100,62,-9999,-1,43
2939,2017,5,4,19,122,106,10070,110,67,-9999,-1,-9999
2940,2017,5,4,20,128,117,10067,110,51,-9999,-9999,-9999
2941,2017,5,4,21,139,122,10063,130,41,-9999,-9999,-9999
2942,2017,5,4,22,144,128,10064,140,41,-9999,3,-9999
2943,2017,5,4,23,144,133,10058,140,21,-9999,5,-9999
2944,2017,5,5,0,144,128,10056,110,21,-9999,-1,8
2945,2017,5,5,1,133,122,10051,40,26,-9999,3,-9999
2946,2017,5,5,2,128,122,10055,30,31,-9999,-1,-9999
2947,2017,5,5,3,133,122,10055,30,26,-9999,15,-9999
2948,2017,5,5,4,128,122,10047,40,46,-9999,18,-9999
2949,2017,5,5,5,117,111,10032,40,46,-9999,13,-9999
2950,2017,5,5,6,106,100,10020,30,67,-9999,-1,48
2951,2017,5,5,7,94,94,10018,10,67,-9999,3,-9999
2952,2017,5,5,8,94,89,10008,20,62,-9999,3,-9999
2953,2017,5,5,9,89,83,10000,20,67,-9999,-1,-9999
2954,2017,5,5,10,83,78,9982,20,72,-9999,10,-9999
2955,2017,5,5,11,83,72,9982,20,72,-9999,-1,-9999
2956,2017,5,5,12,78,72,9973,10,98,-9999,-1,15
2957,2017,5,5,13,78,67,9973,20,82,-9999,61,-9999
2958,2017,5,5,14,72,67,9979,10,62,-9999,48,-9999
2959,2017,5,5,15,72,61,9982,360,67,-9999,46,-9999
2960,2017,5,5,16,72,67,9982,10,67,-9999,23,-9999
2961,2017,5,5,17,78,67,9983,10,93,-9999,10,-9999
2962,2017,5,5,18,78,67,9989,10,93,-9999,5,193
2963,2017,5,5,19,83,72,9994,360,88,-9999,5,-9999
2964,2017,5,5,20,78,72,9996,360,93,-9999,5,-9999
2965,2017,5,5,21,78,67,10003,360,72,-9999,5,-9999
2966,2017,5,5,22,72,67,10009,350,98,-9999,3,-9999
2967,2017,5,5,23,72,61,10020,350,72,-9999,-1,-9999
2968,2017,5,6,0,72,56,10025,340,93,-9999,3,20
2969,2017,5,6,1,67,50,10032,350,82,-9999,-1,-9999
2970,2017,5,6,2,67,50,10034,350,77,-9999,-1,-9999
2971,2017,5,6,3,72,44,10038,350,67,-9999,-1,-9999
2972,2017,5,6,4,72,44,10042,350,67,-9999,-9999,-9999
2973,2017,5,6,5,67,39,10042,320,51,0,-9999,-9999
2974,2017,5,6,6,61,39,10039,310,41,0,-9999,-1
2975,2017,5,6,7,61,44,10035,290,41,0,-9999,-9999
2976,2017,5,6,9,56,39,10037,300,41,0,-9999,-9999
2977,2017,5,6,10,50,39,10039,300,36,0,-9999,-9999
2978,2017,5,6,11,44,39,10045,300,31,0,-9999,-9999
2979,2017,5,6,12,61,44,10049,290,41,0,-9999,-9999
2980,2017,5,6,13,83,50,10050,290,46,2,-9999,-9999
2981,2017,5,6,14,89,50,10050,280,46,-9999,-9999,-9999
2982,2017,5,6,15,106,56,10052,300,57,-9999,-9999,-9999
2983,2017,5,6,16,122,61,10050,300,46,-9999,-9999,-9999
2984,2017,5,6,17,122,50,10050,310,51,-9999,-9999,-9999
2985,2017,5,6,18,133,50,10047,310,46,-9999,-9999,-9999
2986,2017,5,6,19,133,44,10048,330,67,-9999,-9999,-9999
2987,2017,5,6,20,144,44,10045,330,67,2,-9999,-9999
2988,2017,5,6,21,144,39,10047,310,77,-9999,-9999,-9999
2989,2017,5,6,22,128,39,10054,300,51,-9999,-9999,-9999
2990,2017,5,6,23,128,33,10059,310,46,-9999,-1,-9999
2991,2017,5,7,0,128,33,10061,310,57,-9999,-9999,-1
2992,2017,5,7,1,117,39,10069,310,57,4,-9999,-9999
2993,2017,5,7,2,106,39,10078,310,51,4,-9999,-9999
2994,2017,5,7,3,89,33,10085,300,51,0,-9999,-9999
2995,2017,5,7,4,78,11,10088,290,41,0,-9999,-9999
2996,2017,5,7,5,61,11,10091,280,36,0,-9999,-9999
2997,2017,5,7,6,56,6,10093,290,41,0,-9999,-9999
2998,2017,5,7,7,50,-6,10094,290,41,0,-9999,-9999
2999,2017,5,7,8,44,-17,10096,300,46,0,-9999,-9999
3000,2017,5,7,9,33,-17,10104,290,36,0,-9999,-9999
3001,2017,5,7,10,22,-11,10112,290,36,0,-9999,-9999
3002,2017,5,7,11,28,-11,10116,290,46,0,-9999,-9999
3003,2017,5,7,12,44,-11,10130,310,57,0,-9999,-9999
3004,2017,5,7,13,61,-6,10135,290,72,0,-9999,-9999
3005,2017,5,7,14,72,0,10141,290,62,0,-9999,-9999
3006,2017,5,7,15,89,6,10143,290,67,0,-9999,-9999
3007,2017,5,7,16,106,6,10144,290,72,0,-9999,-9999
3008,2017,5,7,17,122,6,10141,290,82,0,-9999,-9999
3009,2017,5,7,18,133,0,10139,300,67,0,-9999,-9999
3010,2017,5,7,19,139,6,10139,290,93,0,-9999,-9999
3011,2017,5,7,20,139,0,10136,310,98,2,-9999,-9999
3012,2017,5,7,21,139,0,10134,320,82,4,-9999,-9999
3013,2017,5,7,22,139,0,10136,300,57,-9999,-9999,-9999
3014,2017,5,8,0,111,-22,10149,320,72,0,-9999,-9999
3015,2017,5,8,1,94,-33,10155,320,57,0,-9999,-9999
3016,2017,5,8,2,72,-50,10161,310,41,0,-9999,-9999
3017,2017,5,8,3,61,-39,10161,310,36,0,-9999,-9999
3018,2017,5,8,4,56,-44,10163,310,51,0,-9999,-9999
3019,2017,5,8,5,39,-44,10166,310,31,0,-9999,-9999
3020,2017,5,8,6,28,-44,10169,320,26,0,-9999,-9999
3021,2017,5,8,7,11,-28,10172,290,26,0,-9999,-9999
3022,2017,5,8,8,11,-33,10174,280,26,0,-9999,-9999
3023,2017,5,8,9,0,-33,10180,280,31,0,-9999,-9999
3024,2017,5,8,10,0,-44,10186,300,31,0,-9999,-9999
3025,2017,5,8,11,6,-50,10191,310,21,0,-9999,-9999
3026,2017,5,8,12,28,-39,10196,310,26,0,-9999,-9999
3027,2017,5,8,13,56,-39,10200,300,21,0,-9999,-9999
3028,2017,5,8,14,72,-28,10201,290,41,0,-9999,-9999
3029,2017,5,8,15,89,-56,10203,320,57,0,-9999,-9999
3030,2017,5,8,16,111,-39,10206,300,67,0,-9999,-9999
3031,2017,5,8,17,122,-28,10202,300,82,0,-9999,-9999
3032,2017,5,8,18,139,-28,10198,320,72,0,-9999,-9999
3033,2017,5,8,19,139,-17,10192,300,51,0,-9999,-9999
3034,2017,5,8,20,150,-17,10183,320,57,0,-9999,-9999
3035,2017,5,8,21,156,-6,10177,300,67,0,-9999,-9999
3036,2017,5,8,22,150,-17,10175,270,62,0,-9999,-9999
3037,2017,5,8,23,150,-22,10171,310,51,0,-9999,-9999
3038,2017,5,9,0,133,-6,10169,320,26,0,-9999,-9999
3039,2017,5,9,1,128,-11,10166,0,0,0,-9999,-9999
3040,2017,5,9,2,100,39,10169,260,15,0,-9999,-9999
3041,2017,5,9,3,106,44,10169,0,0,-9999,-9999,-9999
3042,2017,5,9,4,100,56,10165,0,0,-9999,-9999,-9999
3043,2017,5,9,5,94,61,10162,0,0,-9999,-9999,-9999
3044,2017,5,9,6,94,44,10157,200,15,-9999,-9999,-9999
3045,2017,5,9,7,94,50,10160,0,0,-9999,3,-9999
3046,2017,5,9,8,89,50,10156,350,21,-9999,3,-9999
3047,2017,5,9,9,89,50,10149,0,0,-9999,-9999,-9999
3048,2017,5,9,10,89,67,10151,220,15,-9999,-9999,-9999
3049,2017,5,9,11,83,61,10154,0,0,-9999,-9999,-9999
3050,2017,5,9,12,89,61,10155,0,0,-9999,-9999,5
3051,2017,5,9,13,100,61,10161,260,15,-9999,-9999,-9999
3052,2017,5,9,14,100,67,10162,230,31,-9999,-9999,-9999
3053,2017,5,9,15,89,78,10165,-9999,-9999,-9999,-1,-9999
3054,2017,5,9,16,106,67,10152,180,41,-9999,13,-9999
3055,2017,5,9,17,106,67,10163,240,26,-9999,-9999,-9999
3056,2017,5,9,18,111,72,10159,230,21,-9999,-1,13
3057,2017,5,9,19,122,89,10158,150,21,-9999,-9999,-9999
3058,2017,5,9,20,128,100,10152,70,21,-9999,-1,-9999
3059,2017,5,9,21,133,100,10147,120,21,-9999,-9999,-9999
3060,2017,5,9,22,139,100,10143,130,31,-9999,-9999,-9999
3061,2017,5,9,23,139,100,10140,110,31,-9999,-9999,-9999
3062,2017,5,10,0,133,100,10138,120,31,-9999,-9999,-1
3063,2017,5,10,1,128,94,10140,110,31,-9999,-9999,-9999
3064,2017,5,10,2,128,94,10143,120,36,-9999,-9999,-9999
3065,2017,5,10,3,122,94,10149,120,26,-9999,-9999,-9999
3066,2017,5,10,4,122,94,10149,90,26,-9999,-9999,-9999
3067,2017,5,10,5,117,100,10149,120,26,-9999,-1,-9999
3068,2017,5,10,6,111,94,10150,130,15,-9999,-9999,-1
3069,2017,5,10,7,111,100,10147,90,21,-9999,-9999,-9999
3070,2017,5,10,8,111,100,10145,90,26,-9999,-9999,-9999
3071,2017,5,10,9,111,100,10145,120,31,-9999,-9999,-9999
3072,2017,5,10,10,111,100,10147,0,0,-9999,-9999,-9999
3073,2017,5,10,11,106,94,10152,80,21,-9999,-9999,-9999
3074,2017,5,10,12,122,106,10158,100,41,-9999,-9999,-9999
3075,2017,5,10,13,133,106,10155,90,51,-9999,-9999,-9999
3076,2017,5,10,15,172,122,10160,-9999,26,-9999,-9999,-9999
3077,2017,5,10,16,183,133,10155,130,36,4,-9999,-9999
3078,2017,5,10,17,200,139,10155,90,15,2,-9999,-9999
3079,2017,5,10,18,211,150,10150,100,26,-9999,-9999,-9999
3080,2017,5,10,19,211,156,10148,90,21,-9999,-9999,-9999
3081,2017,5,10,20,228,161,10141,150,26,4,-9999,-9999
3082,2017,5,10,21,222,167,10134,0,0,-9999,-9999,-9999
3083,2017,5,10,22,222,167,10131,180,21,-9999,-9999,-9999
3084,2017,5,10,23,222,172,10130,0,0,2,-9999,-9999
3085,2017,5,11,0,206,167,10126,90,26,-9999,-9999,-9999
3086,2017,5,11,1,200,167,10125,100,26,-9999,-9999,-9999
3087,2017,5,11,2,194,161,10121,110,41,2,-9999,-9999
3088,2017,5,11,3,183,156,10119,90,31,-9999,-9999,-9999
3089,2017,5,11,4,178,156,10110,110,36,-9999,-9999,-9999
3090,2017,5,11,5,183,167,10100,150,36,-9999,3,-9999
3091,2017,5,11,6,194,172,10089,220,62,-9999,8,10
3092,2017,5,11,7,178,161,10079,240,82,-9999,5,-9999
3093,2017,5,11,8,178,161,10084,250,51,4,-1,-9999
3094,2017,5,11,9,178,161,10088,260,62,-9999,-9999,-9999
3095,2017,5,11,10,178,161,10085,250,57,-9999,-9999,-9999
3096,2017,5,11,11,178,161,10090,280,51,-9999,-9999,-9999
3097,2017,5,11,12,167,150,10104,300,62,-9999,-9999,5
3098,2017,5,11,13,139,128,10114,290,62,-9999,-9999,-9999
3099,2017,5,11,14,133,122,10116,310,41,-9999,-1,-9999
3100,2017,5,11,15,150,122,10111,340,57,-9999,-9999,-9999
3101,2017,5,11,16,156,122,10118,310,62,-9999,-9999,-9999
3102,2017,5,11,17,150,122,10122,360,51,-9999,-9999,-9999
3103,2017,5,11,18,139,111,10125,360,51,-9999,-9999,-1
3104,2017,5,11,19,144,111,10124,20,41,-9999,-1,-9999
3105,2017,5,11,20,156,117,10121,20,36,-9999,-9999,-9999
3106,2017,5,11,21,161,122,10114,50,41,-9999,-9999,-9999
3107,2017,5,11,22,167,122,10116,30,26,-9999,-9999,-9999
3108,2017,5,11,23,172,111,10113,30,36,2,-9999,-9999
3109,2017,5,12,0,161,100,10118,30,51,-9999,-9999,-1
3110,2017,5,12,1,139,83,10127,30,57,0,-9999,-9999
3111,2017,5,12,2,122,78,10133,50,51,2,-9999,-9999
3112,2017,5,12,3,122,67,10134,40,51,-9999,-9999,-9999
3113,2017,5,12,4,117,61,10134,40,46,-9999,-9999,-9999
3114,2017,5,12,5,111,56,10130,40,41,-9999,-9999,-9999
3115,2017,5,12,6,117,61,10131,50,26,-9999,-9999,-9999
3116,2017,5,12,7,106,61,10123,40,36,-9999,-9999,-9999
3117,2017,5,12,8,100,61,10122,40,31,-9999,-9999,-9999
3118,2017,5,12,9,83,61,10119,50,36,2,-9999,-9999
3119,2017,5,12,10,94,67,10121,50,31,-9999,-9999,-9999
3120,2017,5,12,11,100,72,10125,50,26,-9999,-9999,-9999
3121,2017,5,12,12,106,78,10125,40,41,-9999,-9999,-9999
3122,2017,5,12,13,111,83,10125,50,36,-9999,-9999,-9999
3123,2017,5,12,14,122,89,10128,40,31,-9999,-9999,-9999
3124,2017,5,12,15,128,100,10124,50,41,-9999,-9999,-9999
3125,2017,5,12,16,144,100,10126,40,57,-9999,-9999,-9999
3126,2017,5,12,17,161,111,10121,50,51,-9999,-9999,-9999
3127,2017,5,12,18,167,111,10120,50,62,-9999,-9999,-9999
3128,2017,5,12,19,167,106,10120,30,31,-9999,-9999,-9999
3129,2017,5,12,20,172,100,10116,20,51,-9999,-9999,-9999
3130,2017,5,12,21,183,100,10111,40,57,-9999,-9999,-9999
3131,2017,5,12,22,178,94,10110,40,72,4,-9999,-9999
3132,2017,5,12,23,161,89,10117,20,51,0,-9999,-9999
3133,2017,5,13,0,156,78,10119,10,72,0,-9999,-9999
3134,2017,5,13,1,139,67,10122,30,46,0,-9999,-9999
3135,2017,5,13,2,122,72,10127,30,41,0,-9999,-9999
3136,2017,5,13,3,122,72,10129,10,41,0,-9999,-9999
3137,2017,5,13,4,100,67,10126,40,21,0,-9999,-9999
3138,2017,5,13,5,89,67,10125,0,0,0,-9999,-9999
3139,2017,5,13,6,83,67,10123,350,15,0,-9999,-9999
3140,2017,5,13,7,78,67,10122,340,21,0,-9999,-9999
3141,2017,5,13,8,67,56,10121,330,15,0,-9999,-9999
3142,2017,5,13,9,67,61,10121,0,0,0,-9999,-9999
3143,2017,5,13,10,56,56,10124,0,0,0,-9999,-9999
3144,2017,5,13,11,61,56,10131,0,0,0,-9999,-9999
3145,2017,5,13,12,100,78,10133,0,0,0,-9999,-9999
3146,2017,5,13,13,128,83,10134,70,21,0,-9999,-9999
3147,2017,5,13,14,156,83,10137,0,0,0,-9999,-9999
3148,2017,5,13,15,172,78,10139,0,0,0,-9999,-9999
3149,2017,5,13,16,183,72,10137,320,26,0,-9999,-9999
3150,2017,5,13,17,194,78,10132,320,36,0,-9999,-9999
3151,2017,5,13,18,206,83,10128,0,0,-9999,-9999,-9999
3152,2017,5,13,19,200,83,10124,310,41,4,-9999,-9999
3153,2017,5,13,20,211,83,10119,290,41,2,-9999,-9999
3154,2017,5,13,21,217,83,10113,280,46,0,-9999,-9999
3155,2017,5,13,22,222,83,10107,280,57,2,-9999,-9999
3156,2017,5,13,23,217,83,10108,260,31,2,-9999,-9999
3157,2017,5,14,0,200,78,10105,270,41,2,-9999,-9999
3158,2017,5,14,1,167,67,10107,260,31,0,-9999,-9999
3159,2017,5,14,2,156,61,10109,260,21,0,-9999,-9999
3160,2017,5,14,3,144,72,10108,210,26,0,-9999,-9999
3161,2017,5,14,4,144,78,10104,220,36,-9999,-9999,-9999
3162,2017,5,14,5,144,78,10104,220,31,0,-9999,-9999
3163,2017,5,14,6,133,78,10104,230,31,0,-9999,-9999
3164,2017,5,14,7,122,83,10103,240,26,0,-9999,-9999
3165,2017,5,14,8,111,83,10104,230,31,0,-9999,-9999
3166,2017,5,14,9,111,83,10107,230,36,0,-9999,-9999
3167,2017,5,14,10,106,83,10108,220,26,0,-9999,-9999
3168,2017,5,14,11,111,89,10112,220,15,0,-9999,-9999
3169,2017,5,14,12,144,111,10119,240,26,0,-9999,-9999
3170,2017,5,14,13,172,117,10122,280,36,0,-9999,-9999
3171,2017,5,14,14,200,122,10124,270,46,0,-9999,-9999
3172,2017,5,14,15,222,117,10127,280,57,0,-9999,-9999
3173,2017,5,14,16,239,100,10127,300,72,0,-9999,-9999
3174,2017,5,14,17,256,106,10126,280,67,0,-9999,-9999
3175,2017,5,14,18,267,106,10122,290,108,0,-9999,-9999
3176,2017,5,14,19,272,111,10119,300,77,4,-9999,-9999
3177,2017,5,14,20,272,111,10115,290,62,-9999,-9999,-9999
3178,2017,5,14,21,267,106,10111,290,103,4,-9999,-9999
3179,2017,5,14,22,267,106,10110,280,93,-9999,-9999,-9999
3180,2017,5,14,23,256,111,10111,290,82,2,-9999,-9999
3181,2017,5,15,0,244,117,10110,290,41,-9999,-9999,-9999
3182,2017,5,15,1,233,117,10113,330,31,-9999,-9999,-9999
3183,2017,5,15,2,211,117,10119,340,21,4,-9999,-9999
3184,2017,5,15,3,189,111,10128,50,57,2,-9999,-9999
3185,2017,5,15,4,156,106,10138,70,36,4,-9999,-9999
3186,2017,5,15,5,144,89,10144,70,26,0,-9999,-9999
3187,2017,5,15,6,128,83,10147,70,36,2,-9999,-9999
3188,2017,5,15,7,128,67,10150,80,46,0,-9999,-9999
3189,2017,5,15,8,117,50,10156,80,41,0,-9999,-9999
3190,2017,5,15,10,94,44,10163,90,31,0,-9999,-9999
3191,2017,5,15,11,94,50,10169,100,26,0,-9999,-9999
3192,2017,5,15,12,111,56,10179,120,26,0,-9999,-9999
3193,2017,5,15,13,144,33,10185,110,51,0,-9999,-9999
3194,2017,5,15,14,161,28,10187,120,57,0,-9999,-9999
3195,2017,5,15,15,178,28,10186,130,46,0,-9999,-9999
3196,2017,5,15,16,189,33,10184,120,36,0,-9999,-9999
3197,2017,5,15,17,211,50,10178,140,46,0,-9999,-9999
3198,2017,5,15,18,217,56,10175,150,31,0,-9999,-9999
3199,2017,5,15,19,228,72,10172,-9999,26,0,-9999,-9999
3200,2017,5,15,20,239,83,10167,-9999,26,0,-9999,-9999
3201,2017,5,15,21,244,83,10160,150,36,0,-9999,-9999
3202,2017,5,15,22,244,94,10156,110,41,0,-9999,-9999
3203,2017,5,15,23,239,94,10157,-9999,26,0,-9999,-9999
3204,2017,5,16,0,228,100,10161,120,26,0,-9999,-9999
3205,2017,5,16,1,189,100,10161,100,31,0,-9999,-9999
3206,2017,5,16,2,172,94,10163,110,31,0,-9999,-9999
3207,2017,5,16,3,172,89,10162,120,46,0,-9999,-9999
3208,2017,5,16,4,172,83,10163,120,36,0,-9999,-9999
3209,2017,5,16,5,172,72,10163,130,41,0,-9999,-9999
3210,2017,5,16,6,167,72,10155,130,41,0,-9999,-9999
3211,2017,5,16,7,172,89,10149,160,36,0,-9999,-9999
3212,2017,5,16,8,161,94,10148,160,26,0,-9999,-9999
3213,2017,5,16,9,161,100,10149,160,41,0,-9999,-9999
3214,2017,5,16,10,156,100,10157,140,26,0,-9999,-9999
3215,2017,5,16,11,161,100,10157,180,31,0,-9999,-9999
3216,2017,5,16,12,183,111,10158,190,41,0,-9999,-9999
3217,2017,5,16,13,206,133,10164,230,41,0,-9999,-9999
3218,2017,5,16,14,233,144,10160,-9999,26,0,-9999,-9999
3219,2017,5,16,15,250,156,10159,240,51,0,-9999,-9999
3220,2017,5,16,16,272,161,10156,230,46,4,-9999,-9999
3221,2017,5,16,17,278,144,10151,240,67,0,-9999,-9999
3222,2017,5,16,18,283,150,10148,220,77,0,-9999,-9999
3223,2017,5,16,19,289,156,10144,250,67,0,-9999,-9999
3224,2017,5,16,20,300,150,10137,200,51,0,-9999,-9999
3225,2017,5,16,21,294,150,10130,220,67,0,-9999,-9999
3226,2017,5,16,22,294,144,10126,190,57,0,-9999,-9999
3227,2017,5,16,23,283,133,10125,210,62,0,-9999,-9999
3228,2017,5,17,0,272,144,10126,210,36,0,-9999,-9999
3229,2017,5,17,1,256,150,10125,200,26,0,-9999,-9999
3230,2017,5,17,2,244,156,10124,200,31,0,-9999,-9999
3231,2017,5,17,3,233,156,10125,210,36,0,-9999,-9999
3232,2017,5,17,4,228,156,10122,200,36,0,-9999,-9999
3233,2017,5,17,5,222,156,10120,210,41,0,-9999,-9999
3234,2017,5,17,6,211,156,10119,220,51,0,-9999,-9999
3235,2017,5,17,7,211,150,10117,210,46,0,-9999,-9999
3236,2017,5,17,8,200,150,10121,210,26,0,-9999,-9999
3237,2017,5,17,9,194,150,10129,210,26,0,-9999,-9999
3238,2017,5,17,10,194,150,10130,200,26,0,-9999,-9999
3239,2017,5,17,11,200,150,10138,200,21,4,-9999,-9999
3240,2017,5,17,12,211,156,10147,200,26,-9999,-9999,-9999
3241,2017,5,17,13,233,156,10147,200,46,-9999,-9999,-9999
3242,2017,5,17,14,250,156,10149,220,62,-9999,-9999,-9999
3243,2017,5,17,15,267,161,10149,240,77,-9999,-9999,-9999
3244,2017,5,17,16,283,161,10146,220,72,0,-9999,-9999
3245,2017,5,17,17,289,156,10135,210,93,-9999,-9999,-9999
3246,2017,5,17,18,289,150,10132,210,72,2,-9999,-9999
3247,2017,5,17,19,294,150,10126,210,88,2,-9999,-9999
3248,2017,5,17,20,289,150,10125,200,57,0,-9999,-9999
3249,2017,5,17,21,283,144,10123,210,82,0,-9999,-9999
3250,2017,5,17,22,283,150,10118,200,67,2,-9999,-9999
3251,2017,5,17,23,278,150,10113,220,88,0,-9999,-9999
3252,2017,5,18,0,267,156,10115,200,51,0,-9999,-9999
3253,2017,5,18,1,256,161,10109,180,46,0,-9999,-9999
3254,2017,5,18,2,239,161,10118,190,36,0,-9999,-9999
3255,2017,5,18,3,233,167,10118,170,41,0,-9999,-9999
3256,2017,5,18,4,239,161,10114,190,46,0,-9999,-9999
3257,2017,5,18,5,233,161,10112,190,41,4,-9999,-9999
3258,2017,5,18,6,239,150,10107,190,41,4,-9999,-9999
3259,2017,5,18,7,239,150,10112,210,51,2,-9999,-9999
3260,2017,5,18,8,239,156,10114,210,57,0,-9999,-9999
3261,2017,5,18,9,228,156,10118,210,46,0,-9999,-9999
3262,2017,5,18,10,228,161,10121,200,36,-9999,-9999,-9999
3263,2017,5,18,11,222,161,10126,190,36,-9999,-9999,-9999
3264,2017,5,18,12,233,172,10130,200,46,-9999,-9999,-9999
3265,2017,5,18,13,228,178,10135,220,46,-9999,-9999,-9999
3266,2017,5,18,14,189,178,10145,200,57,-9999,36,-9999
3267,2017,5,18,15,228,200,10138,210,51,2,-1,-9999
3268,2017,5,18,16,244,200,10138,220,88,-9999,-9999,-9999
3269,2017,5,18,17,256,194,10138,220,88,-9999,-9999,-9999
3270,2017,5,18,18,272,189,10132,230,82,-9999,-9999,36
3271,2017,5,18,19,272,194,10132,220,77,4,-9999,-9999
3272,2017,5,18,20,272,194,10130,200,62,4,-9999,-9999
3273,2017,5,18,21,278,189,10128,220,93,4,-9999,-9999
3274,2017,5,18,22,278,189,10126,210,88,2,-9999,-9999
3275,2017,5,18,23,267,183,10129,220,62,2,-9999,-9999
3276,2017,5,19,0,261,189,10129,220,62,0,-9999,-9999
3277,2017,5,19,1,244,189,10131,230,36,0,-9999,-9999
3278,2017,5,19,2,233,189,10138,220,26,2,-9999,-9999
3279,2017,5,19,3,228,189,10146,230,15,-9999,-9999,-9999
3280,2017,5,19,4,217,194,10147,0,0,-9999,3,-9999
3281,2017,5,19,5,206,189,10145,200,15,-9999,43,-9999
3282,2017,5,19,6,200,189,10146,290,26,-9999,51,97
3283,2017,5,19,7,190,180,-9999,300,36,-9999,28,-9999
3284,2017,5,19,8,189,178,10152,0,0,-9999,81,-9999
3285,2017,5,19,9,189,178,10156,170,31,-9999,13,-9999
3286,2017,5,19,10,194,183,10156,0,0,-9999,5,-9999
3287,2017,5,19,11,194,183,10157,180,15,4,8,-9999
3288,2017,5,19,12,200,194,10162,10,15,0,-9999,267
3289,2017,5,19,13,217,194,10159,0,0,4,-9999,-9999
3290,2017,5,19,14,228,200,10164,160,15,-9999,-9999,-9999
3291,2017,5,19,15,239,200,10164,-9999,15,4,-9999,-9999
3292,2017,5,19,16,256,206,10163,170,21,-9999,-9999,-9999
3293,2017,5,19,17,261,211,10155,210,31,-9999,-9999,-9999
3294,2017,5,19,18,256,217,10145,360,36,-9999,-1,-1
3295,2017,5,19,19,272,200,10131,190,51,4,-9999,-9999
3296,2017,5,19,20,272,194,10125,210,46,0,-9999,-9999
3297,2017,5,19,21,206,189,10157,300,134,-9999,10,-9999
3298,2017,5,19,22,189,178,10154,40,41,2,71,-9999
3299,2017,5,19,23,189,178,10154,60,31,0,-9999,-9999
3300,2017,5,20,0,178,167,10169,70,46,-9999,-9999,81
3301,2017,5,20,1,144,133,10184,80,51,-9999,-9999,-9999
3302,2017,5,20,2,133,128,10182,50,51,-9999,-9999,-9999
3303,2017,5,20,3,128,117,10182,40,57,-9999,-9999,-9999
3304,2017,5,20,4,128,117,10184,40,36,-9999,-9999,-9999
3305,2017,5,20,5,122,117,10192,60,41,-9999,-9999,-9999
3306,2017,5,20,6,122,111,10193,50,26,-9999,-9999,-9999
3307,2017,5,20,7,117,106,10186,60,41,-9999,-9999,-9999
3308,2017,5,20,8,117,111,10189,60,21,-9999,-9999,-9999
3309,2017,5,20,10,117,111,10199,50,36,-9999,-9999,-9999
3310,2017,5,20,11,117,117,10197,60,57,-9999,-9999,-9999
3311,2017,5,20,12,122,117,10200,60,51,-9999,-9999,-9999
3312,2017,5,20,13,139,128,10200,70,51,-9999,-9999,-9999
3313,2017,5,20,14,144,133,10204,90,51,-9999,-9999,-9999
3314,2017,5,20,15,161,144,10202,90,51,-9999,-9999,-9999
3315,2017,5,20,16,161,156,10202,100,57,-9999,3,-9999
3316,2017,5,20,17,178,167,10204,80,51,-9999,-1,-9999
3317,2017,5,20,18,194,178,10196,110,57,-9999,-9999,3
3318,2017,5,20,19,206,183,10196,120,41,-9999,-1,-9999
3319,2017,5,20,20,217,194,10184,80,41,-9999,-9999,-9999
3320,2017,5,20,21,239,206,10179,100,46,4,-9999,-9999
3321,2017,5,20,22,239,206,10173,110,51,-9999,-9999,-9999
3322,2017,5,20,23,233,200,10166,90,62,0,-9999,-9999
3323,2017,5,21,0,228,200,10168,110,57,0,-9999,-1
3324,2017,5,21,1,217,200,10161,110,62,2,-9999,-9999
3325,2017,5,21,2,211,194,10167,120,46,4,-9999,-9999
3326,2017,5,21,3,211,200,10166,150,31,4,-9999,-9999
3327,2017,5,21,4,194,183,10165,160,51,-9999,61,-9999
3328,2017,5,21,5,189,172,10161,150,41,-9999,-1,-9999
3329,2017,5,21,6,183,172,10162,130,21,-9999,-9999,61
3330,2017,5,21,7,178,172,10159,0,0,-9999,-9999,-9999
3331,2017,5,21,8,183,172,10164,180,31,4,-9999,-9999
3332,2017,5,21,9,183,172,10159,220,31,-9999,-1,-9999
3333,2017,5,21,10,183,172,10157,220,31,-9999,10,-9999
3334,2017,5,21,11,183,172,10165,210,46,-9999,3,-9999
3335,2017,5,21,12,183,172,10169,200,31,-9999,46,58
3336,2017,5,21,13,189,178,10168,200,31,-9999,5,-9999
3337,2017,5,21,14,194,183,10169,210,46,-9999,-9999,-9999
3338,2017,5,21,15,206,183,10166,210,36,-9999,-9999,-9999
3339,2017,5,21,16,211,183,10165,210,46,-9999,-9999,-9999
3340,2017,5,21,17,211,178,10163,210,46,-9999,-9999,-9999
3341,2017,5,21,18,211,183,10160,210,41,-9999,-9999,5
3342,2017,5,21,19,222,189,10159,210,51,-9999,-9999,-9999
3343,2017,5,21,20,233,194,10150,200,46,-9999,-9999,-9999
3344,2017,5,21,21,239,189,10144,210,46,-9999,-9999,-9999
3345,2017,5,21,22,211,189,10143,220,93,-9999,23,-9999
3346,2017,5,21,23,217,183,10142,210,36,-9999,5,-9999
3347,2017,5,22,0,222,183,10140,220,31,2,-9999,28
3348,2017,5,22,1,206,189,10144,210,15,0,-9999,-9999
3349,2017,5,22,2,200,189,10153,210,21,-9999,-9999,-9999
3350,2017,5,22,3,194,167,10160,250,41,-9999,-9999,-9999
3351,2017,5,22,4,178,133,10164,300,41,0,-9999,-9999
3352,2017,5,22,5,156,122,10171,310,57,0,-9999,-9999
3353,2017,5,22,6,144,111,10172,290,51,0,-9999,-9999
3354,2017,5,22,7,133,106,10177,300,36,-9999,-9999,-9999
3355,2017,5,22,8,128,94,10179,290,82,-9999,-9999,-9999
3356,2017,5,22,9,111,72,10186,300,51,-9999,-9999,-9999
3357,2017,5,22,10,94,67,10191,260,26,0,-9999,-9999
3358,2017,5,22,11,100,56,10190,270,36,0,-9999,-9999
3359,2017,5,22,12,111,56,10194,280,46,0,-9999,-9999
3360,2017,5,22,13,122,61,10201,280,51,0,-9999,-9999
3361,2017,5,22,14,139,61,10204,270,72,0,-9999,-9999
3362,2017,5,22,15,144,67,10202,290,57,0,-9999,-9999
3363,2017,5,22,16,150,67,10202,280,67,0,-9999,-9999
3364,2017,5,22,17,161,61,10198,300,36,0,-9999,-9999
3365,2017,5,22,18,172,67,10194,260,31,0,-9999,-9999
3366,2017,5,22,19,172,56,10190,0,0,0,-9999,-9999
3367,2017,5,22,20,194,78,10183,270,36,0,-9999,-9999
3368,2017,5,22,21,200,78,10177,-9999,21,0,-9999,-9999
3369,2017,5,22,22,200,78,10171,310,41,0,-9999,-9999
3370,2017,5,22,23,200,72,10168,240,15,0,-9999,-9999
3371,2017,5,23,0,194,67,10167,0,0,0,-9999,-9999
3372,2017,5,23,1,167,111,10169,150,15,0,-9999,-9999
3373,2017,5,23,2,161,94,10167,170,26,0,-9999,-9999
3374,2017,5,23,3,150,89,10168,170,26,0,-9999,-9999
3375,2017,5,23,4,144,89,10165,170,26,0,-9999,-9999
3376,2017,5,23,5,122,94,10161,0,0,0,-9999,-9999
3377,2017,5,23,6,111,94,10156,140,15,0,-9999,-9999
3378,2017,5,23,7,106,89,10149,0,0,0,-9999,-9999
3379,2017,5,23,8,106,89,10137,110,21,0,-9999,-9999
3380,2017,5,23,9,100,89,10135,0,0,0,-9999,-9999
3381,2017,5,23,10,89,78,10128,60,15,0,-9999,-9999
3382,2017,5,23,11,94,83,10128,0,0,0,-9999,-9999
3383,2017,5,23,12,128,106,10131,-9999,-9999,0,-9999,-9999
3384,2017,5,23,13,150,106,10127,120,21,0,-9999,-9999
3385,2017,5,23,14,172,106,10115,130,46,0,-9999,-9999
3386,2017,5,23,15,183,100,10109,120,51,0,-9999,-9999
3387,2017,5,23,16,189,94,10098,90,62,0,-9999,-9999
3388,2017,5,23,17,206,106,10090,120,46,0,-9999,-9999
3389,2017,5,23,18,211,106,10081,130,41,0,-9999,-9999
3390,2017,5,23,19,217,106,10073,110,36,0,-9999,-9999
3391,2017,5,23,20,228,94,10061,150,41,0,-9999,-9999
3392,2017,5,23,21,228,94,10056,150,41,0,-9999,-9999
3393,2017,5,23,22,217,89,10057,120,26,0,-9999,-9999
3394,2017,5,23,23,211,94,10052,110,26,-9999,-9999,-9999
3395,2017,5,24,0,200,100,10049,120,26,0,-9999,-9999
3396,2017,5,24,1,189,117,10047,150,21,-9999,-9999,-9999
3397,2017,5,24,2,183,117,10044,140,21,-9999,-9999,-9999
3398,2017,5,24,3,178,122,10045,160,21,-9999,-9999,-9999
3399,2017,5,24,4,172,128,10039,150,31,0,-9999,-9999
3400,2017,5,24,5,161,133,10036,150,31,0,-9999,-9999
3401,2017,5,24,6,156,139,10032,140,26,0,-9999,-9999
3402,2017,5,24,7,156,144,10024,130,21,0,-9999,-9999
3403,2017,5,24,8,144,139,10019,130,21,4,-9999,-9999
3404,2017,5,24,9,144,144,10016,130,26,-9999,-9999,-9999
3405,2017,5,24,10,144,139,10014,130,31,2,-9999,-9999
3406,2017,5,24,11,144,139,10012,120,21,-9999,-9999,-9999
3407,2017,5,24,12,156,150,10010,130,26,0,-9999,-9999
3408,2017,5,24,13,167,150,10008,100,36,2,-9999,-9999
3409,2017,5,24,14,178,150,10003,100,51,-9999,-9999,-9999
3410,2017,5,24,15,172,144,10000,90,62,-9999,-9999,-9999
3411,2017,5,24,16,178,144,9994,120,51,-9999,-9999,-9999
3412,2017,5,24,17,194,150,9984,100,72,-9999,-9999,-9999
3413,2017,5,24,18,194,156,9975,100,72,-9999,-9999,-9999
3414,2017,5,24,19,200,156,9968,80,72,-9999,-9999,-9999
3415,2017,5,24,20,200,150,9965,90,77,-9999,-9999,-9999
3416,2017,5,24,21,194,144,9958,100,62,-9999,-9999,-9999
3417,2017,5,24,22,194,150,9952,100,62,-9999,-9999,-9999
3418,2017,5,24,23,189,150,9945,100,67,-9999,-9999,-9999
3419,2017,5,25,0,178,161,9942,80,62,-9999,-1,-1
3420,2017,5,25,1,178,161,9936,80,57,-9999,-1,-9999
3421,2017,5,25,2,178,156,9936,120,62,-9999,-9999,-9999
3422,2017,5,25,3,161,144,9946,220,36,-9999,-9999,-9999
3423,2017,5,25,4,150,140,-9999,80,26,-9999,3,-9999
3424,2017,5,25,5,150,144,9943,180,21,-9999,3,-9999
3425,2017,5,25,6,150,139,9940,210,26,-9999,-9999,66
3426,2017,5,25,7,144,139,9941,210,21,-9999,3,-9999
3427,2017,5,25,8,150,144,9942,200,15,-9999,5,-9999
3428,2017,5,25,9,150,144,9944,220,31,-9999,3,-9999
3429,2017,5,25,10,144,139,9944,220,31,-9999,-9999,-9999
3430,2017,5,25,11,144,139,9952,200,15,-9999,-1,-9999
3431,2017,5,25,12,150,139,9954,190,21,-9999,-1,10
3432,2017,5,25,13,156,139,9957,190,26,-9999,-9999,-9999
3433,2017,5,25,14,156,144,9964,280,21,-9999,-1,-9999
3434,2017,5,25,15,156,139,9968,200,26,-9999,-1,-9999
3435,2017,5,25,16,161,139,9972,200,15,-9999,-1,-9999
3436,2017,5,25,17,178,144,9974,-9999,21,-9999,-1,-9999
3437,2017,5,25,18,189,144,9976,250,21,-9999,-1,-1
3438,2017,5,25,19,189,144,9979,30,15,-9999,-1,-9999
3439,2017,5,25,20,172,139,9987,340,36,-9999,43,-9999
3440,2017,5,25,21,194,167,9986,290,77,-9999,3,-9999
3441,2017,5,25,22,183,150,10001,290,93,-9999,23,-9999
3442,2017,5,25,23,172,144,10013,290,82,-9999,-9999,-9999
3443,2017,5,26,0,161,144,10026,280,62,-9999,-1,69
3444,2017,5,26,1,150,139,10038,280,62,-9999,-1,-9999
3445,2017,5,26,2,156,133,10047,280,72,-9999,-9999,-9999
3446,2017,5,26,3,150,133,10060,280,67,-9999,-9999,-9999
3447,2017,5,26,4,156,128,10066,280,72,-9999,-9999,-9999
3448,2017,5,26,5,144,128,10070,270,57,-9999,-9999,-9999
3449,2017,5,26,6,139,122,10078,270,46,-9999,-9999,-1
3450,2017,5,26,7,144,128,10083,260,51,-9999,-9999,-9999
3451,2017,5,26,8,139,128,10086,260,46,-9999,-9999,-9999
3452,2017,5,26,9,133,122,10091,250,31,0,-9999,-9999
3453,2017,5,26,10,128,117,10098,250,41,0,-9999,-9999
3454,2017,5,26,11,128,117,10109,250,41,0,-9999,-9999
3455,2017,5,26,12,144,122,10117,260,41,0,-9999,-9999
3456,2017,5,26,13,161,122,10123,300,46,0,-9999,-9999
3457,2017,5,26,14,183,122,10126,280,51,0,-9999,-9999
3458,2017,5,26,15,200,133,10124,270,57,2,-9999,-9999
3459,2017,5,26,16,206,133,10129,280,62,2,-9999,-9999
3460,2017,5,26,17,222,139,10131,270,62,-9999,-9999,-9999
3461,2017,5,26,18,222,133,10122,270,62,-9999,-9999,-9999
3462,2017,5,26,19,222,133,10121,260,46,4,-9999,-9999
3463,2017,5,26,20,222,128,10119,240,41,2,-9999,-9999
3464,2017,5,26,21,228,133,10116,220,21,0,-9999,-9999
3465,2017,5,26,22,239,139,10117,200,26,2,-9999,-9999
3466,2017,5,26,23,239,139,10115,210,46,0,-9999,-9999
3467,2017,5,27,0,233,144,10113,190,21,0,-9999,-9999
3468,2017,5,27,1,217,139,10110,190,15,-9999,-9999,-9999
3469,2017,5,27,3,189,161,10116,80,31,-9999,3,-9999
3470,2017,5,27,4,183,167,10120,190,41,-9999,155,-9999
3471,2017,5,27,5,183,161,10104,170,36,4,-1,-9999
3472,2017,5,27,6,183,167,10102,160,36,-9999,-9999,157
3473,2017,5,27,7,183,167,10096,160,36,-9999,-9999,-9999
3474,2017,5,27,8,183,167,10095,160,26,-9999,-9999,-9999
3475,2017,5,27,9,183,167,10096,220,26,-9999,-9999,-9999
3476,2017,5,27,10,183,172,10098,0,0,-9999,-9999,-9999
3477,2017,5,27,11,178,172,10102,0,0,-9999,-9999,-9999
3478,2017,5,27,12,189,178,10107,0,0,-9999,-9999,-9999
3479,2017,5,27,13,200,183,10112,260,31,-9999,-9999,-9999
3480,2017,5,27,14,217,189,10112,270,51,-9999,-9999,-9999
3481,2017,5,27,15,211,189,10114,290,26,-9999,-9999,-9999
3482,2017,5,27,16,228,194,10113,-9999,31,4,-9999,-9999
3483,2017,5,27,17,233,189,10117,330,31,-9999,-9999,-9999
3484,2017,5,27,18,244,194,10115,330,31,-9999,-9999,-9999
3485,2017,5,27,19,250,194,10113,0,0,-9999,-9999,-9999
3486,2017,5,27,20,256,194,10106,320,36,4,-9999,-9999
3487,2017,5,27,21,261,194,10101,310,31,-9999,-9999,-9999
3488,2017,5,27,22,261,189,10099,330,41,-9999,-9999,-9999
3489,2017,5,27,23,261,183,10102,340,36,-9999,-9999,-9999
3490,2017,5,28,0,244,189,10101,360,21,0,-9999,-9999
3491,2017,5,28,1,222,189,10102,70,21,-9999,-9999,-9999
3492,2017,5,28,2,222,194,10106,90,15,-9999,-9999,-9999
3493,2017,5,28,3,206,183,10105,80,26,0,-9999,-9999
3494,2017,5,28,4,194,183,10097,50,31,4,-9999,-9999
3495,2017,5,28,5,194,178,10094,80,21,-9999,-9999,-9999
3496,2017,5,28,6,189,178,10086,80,26,2,-9999,-9999
3497,2017,5,28,7,183,172,10084,80,26,2,-9999,-9999
3498,2017,5,28,8,172,167,10085,60,15,0,-9999,-9999
3499,2017,5,28,9,167,167,10079,110,21,0,-9999,-9999
3500,2017,5,28,10,178,172,10079,200,21,0,-9999,-9999
3501,2017,5,28,11,178,167,10078,180,41,-9999,-9999,-9999
3502,2017,5,28,12,183,167,10079,200,26,-9999,-9999,-9999
3503,2017,5,28,13,189,172,10081,220,26,-9999,-9999,-9999
3504,2017,5,28,14,206,172,10083,220,51,2,-9999,-9999
3505,2017,5,28,15,222,178,10077,210,51,2,-9999,-9999
3506,2017,5,28,16,228,172,10078,190,46,0,-9999,-9999
3507,2017,5,28,17,228,172,10077,210,46,4,-9999,-9999
3508,2017,5,28,18,244,178,10074,240,62,-9999,-9999,-9999
3509,2017,5,28,19,244,172,10073,230,82,-9999,-9999,-9999
3510,2017,5,28,20,250,178,10073,250,82,-9999,-9999,-9999
3511,2017,5,28,21,239,167,10074,240,77,-9999,-9999,-9999
3512,2017,5,28,22,239,161,10075,220,72,-9999,-9999,-9999
3513,2017,5,28,23,228,167,10074,220,72,0,-9999,-9999
3514,2017,5,29,0,217,161,10078,230,62,4,-9999,-9999
3515,2017,5,29,1,206,167,10086,240,41,-9999,-9999,-9999
3516,2017,5,29,2,194,167,10078,-9999,21,-9999,3,-9999
3517,2017,5,29,3,183,156,10090,240,46,-9999,-1,-9999
3518,2017,5,29,4,178,150,10094,260,26,-9999,-1,-9999
3519,2017,5,29,5,178,156,10095,260,41,-9999,-1,-9999
3520,2017,5,29,6,167,156,10101,250,36,0,-9999,3
3521,2017,5,29,7,161,150,10104,240,26,0,-9999,-9999
3522,2017,5,29,8,156,150,10102,220,31,0,-9999,-9999
3523,2017,5,29,9,150,144,10105,230,31,2,-9999,-9999
3524,2017,5,29,10,150,144,10111,210,26,0,-9999,-9999
3525,2017,5,29,11,156,150,10124,220,36,-9999,-9999,-9999
3526,2017,5,29,12,167,156,10128,230,31,0,-9999,-9999
3527,2017,5,29,13,189,161,10128,250,36,0,-9999,-9999
3528,2017,5,29,14,211,156,10126,230,36,0,-9999,-9999
3529,2017,5,29,15,228,156,10127,220,41,0,-9999,-9999
3530,2017,5,29,16,244,128,10127,230,57,0,-9999,-9999
3531,2017,5,29,17,250,122,10128,230,93,2,-9999,-9999
3532,2017,5,29,18,261,128,10129,240,67,-9999,-9999,-9999
3533,2017,5,29,19,261,128,10129,230,77,-9999,-9999,-9999
3534,2017,5,29,20,267,133,10127,220,77,-9999,-1,-9999
3535,2017,5,29,21,256,117,10128,240,67,-9999,-9999,-9999
3536,2017,5,29,22,250,128,10128,230,51,4,-9999,-9999
3537,2017,5,29,23,250,122,10124,230,36,-9999,-9999,-9999
3538,2017,5,30,0,233,133,10127,200,21,-9999,-9999,-1
3539,2017,5,30,1,217,133,10128,200,15,0,-9999,-9999
3540,2017,5,30,2,211,128,10129,220,31,0,-9999,-9999
3541,2017,5,30,3,206,128,10137,310,62,-9999,-9999,-9999
3542,2017,5,30,4,200,122,10132,190,15,0,-9999,-9999
3543,2017,5,30,5,194,128,10133,200,26,0,-9999,-9999
3544,2017,5,30,6,183,128,10136,0,0,0,-9999,-9999
3545,2017,5,30,7,167,128,10140,280,15,0,-9999,-9999
3546,2017,5,30,8,150,128,10142,290,31,4,-9999,-9999
3547,2017,5,30,9,144,122,10141,0,0,2,-9999,-9999
3548,2017,5,30,10,133,122,10150,260,15,0,-9999,-9999
3549,2017,5,30,11,139,128,10160,240,26,0,-9999,-9999
3550,2017,5,30,12,167,133,10162,230,31,0,-9999,-9999
3551,2017,5,30,13,189,133,10161,210,26,0,-9999,-9999
3552,2017,5,30,14,217,122,10157,220,31,0,-9999,-9999
3553,2017,5,30,15,239,100,10157,280,41,0,-9999,-9999
3554,2017,5,30,16,244,89,10160,250,62,0,-9999,-9999
3555,2017,5,30,17,250,100,10160,260,72,2,-9999,-9999
3556,2017,5,30,18,244,89,10157,260,72,-9999,-9999,-9999
3557,2017,5,30,20,256,100,10150,280,72,-9999,-9999,-9999
3558,2017,5,30,21,256,94,10151,270,72,4,-9999,-9999
3559,2017,5,30,22,239,94,10151,280,67,4,-9999,-9999
3560,2017,5,30,23,239,83,10148,290,57,2,-9999,-9999
3561,2017,5,31,0,228,83,10153,290,67,0,-9999,-9999
3562,2017,5,31,1,200,83,10158,280,31,0,-9999,-9999
3563,2017,5,31,2,178,78,10162,270,21,0,-9999,-9999
3564,2017,5,31,3,167,78,10163,250,15,0,-9999,-9999
3565,2017,5,31,4,139,89,10164,0,0,0,-9999,-9999
3566,2017,5,31,5,139,89,10166,210,26,0,-9999,-9999
3567,2017,5,31,6,144,83,10164,210,31,0,-9999,-9999
3568,2017,5,31,7,150,72,10160,200,21,0,-9999,-9999
3569,2017,5,31,8,150,72,10158,200,21,2,-9999,-9999
3570,2017,5,31,9,128,78,10160,220,21,0,-9999,-9999
3571,2017,5,31,10,139,83,10167,230,36,-9999,-9999,-9999
3572,2017,5,31,11,133,89,10174,0,0,-9999,-9999,-9999
3573,2017,5,31,12,156,89,10167,210,41,-9999,-1,-1
3574,2017,5,31,13,183,106,10165,210,57,0,-1,-9999
3575,2017,5,31,14,206,111,10163,220,57,0,-9999,-9999
3576,2017,5,31,15,206,111,10163,240,51,-9999,-9999,-9999
3577,2017,5,31,16,233,111,10162,240,51,0,-9999,-9999
3578,2017,5,31,17,244,111,10161,250,88,-9999,-9999,-9999
3579,2017,5,31,18,256,94,10151,240,67,2,-9999,-1
3580,2017,5,31,19,267,94,10147,260,103,4,-9999,-9999
3581,2017,5,31,20,261,72,10146,250,88,4,-9999,-9999
3582,2017,5,31,21,256,83,10142,260,98,2,-9999,-9999
3583,2017,5,31,22,250,67,10143,270,103,2,-9999,-9999
3584,2017,5,31,23,239,67,10146,280,72,4,-9999,-9999
3585,2017,6,1,0,228,61,10149,280,72,0,-9999,-9999
3586,2017,6,1,1,206,67,10154,280,31,0,-9999,-9999
3587,2017,6,1,2,183,67,10159,290,15,0,-9999,-9999
3588,2017,6,1,3,172,61,10167,290,15,0,-9999,-9999
3589,2017,6,1,4,156,61,10167,300,15,2,-9999,-9999
3590,2017,6,1,5,161,67,10174,360,15,0,-9999,-9999
3591,2017,6,1,6,144,72,10178,0,0,0,-9999,-9999
3592,2017,6,1,7,128,83,10178,0,0,0,-9999,-9999
3593,2017,6,1,8,117,83,10178,0,0,0,-9999,-9999
3594,2017,6,1,10,100,89,10184,210,21,0,-9999,-9999
3595,2017,6,1,11,106,83,10189,0,0,0,-9999,-9999
3596,2017,6,1,12,144,100,10193,230,21,0,-9999,-9999
3597,2017,6,1,13,172,89,10195,200,15,0,-9999,-9999
3598,2017,6,1,14,200,83,10197,230,26,0,-9999,-9999
3599,2017,6,1,15,217,78,10195,300,31,0,-9999,-9999
3600,2017,6,1,16,228,67,10197,270,31,0,-9999,-9999
3601,2017,6,1,17,228,72,10193,320,31,0,-9999,-9999
3602,2017,6,1,18,239,67,10189,290,41,0,-9999,-9999
3603,2017,6,1,19,244,61,10183,320,36,0,-9999,-9999
3604,2017,6,1,20,256,61,10180,290,51,0,-9999,-9999
3605,2017,6,1,21,261,61,10176,320,31,0,-9999,-9999
3606,2017,6,1,22,256,61,10171,270,46,0,-9999,-9999
3607,2017,6,1,23,250,61,10165,280,41,0,-9999,-9999
3608,2017,6,2,0,239,61,10166,270,41,0,-9999,-9999
3609,2017,6,2,1,211,78,10167,240,21,0,-9999,-9999
3610,2017,6,2,2,183,83,10169,210,26,0,-9999,-9999
3611,2017,6,2,3,178,78,10173,220,26,0,-9999,-9999
3612,2017,6,2,4,150,89,10177,290,21,0,-9999,-9999
3613,2017,6,2,5,150,89,10177,260,15,0,-9999,-9999
3614,2017,6,2,6,139,89,10179,300,21,0,-9999,-9999
3615,2017,6,2,7,150,78,10178,310,15,0,-9999,-9999
3616,2017,6,2,8,133,89,10180,0,0,0,-9999,-9999
3617,2017,6,2,9,117,78,10185,290,15,0,-9999,-9999
3618,2017,6,2,10,111,89,10191,270,15,0,-9999,-9999
3619,2017,6,2,11,111,94,10198,0,0,0,-9999,-9999
3620,2017,6,2,12,150,100,10202,0,0,0,-9999,-9999
3621,2017,6,2,13,183,83,10206,50,21,0,-9999,-9999
3622,2017,6,2,14,211,61,10205,-9999,21,0,20,-9999
3623,2017,6,22,11,217,200,10154,210,26,0,0,-9999
3624,2017,6,22,12,228,200,10151,220,41,0,0,-9999
3625,2017,6,22,13,239,206,10158,230,26,0,0,-9999
3626,2017,6,22,14,250,211,10162,210,31,0,20,-9999
3627,2017,6,22,15,256,211,10159,210,31,0,0,-9999
3628,2017,6,22,16,272,211,10155,220,46,2,0,-9999
3629,2017,6,22,17,272,206,10155,220,62,4,0,-9999
3630,2017,6,22,18,278,211,10149,220,62,4,0,20
3631,2017,6,22,19,272,206,10145,210,51,-9999,0,-9999
3632,2017,6,22,20,272,211,10138,220,51,2,0,-9999
3633,2017,6,22,21,278,211,10132,200,57,-9999,0,-9999
3634,2017,6,22,22,267,200,10130,190,41,0,0,-9999
3635,2017,6,22,23,261,200,10125,210,67,-9999,0,-9999
3636,2017,6,23,0,250,194,10121,190,57,2,0,-9999
3637,2017,6,23,1,239,194,10121,190,36,-9999,0,-9999
3638,2017,6,23,2,228,200,10122,190,31,-9999,0,-9999
3639,2017,6,23,3,217,200,10123,180,36,-9999,0,-9999
3640,2017,6,23,4,217,200,10118,180,36,-9999,0,-9999
3641,2017,6,23,5,211,194,10110,190,36,-9999,0,-9999
3642,2017,6,23,6,206,200,10100,170,36,-9999,-1,-1
3643,2017,6,23,7,211,206,10090,200,41,-9999,8,-9999
3644,2017,6,23,8,217,211,10080,200,46,-9999,8,-9999
3645,2017,6,23,9,217,211,10077,220,51,-9999,-1,-9999
3646,2017,6,23,10,222,217,10075,220,41,-9999,-1,-9999
3647,2017,6,23,11,222,217,10072,210,36,-9999,-1,-9999
3648,2017,6,23,12,228,217,10069,220,36,-9999,-1,15
3649,2017,6,23,13,228,222,10068,220,46,-9999,-1,-9999
3650,2017,6,23,14,228,222,10068,230,72,-9999,3,-9999
3651,2017,6,23,15,217,211,10066,240,62,-9999,117,-9999
3652,2017,6,23,16,222,217,10060,220,57,-9999,86,-9999
3653,2017,6,23,17,200,190,-9999,290,62,-9999,41,-9999
3654,2017,6,23,18,200,194,10073,270,46,-9999,109,437
3655,2017,6,23,19,194,194,10072,0,0,-9999,86,-9999
3656,2017,6,23,20,200,194,10068,230,36,-9999,69,-9999
3657,2017,6,23,21,194,189,10062,230,31,-9999,76,-9999
3658,2017,6,23,22,200,194,10057,240,26,-9999,15,-9999
3659,2017,6,23,23,194,194,10056,170,21,-9999,25,-9999
3660,2017,6,24,0,194,194,10063,200,15,-9999,8,198
3661,2017,6,24,1,194,194,10059,230,15,-9999,-1,-9999
3662,2017,6,24,2,194,194,10071,240,21,-9999,0,-9999
3663,2017,6,24,3,200,194,10087,290,36,-9999,0,-9999
3664,2017,6,24,4,189,183,10099,270,36,0,-1,-9999
3665,2017,6,24,5,178,172,10104,250,36,0,0,-9999
3666,2017,6,24,6,172,167,10106,250,36,0,0,-1
3667,2017,6,24,7,167,161,10108,240,26,0,0,-9999
3668,2017,6,24,8,161,156,10109,220,21,0,0,-9999
3669,2017,6,24,9,161,156,10113,230,36,0,0,-9999
3670,2017,6,24,10,161,150,10117,230,36,0,0,-9999
3671,2017,6,24,11,167,156,10125,250,36,0,0,-9999
3672,2017,6,24,12,178,161,10130,280,36,0,0,-9999
3673,2017,6,24,13,189,156,10138,300,41,0,0,-9999
3674,2017,6,24,14,200,156,10143,310,51,0,0,-9999
3675,2017,6,24,15,211,156,10146,260,36,0,0,-9999
3676,2017,6,24,16,222,156,10147,270,41,-9999,0,-9999
3677,2017,6,24,17,228,150,10150,280,46,4,0,-9999
3678,2017,6,24,18,239,156,10151,250,62,-9999,0,-9999
3679,2017,6,24,19,233,150,10154,270,67,-9999,0,-9999
3680,2017,6,24,20,250,150,10152,270,51,-9999,0,-9999
3681,2017,6,24,21,250,139,10151,250,67,-9999,0,-9999
3682,2017,6,24,22,244,144,10150,270,51,0,0,-9999
3683,2017,6,24,23,233,133,10153,280,41,-9999,0,-9999
3684,2017,6,25,0,222,133,10157,300,51,2,0,-9999
3685,2017,6,25,1,211,122,10165,290,51,0,0,-9999
3686,2017,6,25,2,194,122,10176,290,36,0,0,-9999
3687,2017,6,25,3,183,122,10184,290,36,0,0,-9999
3688,2017,6,25,4,172,111,10186,290,41,0,0,-9999
3689,2017,6,25,5,167,106,10187,290,46,0,0,-9999
3690,2017,6,25,6,161,94,10188,280,41,0,0,-9999
3691,2017,6,25,7,144,94,10186,270,31,0,0,-9999
3692,2017,6,25,8,133,94,10185,250,26,0,0,-9999
3693,2017,6,25,9,122,94,10187,220,21,0,0,-9999
3694,2017,6,25,10,117,94,10191,230,26,0,0,-9999
3695,2017,6,25,11,128,100,10198,220,36,0,0,-9999
3696,2017,6,25,12,150,106,10201,220,26,0,0,-9999
3697,2017,6,25,13,172,117,10201,200,21,0,0,-9999
3698,2017,6,25,14,206,94,10198,260,77,0,0,-9999
3699,2017,6,25,15,217,100,10199,270,93,0,0,-9999
3700,2017,6,25,16,222,100,10198,280,108,0,0,-9999
3701,2017,6,25,17,233,117,10196,260,88,4,0,-9999
3702,2017,6,25,18,233,100,10195,270,72,4,0,-9999
3703,2017,6,25,19,233,100,10192,270,93,4,0,-9999
3704,2017,6,25,20,233,100,10192,260,93,4,0,-9999
3705,2017,6,25,21,228,94,10192,280,72,2,0,-9999
3706,2017,6,25,22,222,89,10192,310,67,2,0,-9999
3707,2017,6,25,23,217,89,10189,280,57,2,0,-9999
3708,2017,6,26,0,211,94,10191,290,46,2,0,-9999
3709,2017,6,26,1,189,94,10195,290,31,2,0,-9999
3710,2017,6,26,2,167,111,10197,270,15,-9999,0,-9999
3711,2017,6,26,3,167,117,10200,270,15,-9999,0,-9999
3712,2017,6,26,4,156,117,10200,250,21,-9999,0,-9999
3713,2017,6,26,5,139,117,10198,240,21,4,0,-9999
3714,2017,6,26,6,128,111,10197,220,21,0,0,-9999
3715,2017,6,26,7,133,111,10195,210,26,2,0,-9999
3716,2017,6,26,8,128,106,10193,250,26,-9999,0,-9999
3717,2017,6,26,9,128,100,10194,270,36,0,0,-9999
3718,2017,6,26,10,128,100,10199,270,36,0,0,-9999
3719,2017,6,26,11,128,100,10202,260,31,0,0,-9999
3720,2017,6,26,12,150,106,10202,290,46,0,0,-9999
3721,2017,6,26,13,167,111,10205,300,46,0,0,-9999
3722,2017,6,26,14,178,117,10207,300,51,4,0,-9999
3723,2017,6,26,15,189,111,10206,290,72,-9999,0,-9999
3724,2017,6,26,16,200,100,10207,300,67,-9999,0,-9999
3725,2017,6,26,17,206,94,10205,290,62,2,0,-9999
3726,2017,6,26,18,211,83,10198,270,62,4,0,-9999
3727,2017,6,26,19,217,83,10200,300,62,-9999,0,-9999
3728,2017,6,26,20,222,94,10191,270,46,4,0,-9999
3729,2017,6,26,21,211,83,10186,260,57,-9999,0,-9999
3730,2017,6,26,22,200,89,10178,240,51,-9999,0,-9999
3731,2017,6,26,23,161,122,10180,290,41,-9999,0,-9999
3732,2017,6,27,0,167,128,10178,220,26,-9999,5,8
3733,2017,6,27,1,167,128,10175,240,21,2,3,-9999
3734,2017,6,27,2,144,122,10178,340,57,2,0,-9999
3735,2017,6,27,3,133,100,10183,340,15,-9999,0,-9999
3736,2017,6,27,4,133,111,10182,0,0,4,0,-9999
3737,2017,6,27,5,122,111,10182,240,26,-9999,0,-9999
3738,2017,6,27,6,117,106,10183,230,31,0,0,-9999
3739,2017,6,27,7,111,100,10184,250,26,0,0,-9999
3740,2017,6,27,8,111,100,10184,270,26,0,0,-9999
3741,2017,6,27,10,100,94,10193,290,26,0,0,-9999
3742,2017,6,27,11,111,100,10199,250,26,0,0,-9999
3743,2017,6,27,12,133,111,10204,260,31,0,0,-9999
3744,2017,6,27,13,150,106,10207,310,26,0,0,-9999
3745,2017,6,27,14,167,106,10211,310,41,4,0,-9999
3746,2017,6,27,16,189,100,10209,320,46,-9999,0,-9999
3747,2017,6,27,17,189,94,10207,290,36,-9999,0,-9999
3748,2017,6,27,18,200,94,10206,280,41,4,0,-9999
3749,2017,6,27,19,211,89,10203,280,36,4,0,-9999
3750,2017,6,27,20,211,94,10201,260,41,2,0,-9999
3751,2017,6,27,21,217,78,10197,-9999,26,4,0,-9999
3752,2017,6,27,22,217,72,10196,310,26,2,0,-9999
3753,2017,6,27,23,211,72,10194,290,21,0,0,-9999
3754,2017,6,28,0,200,83,10194,-9999,-9999,0,0,-9999
3755,2017,6,28,1,189,83,10194,0,0,0,0,-9999
3756,2017,6,28,2,150,111,10195,0,0,0,0,-9999
3757,2017,6,28,3,144,100,10202,0,0,0,0,-9999
3758,2017,6,28,4,128,100,10202,0,0,0,0,-9999
3759,2017,6,28,5,117,100,10209,0,0,0,0,-9999
3760,2017,6,28,6,111,94,10207,0,0,0,0,-9999
3761,2017,6,28,7,106,94,10207,0,0,0,0,-9999
3762,2017,6,28,8,111,89,10208,190,15,0,0,-9999
3763,2017,6,28,9,122,89,10205,180,15,0,0,-9999
3764,2017,6,28,10,89,78,10202,120,15,0,0,-9999
3765,2017,6,28,11,106,89,10214,0,0,0,0,-9999
3766,2017,6,28,12,156,117,10215,170,21,0,0,-9999
3767,2017,6,28,13,183,117,10217,180,15,0,0,-9999
3768,2017,6,28,14,206,122,10217,190,26,0,0,-9999
3769,2017,6,28,15,217,117,10216,180,41,0,0,-9999
3770,2017,6,28,16,222,111,10219,220,36,0,0,-9999
3771,2017,6,28,17,239,111,10213,240,41,0,0,-9999
3772,2017,6,28,18,233,111,10209,220,46,0,0,-9999
3773,2017,6,28,19,239,111,10200,190,26,0,0,-9999
3774,2017,6,28,20,250,122,10191,190,41,0,0,-9999
3775,2017,6,28,21,250,122,10183,180,46,0,0,-9999
3776,2017,6,28,22,250,128,10178,200,36,0,0,-9999
3777,2017,6,28,23,250,122,10170,180,41,0,0,-9999
3778,2017,6,29,0,233,122,10166,170,46,0,0,-9999
3779,2017,6,29,1,217,122,10164,170,31,0,0,-9999
3780,2017,6,29,2,200,122,10163,160,31,0,0,-9999
3781,2017,6,29,3,189,128,10169,180,21,0,0,-9999
3782,2017,6,29,5,178,128,10169,180,36,0,0,-9999
3783,2017,6,29,6,183,128,10162,180,36,0,0,-9999
3784,2017,6,29,7,189,128,10162,200,26,0,0,-9999
3785,2017,6,29,8,178,128,10157,190,26,0,0,-9999
3786,2017,6,29,9,178,128,10157,200,21,0,0,-9999
3787,2017,6,29,10,194,128,10159,200,41,0,0,-9999
3788,2017,6,29,11,200,128,10158,210,36,-9999,0,-9999
3789,2017,6,29,12,206,133,10155,200,57,0,0,-9999
3790,2017,6,29,13,222,150,10152,210,72,0,0,-9999
3791,2017,6,29,14,239,167,10148,210,62,0,0,-9999
3792,2017,6,29,15,250,178,10147,210,62,0,0,-9999
3793,2017,6,29,16,272,194,10146,210,88,-9999,0,-9999
3794,2017,6,29,17,278,200,10151,220,57,-9999,0,-9999
3795,2017,6,29,18,289,189,10147,230,88,-9999,0,-9999
3796,2017,6,29,19,294,189,10143,240,82,-9999,0,-9999
3797,2017,6,29,20,300,189,10139,220,72,0,0,-9999
3798,2017,6,29,21,300,183,10137,230,72,0,0,-9999
3799,2017,6,29,22,294,183,10133,220,77,0,-9999,-9999
3800,2017,6,29,23,294,189,10134,240,88,-9999,-9999,-9999
3801,2017,6,30,0,283,194,10138,220,46,-9999,-9999,-9999
3802,2017,6,30,1,261,194,10135,180,21,0,0,-9999
3803,2017,6,30,2,250,200,10133,180,36,0,0,-9999
3804,2017,6,30,3,244,200,10138,200,21,-9999,0,-9999
3805,2017,6,30,4,244,200,10137,200,41,-9999,0,-9999
3806,2017,6,30,5,239,200,10136,200,36,-9999,0,-9999
3807,2017,6,30,6,239,200,10137,200,36,-9999,0,-9999
3808,2017,6,30,7,233,200,10135,210,51,-9999,0,-9999
3809,2017,6,30,8,233,200,10131,210,41,-9999,0,-9999
3810,2017,6,30,9,222,200,10131,210,41,-9999,0,-9999
3811,2017,6,30,10,222,200,10137,220,46,-9999,0,-9999
3812,2017,6,30,11,222,200,10143,220,46,-9999,0,-9999
3813,2017,6,30,12,222,206,10146,210,46,-9999,0,3
3814,2017,6,30,13,222,206,10145,210,36,-9999,3,-9999
3815,2017,6,30,14,228,206,10146,230,31,-9999,0,-9999
3816,2017,6,30,15,233,211,10146,220,36,-9999,0,-9999
3817,2017,6,30,16,233,211,10146,210,31,-9999,0,-9999
3818,2017,6,30,17,250,211,10142,210,36,-9999,0,-9999
3819,2017,6,30,18,261,217,10142,200,26,-9999,0,-9999
3820,2017,6,30,19,267,217,10134,180,46,-9999,0,-9999
3821,2017,6,30,20,278,211,10122,190,41,4,0,-9999
3822,2017,6,30,21,267,211,10121,210,41,-9999,0,-9999
3823,2017,6,30,22,261,211,10118,210,46,-9999,-1,-9999
3824,2017,6,30,23,267,217,10112,190,36,0,-9999,-9999
3825,2017,7,1,0,261,222,10115,0,0,0,-9999,-1
3826,2017,7,1,1,250,222,10112,170,15,0,-9999,-9999
3827,2017,7,1,2,239,217,10118,0,0,-9999,-9999,-9999
3828,2017,7,1,3,217,194,10113,60,46,-9999,-9999,-9999
3829,2017,7,1,4,206,200,10126,0,0,-9999,27,-9999
3830,2017,7,1,5,200,200,10117,150,15,-9999,28,-9999
3831,2017,7,1,6,200,194,10108,160,21,-9999,15,53
3832,2017,7,1,7,194,189,10108,240,21,4,10,-9999
3833,2017,7,1,8,200,194,10110,250,31,-9999,10,-9999
3834,2017,7,1,9,200,194,10113,250,31,-9999,10,-9999
3835,2017,7,1,10,200,189,10118,250,46,-9999,5,-9999
3836,2017,7,1,11,194,189,10127,260,51,-9999,8,-9999
3837,2017,7,1,12,206,194,10135,240,41,-9999,5,43
3838,2017,7,1,13,217,200,10139,260,57,-9999,5,-9999
3839,2017,7,1,14,228,200,10147,270,67,-9999,3,-9999
3840,2017,7,1,15,239,206,10150,250,57,-9999,3,-9999
3841,2017,7,1,16,244,206,10150,240,46,-9999,3,-9999
3842,2017,7,1,17,244,206,10153,230,46,-9999,0,-9999
3843,2017,7,1,18,256,200,10150,260,41,-9999,3,13
3844,2017,7,1,19,261,200,10152,270,36,-9999,3,-9999
3845,2017,7,1,20,267,189,10148,250,51,-9999,0,-9999
3846,2017,7,1,21,261,200,10143,220,36,-9999,3,-9999
3847,2017,7,1,22,261,200,10142,260,31,-9999,3,-9999
3848,2017,7,1,23,261,172,10147,280,46,0,0,-9999
3849,2017,7,2,0,250,172,10151,260,46,0,3,8
3850,2017,7,2,1,228,178,10158,350,26,-9999,0,-9999
3851,2017,7,2,2,222,189,10161,0,0,-9999,0,-9999
3852,2017,7,2,3,200,183,10169,0,0,2,3,-9999
3853,2017,7,2,4,200,189,10171,0,0,0,-1,-9999
3854,2017,7,2,5,189,183,10171,220,26,0,3,-9999
3855,2017,7,2,6,189,178,10173,220,21,0,3,-9999
3856,2017,7,2,7,189,183,10171,240,15,-9999,0,-9999
3857,2017,7,2,8,189,183,10169,220,15,-9999,3,-9999
3858,2017,7,2,9,178,172,10172,220,15,0,0,-9999
3859,2017,7,2,10,172,172,10178,220,21,0,3,-9999
3860,2017,7,2,11,167,167,10181,0,0,0,0,-9999
3861,2017,7,2,12,194,183,10186,220,26,0,3,8
3862,2017,7,2,13,222,189,10189,240,31,0,0,-9999
3863,2017,7,2,14,244,183,10191,240,31,0,3,-9999
3864,2017,7,2,15,256,178,10191,260,51,0,0,-9999
3865,2017,7,2,16,272,172,10191,260,77,4,3,-9999
3866,2017,7,2,17,272,167,10189,280,62,4,3,-9999
3867,2017,7,2,18,278,161,10188,270,67,2,3,13
3868,2017,7,2,19,283,161,10184,250,67,4,3,-9999
3869,2017,7,2,20,283,156,10180,260,62,0,3,-9999
3870,2017,7,2,21,283,161,10179,280,57,2,3,-9999
3871,2017,7,2,22,278,161,10178,280,51,2,3,-9999
3872,2017,7,2,23,278,156,10179,280,46,0,3,-9999
3873,2017,7,3,0,267,156,10180,310,36,0,3,15
3874,2017,7,3,1,244,156,10179,330,15,0,3,-9999
3875,2017,7,3,2,211,167,10181,0,0,0,5,-9999
3876,2017,7,3,3,189,172,10184,0,0,0,3,-9999
3877,2017,7,3,4,183,161,10183,200,21,0,0,-9999
3878,2017,7,3,5,178,161,10188,0,0,0,3,-9999
3879,2017,7,3,6,178,156,10182,0,0,0,0,10
3880,2017,7,3,7,167,156,10178,0,0,0,3,-9999
3881,2017,7,3,8,161,150,10176,0,0,0,0,-9999
3882,2017,7,3,9,172,150,10175,190,15,0,0,-9999
3883,2017,7,3,10,156,144,10179,0,0,0,0,-9999
3884,2017,7,3,11,167,150,10186,0,0,0,3,-9999
3885,2017,7,3,12,194,178,10190,0,0,0,0,5
3886,2017,7,3,13,228,178,10190,240,26,0,0,-9999
3887,2017,7,3,14,256,183,10190,280,41,0,3,-9999
3888,2017,7,3,15,272,183,10191,300,41,0,3,-9999
3889,2017,7,3,16,278,189,10191,290,26,4,5,-9999
3890,2017,7,3,17,283,189,10188,260,36,2,5,-9999
3891,2017,7,3,18,289,183,10183,240,15,2,10,28
3892,2017,7,3,19,294,183,10179,-9999,26,2,3,-9999
3893,2017,7,3,20,300,178,10177,290,26,0,0,-9999
3894,2017,7,3,21,294,194,10170,180,26,2,0,-9999
3895,2017,7,3,22,278,194,10167,180,31,0,0,-9999
3896,2017,7,3,23,272,200,10165,200,15,0,0,-9999
3897,2017,7,4,0,261,200,10168,210,21,0,0,-9999
3898,2017,7,4,1,250,200,10170,0,0,0,0,-9999
3899,2017,7,4,2,239,206,10176,0,0,-9999,0,-9999
3900,2017,7,4,3,222,194,10181,50,36,0,0,-9999
3901,2017,7,4,4,206,194,10178,130,21,0,0,-9999
3902,2017,7,4,5,194,183,10175,80,21,0,0,-9999
3903,2017,7,4,6,194,183,10174,100,26,0,0,-9999
3904,2017,7,4,7,189,183,10169,30,21,0,0,-9999
3905,2017,7,4,8,189,183,10171,0,0,0,0,-9999
3906,2017,7,4,9,183,178,10173,40,15,0,0,-9999
3907,2017,7,4,10,178,172,10179,20,21,0,0,-9999
3908,2017,7,4,11,183,178,10181,90,15,0,0,-9999
3909,2017,7,4,12,211,194,10185,90,21,0,0,-9999
3910,2017,7,4,13,228,206,10188,90,41,0,0,-9999
3911,2017,7,4,14,239,206,10189,80,41,0,0,-9999
3912,2017,7,4,15,256,211,10186,90,41,0,0,-9999
3913,2017,7,4,16,267,211,10187,80,41,-9999,0,-9999
3914,2017,7,4,17,278,211,10188,120,21,-9999,0,-9999
3915,2017,7,4,18,278,206,10185,80,36,-9999,0,-9999
3916,2017,7,4,19,278,206,10179,70,36,-9999,0,-9999
3917,2017,7,4,20,283,206,10176,50,46,-9999,0,-9999
3918,2017,7,4,21,272,200,10173,50,41,-9999,0,-9999
3919,2017,7,4,22,283,200,10168,50,31,-9999,0,-9999
3920,2017,7,4,23,267,200,10172,-9999,-9999,-9999,0,-9999
3921,2017,7,5,0,250,206,10176,220,31,-9999,0,-9999
3922,2017,7,5,1,239,206,10180,0,0,-9999,0,-9999
3923,2017,7,5,2,222,200,10186,350,15,0,0,-9999
3924,2017,7,5,3,211,189,10188,50,41,0,0,-9999
3925,2017,7,5,4,206,167,10190,50,31,0,0,-9999
3926,2017,7,5,5,189,156,10191,50,31,0,0,-9999
3927,2017,7,5,6,183,156,10190,60,26,0,0,-9999
3928,2017,7,5,7,178,150,10187,60,26,0,0,-9999
3929,2017,7,5,8,172,144,10188,60,21,0,0,-9999
3930,2017,7,5,9,167,144,10190,50,21,0,0,-9999
3931,2017,7,5,10,167,144,10196,50,21,0,0,-9999
3932,2017,7,5,11,167,144,10200,60,21,0,0,-9999
3933,2017,7,5,12,194,156,10202,80,21,0,0,-9999
3934,2017,7,5,13,211,172,10204,100,21,0,0,-9999
3935,2017,7,5,14,228,172,10204,100,26,0,0,-9999
3936,2017,7,5,15,239,183,10203,110,26,0,0,-9999
3937,2017,7,5,16,250,189,10203,130,21,0,0,-9999
3938,2017,7,5,17,267,189,10200,-9999,21,0,0,-9999
3939,2017,7,5,18,272,194,10196,130,31,4,0,-9999
3940,2017,7,5,19,278,194,10196,-9999,21,2,0,-9999
3941,2017,7,5,20,283,194,10191,120,31,2,0,-9999
3942,2017,7,5,21,278,194,10187,140,26,0,0,-9999
3943,2017,7,5,22,278,189,10180,90,15,0,0,-9999
3944,2017,7,5,23,272,194,10180,0,0,2,0,-9999
3945,2017,7,6,0,261,200,10182,70,15,0,0,-9999
3946,2017,7,6,1,250,200,10177,90,15,0,0,-9999
3947,2017,7,6,2,239,200,10177,0,0,0,0,-9999
3948,2017,7,6,4,222,200,10178,90,15,0,0,-9999
3949,2017,7,6,5,222,194,10179,0,0,0,0,-9999
3950,2017,7,6,6,222,189,10175,0,0,-9999,0,-9999
3951,2017,7,6,7,206,189,10174,340,15,2,0,-9999
3952,2017,7,6,8,211,194,10170,0,0,2,0,-9999
3953,2017,7,6,9,206,189,10167,0,0,0,0,-9999
3954,2017,7,6,10,206,200,10164,160,26,0,0,-9999
3955,2017,7,6,11,211,206,10163,180,15,0,0,-9999
3956,2017,7,6,12,217,206,10168,0,0,4,0,-9999
3957,2017,7,6,13,217,206,10172,0,0,-9999,0,-9999
3958,2017,7,6,14,217,206,10168,60,31,-9999,5,-9999
3959,2017,7,6,15,206,200,10174,310,36,-9999,18,-9999
3960,2017,7,6,16,200,189,10177,360,26,-9999,94,-9999
3961,2017,7,6,17,217,200,10171,20,26,-9999,135,-9999
3962,2017,7,6,18,222,200,10164,30,41,-9999,91,394
3963,2017,7,6,19,233,200,10155,90,31,4,53,-9999
3964,2017,7,6,20,239,206,10151,60,26,-9999,33,-9999
3965,2017,7,6,21,239,206,10151,40,21,2,20,-9999
3966,2017,7,6,22,244,206,10144,-9999,15,4,3,-9999
3967,2017,7,6,23,239,206,10140,360,31,-9999,-1,-9999
3968,2017,7,7,1,233,211,10148,0,0,0,0,-9999
3969,2017,7,7,2,217,206,10147,290,15,0,0,-9999
3970,2017,7,7,3,200,200,10149,300,21,0,0,-9999
3971,2017,7,7,4,194,194,10147,270,21,0,0,-9999
3972,2017,7,7,5,189,189,10149,290,21,0,0,-9999
3973,2017,7,7,6,189,183,10151,260,26,0,0,-9999
3974,2017,7,7,7,183,183,10147,240,26,0,0,-9999
3975,2017,7,7,8,189,189,10142,220,26,0,0,-9999
3976,2017,7,7,9,194,189,10141,220,31,0,0,-9999
3977,2017,7,7,10,189,183,10143,240,26,0,0,-9999
3978,2017,7,7,11,189,183,10145,220,31,0,0,-9999
3979,2017,7,7,12,206,194,10141,230,41,0,0,-9999
3980,2017,7,7,13,228,211,10142,230,36,0,0,-9999
3981,2017,7,7,14,250,217,10138,220,41,0,0,-9999
3982,2017,7,7,15,261,222,10135,250,46,0,0,-9999
3983,2017,7,7,16,278,222,10129,240,57,2,0,-9999
3984,2017,7,7,17,283,228,10127,250,51,-9999,0,-9999
3985,2017,7,7,18,194,178,10142,360,46,-9999,0,13
3986,2017,7,7,19,189,178,10137,0,0,-9999,13,-9999
3987,2017,7,7,20,233,200,10123,0,0,-9999,15,-9999
3988,2017,7,7,21,228,211,10119,70,26,-9999,-1,-9999
3989,2017,7,7,22,194,172,10144,310,67,-9999,5,-9999
3990,2017,7,7,23,183,167,10128,0,0,-9999,15,-9999
3991,2017,7,8,0,183,167,10101,140,31,0,25,84
3992,2017,7,8,1,183,172,10106,220,21,0,23,-9999
3993,2017,7,8,2,178,172,10111,230,15,0,23,-9999
3994,2017,7,8,3,178,167,10120,0,0,0,0,-9999
3995,2017,7,8,4,172,167,10123,230,26,0,0,-9999
3996,2017,7,8,5,172,167,10122,220,26,2,0,-9999
3997,2017,7,8,6,178,172,10118,240,41,-9999,0,23
3998,2017,7,8,7,183,178,10121,250,36,-9999,0,-9999
3999,2017,7,8,8,183,172,10121,280,36,-9999,0,-9999
4000,2017,7,8,9,178,172,10124,290,36,-9999,0,-9999
4001,2017,7,8,10,178,172,10126,300,31,-9999,0,-9999
4002,2017,7,8,11,183,178,10135,280,41,-9999,0,-9999
4003,2017,7,8,12,189,178,10141,290,41,-9999,0,-9999
4004,2017,7,8,13,194,178,10146,310,36,-9999,0,-9999
4005,2017,7,8,14,206,178,10148,310,41,4,0,-9999
4006,2017,7,8,15,222,178,10150,300,36,4,0,-9999
4007,2017,7,8,16,233,178,10151,300,46,2,0,-9999
4008,2017,7,8,17,239,167,10155,290,51,2,0,-9999
4009,2017,7,8,18,250,161,10154,310,62,4,0,-9999
4010,2017,7,8,19,250,156,10154,290,41,2,0,-9999
4011,2017,7,8,20,250,161,10153,320,62,2,0,-9999
4012,2017,7,8,21,256,156,10152,300,67,2,0,-9999
4013,2017,7,8,22,250,150,10150,320,51,0,0,-9999
4014,2017,7,8,23,244,150,10150,310,41,0,0,-9999
4015,2017,7,9,0,239,150,10154,310,41,0,0,-9999
4016,2017,7,9,1,211,150,10158,330,31,0,0,-9999
4017,2017,7,9,2,194,150,10167,320,21,0,0,-9999
4018,2017,7,9,3,189,144,10175,320,21,0,0,-9999
4019,2017,7,9,4,178,144,10179,0,0,0,0,-9999
4020,2017,7,9,5,161,150,10181,290,26,0,0,-9999
4021,2017,7,9,6,156,144,10181,280,15,0,0,-9999
4022,2017,7,9,7,150,139,10182,310,21,0,0,-9999
4023,2017,7,9,8,150,133,10180,320,21,0,0,-9999
4024,2017,7,9,9,139,128,10182,260,15,0,0,-9999
4025,2017,7,9,10,139,122,10184,0,0,0,0,-9999
4026,2017,7,9,11,128,122,10190,240,21,0,0,-9999
4027,2017,7,9,12,161,133,10192,290,15,0,0,-9999
4028,2017,7,9,13,178,139,10196,0,0,0,0,-9999
4029,2017,7,9,14,200,150,10198,230,15,0,0,-9999
4030,2017,7,9,15,217,128,10198,230,26,0,0,-9999
4031,2017,7,9,16,233,117,10200,270,41,0,0,-9999
4032,2017,7,9,17,239,100,10198,280,51,0,0,-9999
4033,2017,7,9,18,244,78,10194,300,15,0,0,-9999
4034,2017,7,9,19,250,100,10191,280,36,0,0,-9999
4035,2017,7,9,20,256,111,10185,280,21,0,0,-9999
4036,2017,7,9,21,256,128,10183,270,41,0,0,-9999
4037,2017,7,9,22,256,139,10177,260,36,0,0,-9999
4038,2017,7,9,23,250,139,10176,250,31,0,0,-9999
4039,2017,7,10,0,233,150,10174,240,21,0,0,-9999
4040,2017,7,10,1,211,156,10173,0,0,0,0,-9999
4041,2017,7,10,2,189,161,10173,170,21,0,0,-9999
4042,2017,7,10,3,189,150,10174,170,26,0,0,-9999
4043,2017,7,10,4,194,144,10174,170,26,0,0,-9999
4044,2017,7,10,5,189,144,10172,170,21,0,0,-9999
4045,2017,7,10,6,189,144,10168,170,26,0,0,-9999
4046,2017,7,10,7,189,150,10163,180,26,0,0,-9999
4047,2017,7,10,8,194,144,10159,200,21,-9999,0,-9999
4048,2017,7,10,9,194,150,10152,190,31,2,0,-9999
4049,2017,7,10,10,194,150,10155,210,41,-9999,0,-9999
4050,2017,7,10,11,189,156,10151,210,46,0,0,-9999
4051,2017,7,10,12,200,178,10151,180,36,4,0,-1
4052,2017,7,10,13,217,183,10154,200,41,0,-1,-9999
4053,2017,7,10,14,228,194,10151,210,46,0,0,-9999
4054,2017,7,10,15,244,206,10147,230,62,0,0,-9999
4055,2017,7,10,16,250,206,10146,220,51,-9999,0,-9999
4056,2017,7,10,17,250,211,10144,210,36,2,0,-9999
4057,2017,7,10,18,267,222,10136,230,51,-9999,0,-9999
4058,2017,7,10,19,283,217,10125,230,82,-9999,0,-9999
4059,2017,7,10,20,283,217,10123,250,67,-9999,0,-9999
4060,2017,7,10,21,283,222,10124,240,57,-9999,0,-9999
4061,2017,7,10,22,283,217,10123,240,77,-9999,0,-9999
4062,2017,7,10,23,278,206,10128,240,77,4,0,-9999
4063,2017,7,11,0,267,200,10127,230,36,4,0,-9999
4064,2017,7,11,1,244,200,10131,220,21,0,0,-9999
4065,2017,7,11,2,244,194,10131,210,36,0,0,-9999
4066,2017,7,11,3,239,189,10135,190,26,-9999,0,-9999
4067,2017,7,11,4,228,200,10130,200,31,-9999,0,-9999
4068,2017,7,11,5,239,206,10130,-9999,21,-9999,13,-9999
4069,2017,7,11,6,222,206,10127,50,67,-9999,43,114
4070,2017,7,11,7,217,206,10135,110,26,-9999,61,-9999
4071,2017,7,11,8,217,194,10138,210,21,-9999,58,-9999
4072,2017,7,11,9,211,200,10123,200,41,2,43,-9999
4073,2017,7,11,10,206,194,10137,0,0,-9999,28,-9999
4074,2017,7,11,11,200,194,10141,0,0,2,10,-9999
4075,2017,7,11,12,222,211,10138,210,31,2,0,142
4076,2017,7,11,13,239,217,10140,230,57,0,0,-9999
4077,2017,7,11,14,256,222,10138,260,51,2,0,-9999
4078,2017,7,11,15,250,222,10146,230,51,-9999,0,-9999
4079,2017,7,11,16,250,222,10146,260,51,2,0,-9999
4080,2017,7,11,17,261,206,10145,260,67,0,0,-9999
4081,2017,7,11,18,261,194,10157,260,72,2,0,-9999
4082,2017,7,11,19,244,194,10161,260,82,2,0,-9999
4083,2017,7,11,20,228,189,10151,220,46,-9999,0,-9999
4084,2017,7,11,22,239,194,10147,300,41,0,-1,-9999
4085,2017,7,11,23,244,200,10152,250,21,0,0,-9999
4086,2017,7,12,0,244,200,10156,200,21,0,0,3
4087,2017,7,12,1,228,206,10160,0,0,0,0,-9999
4088,2017,7,12,2,222,206,10164,210,15,-9999,0,-9999
4089,2017,7,12,3,217,206,10171,190,21,-9999,0,-9999
4090,2017,7,12,4,211,206,10171,190,21,4,0,-9999
4091,2017,7,12,5,217,206,10167,200,26,0,0,-9999
4092,2017,7,12,6,217,211,10172,-9999,21,0,0,-9999
4093,2017,7,12,7,217,211,10164,210,31,0,0,-9999
4094,2017,7,12,8,222,211,10160,220,46,0,0,-9999
4095,2017,7,12,9,222,211,10167,210,26,4,0,-9999
4096,2017,7,12,10,217,211,10172,220,21,2,0,-9999
4097,2017,7,12,11,211,206,10178,220,15,0,0,-9999
4098,2017,7,12,12,222,211,10182,210,21,0,0,-9999
4099,2017,7,12,13,233,211,10183,200,26,0,0,-9999
4100,2017,7,12,14,244,217,10181,240,31,0,0,-9999
4101,2017,7,12,15,267,222,10184,240,36,0,0,-9999
4102,2017,7,12,16,278,222,10183,240,36,0,0,-9999
4103,2017,7,12,17,283,222,10178,210,36,0,0,-9999
4104,2017,7,12,18,294,222,10177,210,41,2,0,-9999
4105,2017,7,12,19,300,217,10175,230,67,2,0,-9999
4106,2017,7,12,20,300,217,10175,250,62,-9999,0,-9999
4107,2017,7,12,21,306,222,10165,240,46,2,0,-9999
4108,2017,7,12,22,294,222,10158,220,36,0,0,-9999
4109,2017,7,12,23,283,222,10157,210,31,0,0,-9999
4110,2017,7,13,0,278,228,10146,200,36,0,0,-9999
4111,2017,7,13,1,267,228,10153,200,31,0,0,-9999
4112,2017,7,13,2,261,222,10165,220,21,0,0,-9999
4113,2017,7,13,3,256,228,10172,200,21,0,0,-9999
4114,2017,7,13,4,250,228,10167,190,15,0,0,-9999
4115,2017,7,13,5,244,228,10169,200,15,0,0,-9999
4116,2017,7,13,6,250,228,10168,210,36,0,0,-9999
4117,2017,7,13,7,250,222,10164,220,51,2,0,-9999
4118,2017,7,13,8,244,222,10160,210,36,-9999,0,-9999
4119,2017,7,13,9,244,222,10161,210,31,-9999,0,-9999
4120,2017,7,13,10,239,222,10161,220,41,4,0,-9999
4121,2017,7,13,11,244,222,10165,220,51,-9999,0,-9999
4122,2017,7,13,12,239,222,10172,220,36,-9999,0,-1
4123,2017,7,13,13,239,222,10171,220,41,-9999,-1,-9999
4124,2017,7,13,14,239,228,10179,230,36,-9999,-1,-9999
4125,2017,7,13,15,233,217,10180,220,51,-9999,5,-9999
4126,2017,7,13,16,239,217,10180,210,46,-9999,-1,-9999
4127,2017,7,13,17,261,233,10181,230,51,-9999,0,-9999
4128,2017,7,13,18,272,239,10177,240,57,-9999,0,5
4129,2017,7,13,19,244,222,10174,210,26,0,-1,-9999
4130,2017,7,13,20,256,217,10177,180,21,4,3,-9999
4131,2017,7,13,21,283,244,10168,170,15,4,0,-9999
4132,2017,7,13,22,230,220,-9999,220,46,-9999,0,-9999
4133,2017,7,13,23,256,233,10163,160,26,-9999,3,-9999
4134,2017,7,14,0,250,233,10167,0,0,-9999,25,-9999
4135,2017,7,14,1,239,233,10169,270,15,-9999,30,-9999
4136,2017,7,14,2,217,211,10176,50,26,-9999,38,-9999
4137,2017,7,14,3,222,211,10177,150,26,-9999,53,-9999
4138,2017,7,14,4,217,211,10174,190,15,-9999,51,-9999
4139,2017,7,14,5,222,211,10172,190,26,-9999,43,-9999
4140,2017,7,14,6,222,217,10173,210,31,-9999,38,254
4141,2017,7,14,7,222,217,10173,230,21,-9999,30,-9999
4142,2017,7,14,8,222,217,10170,280,26,-9999,23,-9999
4143,2017,7,14,9,222,217,10172,240,31,-9999,18,-9999
4144,2017,7,14,10,222,217,10177,0,0,2,13,-9999
4145,2017,7,14,11,217,211,10176,290,21,0,10,-9999
4146,2017,7,14,12,228,222,10179,270,26,2,5,71
4147,2017,7,14,13,239,222,10182,270,21,2,0,-9999
4148,2017,7,14,14,250,222,10185,230,31,2,0,-9999
4149,2017,7,14,15,261,217,10183,260,46,-9999,3,-9999
4150,2017,7,14,16,272,217,10181,250,46,-9999,43,-9999
4151,2017,7,14,17,283,217,10178,270,51,4,0,-9999
4152,2017,7,14,18,283,211,10171,270,51,2,0,46
4153,2017,7,14,19,283,206,10165,280,51,-9999,0,-9999
4154,2017,7,14,20,289,194,10165,300,67,4,0,-9999
4155,2017,7,14,21,289,194,10166,290,62,0,0,-9999
4156,2017,7,14,22,272,189,10167,310,57,4,0,-9999
4157,2017,7,14,23,267,189,10166,300,46,0,0,-9999
4158,2017,7,15,0,261,189,10169,310,36,0,0,-9999
4159,2017,7,15,1,244,189,10168,300,31,-9999,0,-9999
4160,2017,7,15,2,233,178,10177,320,62,2,0,-9999
4161,2017,7,15,3,211,178,10184,320,41,0,0,-9999
4162,2017,7,15,4,206,178,10186,310,41,-9999,0,-9999
4163,2017,7,15,5,194,161,10190,300,31,2,0,-9999
4164,2017,7,15,6,183,161,10192,290,41,0,0,-9999
4165,2017,7,15,7,172,156,10190,310,36,0,0,-9999
4166,2017,7,15,8,161,150,10189,300,21,0,0,-9999
4167,2017,7,15,9,156,150,10191,300,26,0,0,-9999
4168,2017,7,15,10,156,150,10195,310,21,0,0,-9999
4169,2017,7,15,11,156,150,10199,300,21,2,0,-9999
4170,2017,7,15,12,161,156,10203,330,26,-9999,0,-9999
4171,2017,7,15,13,189,167,10204,360,31,4,0,-9999
4172,2017,7,15,14,206,167,10202,-9999,15,0,0,-9999
4173,2017,7,15,15,222,172,10205,0,0,2,0,-9999
4174,2017,7,15,16,228,167,10204,-9999,15,-9999,0,-9999
4175,2017,7,15,17,239,172,10201,-9999,26,4,0,-9999
4176,2017,7,15,18,250,172,10196,0,0,4,0,-9999
4177,2017,7,15,19,250,178,10193,-9999,15,4,0,-9999
4178,2017,7,15,20,256,172,10187,320,31,4,0,-9999
4179,2017,7,15,21,261,172,10180,340,21,2,0,-9999
4180,2017,7,15,22,261,172,10177,340,15,0,0,-9999
4181,2017,7,15,23,256,172,10172,300,26,0,0,-9999
4182,2017,7,16,0,250,172,10171,320,21,0,0,-9999
4183,2017,7,16,1,228,172,10171,320,21,0,0,-9999
4184,2017,7,16,2,211,172,10172,340,15,0,0,-9999
4185,2017,7,16,3,200,172,10173,350,15,0,0,-9999
4186,2017,7,16,4,189,167,10174,0,0,0,0,-9999
4187,2017,7,16,5,178,161,10175,0,0,0,0,-9999
4188,2017,7,16,6,167,161,10176,0,0,0,0,-9999
4189,2017,7,16,7,167,161,10171,0,0,0,0,-9999
4190,2017,7,16,8,172,161,10169,190,21,0,0,-9999
4191,2017,7,16,9,161,156,10172,0,0,0,0,-9999
4192,2017,7,16,10,161,156,10168,0,0,0,0,-9999
4193,2017,7,16,11,167,161,10170,0,0,0,0,-9999
4194,2017,7,16,12,183,172,10172,0,0,0,0,-1
4195,2017,7,16,13,211,178,10170,0,0,0,-1,-9999
4196,2017,7,16,14,233,189,10168,-9999,21,0,0,-9999
4197,2017,7,16,15,244,194,10167,240,36,2,0,-9999
4198,2017,7,16,16,250,194,10166,230,31,4,0,-9999
4199,2017,7,16,17,256,189,10164,270,46,2,0,-9999
4200,2017,7,16,18,267,189,10160,260,46,0,0,-9999
4201,2017,7,16,19,267,178,10157,260,36,0,0,-9999
4202,2017,7,16,20,278,194,10151,220,36,0,0,-9999
4203,2017,7,16,21,278,189,10149,260,41,0,0,-9999
4204,2017,7,16,22,272,183,10146,250,36,0,0,-9999
4205,2017,7,16,23,272,183,10144,240,26,0,0,-9999
4206,2017,7,17,0,261,183,10140,200,15,0,0,-9999
4207,2017,7,17,1,239,189,10141,180,21,-9999,0,-9999
4208,2017,7,17,2,228,200,10148,0,0,-9999,0,-9999
4209,2017,7,17,3,222,194,10156,290,21,-9999,0,-9999
4210,2017,7,17,4,211,189,10142,180,26,-9999,-1,-9999
4211,2017,7,17,5,211,167,10160,340,36,2,-1,-9999
4212,2017,7,17,6,200,172,10156,0,0,0,-1,-1
4213,2017,7,17,7,200,172,10141,10,31,0,0,-9999
4214,2017,7,17,8,189,172,10149,310,15,0,0,-9999
4215,2017,7,17,9,178,172,10149,330,21,0,0,-9999
4216,2017,7,17,10,172,167,10150,0,0,0,0,-9999
4217,2017,7,17,11,172,167,10153,70,21,4,0,-9999
4218,2017,7,17,12,189,189,10163,70,26,-9999,0,-9999
4219,2017,7,17,13,194,194,10170,90,15,-9999,0,-9999
4220,2017,7,17,14,206,194,10174,40,21,-9999,0,-9999
4221,2017,7,17,15,228,200,10174,40,26,-9999,0,-9999
4222,2017,7,17,16,233,200,10174,90,21,-9999,0,-9999
4223,2017,7,17,17,250,206,10171,-9999,15,4,0,-9999
4224,2017,7,17,18,267,206,10167,60,21,4,0,-9999
4225,2017,7,17,19,272,200,10166,90,15,-9999,0,-9999
4226,2017,7,17,20,267,200,10165,50,15,-9999,0,-9999
4227,2017,7,17,21,272,206,10160,110,26,0,0,-9999
4228,2017,7,17,22,278,211,10159,80,31,4,0,-9999
4229,2017,7,17,23,267,211,10160,90,21,2,0,-9999
4230,2017,7,18,0,261,211,10162,100,26,4,0,-9999
4231,2017,7,18,1,233,211,10164,60,31,0,0,-9999
4232,2017,7,18,2,228,206,10165,70,26,-9999,0,-9999
4233,2017,7,18,3,228,211,10172,260,31,-9999,0,-9999
4234,2017,7,18,4,211,194,10174,140,46,-9999,0,-9999
4235,2017,7,18,5,211,200,10172,110,15,-9999,30,-9999
4236,2017,7,18,6,206,200,10174,50,21,-9999,0,30
4237,2017,7,18,7,200,194,10174,50,21,2,0,-9999
4238,2017,7,18,8,200,194,10176,60,26,-9999,0,-9999
4239,2017,7,18,9,200,194,10178,90,26,2,0,-9999
4240,2017,7,18,10,194,189,10181,100,15,0,0,-9999
4241,2017,7,18,11,194,189,10183,0,0,0,0,-9999
4242,2017,7,18,12,211,200,10184,110,21,0,0,-9999
4243,2017,7,18,13,233,211,10188,150,21,0,0,-9999
4244,2017,7,18,14,250,217,10189,140,31,0,0,-9999
4245,2017,7,18,15,272,222,10187,170,31,0,0,-9999
4246,2017,7,18,16,283,217,10190,220,31,2,0,-9999
4247,2017,7,18,17,283,217,10189,240,31,4,0,-9999
4248,2017,7,18,18,294,217,10186,0,0,4,0,-9999
4249,2017,7,18,19,300,211,10183,220,41,2,0,-9999
4250,2017,7,18,20,306,211,10178,170,26,2,0,-9999
4251,2017,7,18,21,294,211,10178,230,21,-9999,0,-9999
4252,2017,7,18,22,300,217,10176,180,26,0,0,-9999
4253,2017,7,18,23,289,217,10175,180,31,0,0,-9999
4254,2017,7,19,0,283,222,10175,0,0,0,0,-9999
4255,2017,7,19,1,261,222,10175,170,21,0,0,-9999
4256,2017,7,19,2,256,217,10180,190,15,0,0,-9999
4257,2017,7,19,3,250,222,10187,220,21,-9999,0,-9999
4258,2017,7,19,4,239,222,10186,220,26,-9999,0,-9999
4259,2017,7,19,6,222,211,10182,210,15,0,0,-9999
4260,2017,7,19,7,211,206,10182,0,0,0,0,-9999
4261,2017,7,19,8,206,200,10184,250,15,0,0,-9999
4262,2017,7,19,9,200,194,10185,0,0,0,0,-9999
4263,2017,7,19,10,194,189,10189,0,0,2,0,-9999
4264,2017,7,19,11,194,194,10192,0,0,0,0,-9999
4265,2017,7,19,12,222,206,10193,0,0,0,0,-9999
4266,2017,7,19,13,244,217,10196,270,21,0,0,-9999
4267,2017,7,19,14,261,206,10197,260,26,0,0,-9999
4268,2017,7,19,16,278,206,10199,-9999,15,0,0,-9999
4269,2017,7,19,17,289,222,10199,330,36,-9999,0,-9999
4270,2017,7,19,18,300,211,10193,340,41,0,0,-9999
4271,2017,7,19,19,300,217,10191,250,21,-9999,0,-9999
4272,2017,7,19,20,306,206,10188,270,31,2,0,-9999
4273,2017,7,19,21,306,206,10185,320,36,0,0,-9999
4274,2017,7,19,22,306,200,10186,310,26,0,0,-9999
4275,2017,7,19,23,294,200,10185,300,31,0,0,-9999
4276,2017,7,20,0,283,189,10184,320,21,0,0,-9999
4277,2017,7,20,1,250,200,10184,260,15,0,0,-9999
4278,2017,7,20,2,222,200,10186,0,0,0,0,-9999
4279,2017,7,20,3,211,194,10190,0,0,0,0,-9999
4280,2017,7,20,4,206,194,10191,0,0,0,0,-9999
4281,2017,7,20,5,206,189,10196,0,0,0,0,-9999
4282,2017,7,20,6,206,189,10193,230,21,0,0,-9999
4283,2017,7,20,7,211,189,10183,210,26,0,0,-9999
4284,2017,7,20,8,200,189,10179,230,21,0,0,-9999
4285,2017,7,20,9,211,194,10175,220,26,0,0,-9999
4286,2017,7,20,10,211,206,10167,0,0,0,0,-9999
4287,2017,7,20,11,211,206,10179,0,0,0,0,-9999
4288,2017,7,20,12,222,211,10191,230,15,0,0,-9999
4289,2017,7,20,13,239,222,10197,260,36,0,0,-9999
4290,2017,7,20,14,267,233,10194,230,26,2,0,-9999
4291,2017,7,20,15,278,239,10194,240,57,0,0,-9999
4292,2017,7,20,16,294,239,10185,250,67,0,0,-9999
4293,2017,7,20,17,289,239,10180,270,62,0,0,-9999
4294,2017,7,20,18,283,239,10175,260,62,-9999,0,-9999
4295,2017,7,20,19,250,239,10159,240,41,-9999,0,-9999
4296,2017,7,20,20,250,228,10164,270,41,0,18,-9999
4297,2017,7,20,21,278,239,10164,270,57,0,-1,-9999
4298,2017,7,20,22,289,239,10161,260,62,0,0,-9999
4299,2017,7,20,23,289,233,10157,240,31,0,0,-9999
4300,2017,7,21,0,278,239,10156,230,15,-9999,0,18
4301,2017,7,21,1,261,244,10155,0,0,-9999,0,-9999
4302,2017,7,21,2,256,239,10156,160,15,-9999,0,-9999
4303,2017,7,21,3,250,239,10156,200,21,0,0,-9999
4304,2017,7,21,4,256,239,10154,230,31,-9999,0,-9999
4305,2017,7,21,5,256,239,10153,220,26,-9999,0,-9999
4306,2017,7,21,6,250,233,10153,220,31,-9999,0,-1
4307,2017,7,21,7,244,228,10149,220,26,2,-1,-9999
4308,2017,7,21,8,250,233,10147,230,21,-9999,0,-9999
4309,2017,7,21,9,250,228,10146,230,31,-9999,0,-9999
4310,2017,7,21,10,244,228,10145,260,31,-9999,-1,-9999
4311,2017,7,21,11,244,228,10146,250,36,4,3,-9999
4312,2017,7,21,12,244,222,10160,280,149,-9999,-1,3
4313,2017,7,21,13,211,194,10172,320,88,4,3,-9999
4314,2017,7,21,14,211,200,10162,40,21,-9999,43,-9999
4315,2017,7,21,15,222,206,10157,170,21,-9999,20,-9999
4316,2017,7,21,16,228,211,10160,230,36,4,8,-9999
4317,2017,7,21,17,239,217,10161,240,46,0,-1,-9999
4318,2017,7,21,18,239,211,10167,270,21,-9999,0,74
4319,2017,7,21,19,261,217,10163,290,31,-9999,0,-9999
4320,2017,7,21,20,272,222,10160,0,0,0,0,-9999
4321,2017,7,21,21,278,222,10154,-9999,21,0,0,-9999
4322,2017,7,21,22,283,228,10149,300,15,0,0,-9999
4323,2017,7,22,0,239,211,10147,40,21,-9999,-1,-9999
4324,2017,7,22,1,222,217,10145,0,0,-9999,43,-9999
4325,2017,7,22,2,217,211,10150,0,0,0,0,-9999
4326,2017,7,22,3,217,200,10152,160,21,0,0,-9999
4327,2017,7,22,4,217,206,10151,120,15,0,0,-9999
4328,2017,7,22,5,211,206,10147,130,21,2,0,-9999
4329,2017,7,22,6,217,211,10138,110,15,-9999,0,-9999
4330,2017,7,22,7,222,217,10128,140,26,-9999,0,-9999
4331,2017,7,22,8,228,222,10123,160,36,-9999,0,-9999
4332,2017,7,22,9,228,222,10120,160,31,4,0,-9999
4333,2017,7,22,10,228,222,10117,170,21,-9999,0,-9999
4334,2017,7,22,11,211,200,10134,0,0,-9999,8,-9999
4335,2017,7,22,12,211,206,10120,210,21,0,86,97
4336,2017,7,22,13,217,211,10120,-9999,-9999,0,3,-9999
4337,2017,7,22,14,233,222,10123,190,21,0,3,-9999
4338,2017,7,22,16,250,233,10121,0,0,-9999,0,-9999
4339,2017,7,22,17,267,239,10106,200,31,-9999,3,-9999
4340,2017,7,22,18,289,250,10098,230,36,2,0,5
4341,2017,7,22,19,300,256,10091,250,57,-9999,0,-9999
4342,2017,7,22,20,289,250,10088,290,41,-9999,0,-9999
4343,2017,7,22,21,294,250,10084,280,62,4,10,-9999
4344,2017,7,22,22,300,244,10086,300,67,2,-1,-9999
4345,2017,7,22,23,289,228,10091,300,77,0,0,-9999
4346,2017,7,23,0,272,228,10095,300,41,-9999,0,10
4347,2017,7,23,1,250,228,10098,0,0,0,0,-9999
4348,2017,7,23,2,239,228,10101,240,21,4,0,-9999
4349,2017,7,23,3,239,228,10100,0,0,-9999,0,-9999
4350,2017,7,23,4,233,222,10098,0,0,4,0,-9999
4351,2017,7,23,5,228,222,10100,0,0,-9999,0,-9999
4352,2017,7,23,6,233,222,10095,230,21,-9999,0,-9999
4353,2017,7,23,7,233,222,10093,220,31,-9999,0,-9999
4354,2017,7,23,8,228,222,10085,200,21,4,0,-9999
4355,2017,7,23,9,222,217,10082,210,21,4,0,-9999
4356,2017,7,23,10,222,211,10090,220,31,-9999,-1,-9999
4357,2017,7,23,11,222,211,10096,210,36,-9999,0,-9999
4358,2017,7,23,12,222,211,10102,230,41,-9999,-1,-1
4359,2017,7,23,13,233,217,10102,-9999,-9999,-9999,-1,-9999
4360,2017,7,23,14,239,211,10101,240,41,4,-1,-9999
4361,2017,7,23,15,233,206,10104,260,77,-9999,0,-9999
4362,2017,7,23,16,228,211,10105,250,62,-9999,0,-9999
4363,2017,7,23,17,206,194,10100,300,82,-9999,-1,-9999
4364,2017,7,23,18,233,217,10074,50,41,-9999,20,23
4365,2017,7,23,19,261,233,-9999,-9999,-9999,-9999,3,-9999
4366,2017,7,23,20,267,233,10086,270,57,-9999,0,-9999
4367,2017,7,23,21,272,233,10081,280,41,-9999,0,-9999
4368,2017,7,23,22,267,228,10083,250,41,4,0,-9999
4369,2017,7,23,23,244,228,10082,280,88,-9999,0,-9999
4370,2017,7,24,0,222,194,10086,320,21,-9999,28,-9999
4371,2017,7,24,1,206,194,10088,240,21,0,15,-9999
4372,2017,7,24,2,200,189,10101,0,0,2,0,-9999
4373,2017,7,24,3,189,189,10099,210,15,0,0,-9999
4374,2017,7,24,4,183,183,10103,260,21,0,0,-9999
4375,2017,7,24,5,183,183,10110,240,21,0,0,-9999
4376,2017,7,24,6,189,183,10105,250,26,0,0,-9999
4377,2017,7,24,7,183,183,10102,240,15,0,0,-9999
4378,2017,7,24,8,189,189,10101,200,15,2,0,-9999
4379,2017,7,24,9,194,189,10102,220,31,0,0,-9999
4380,2017,7,24,10,194,194,10107,250,21,-9999,0,-9999
4381,2017,7,24,11,200,200,10113,240,26,-9999,0,-9999
4382,2017,7,24,12,206,200,10119,300,41,-9999,0,-9999
4383,2017,7,24,13,211,200,10125,290,41,-9999,0,-9999
4384,2017,7,24,14,233,206,10128,330,51,4,0,-9999
4385,2017,7,24,15,244,200,10131,310,51,0,0,-9999
4386,2017,7,24,16,256,189,10134,330,41,2,0,-9999
4387,2017,7,24,17,256,194,10137,350,57,-9999,0,-9999
4388,2017,7,24,18,261,194,10140,340,62,4,0,-9999
4389,2017,7,24,19,256,194,10145,330,62,-9999,0,-9999
4390,2017,7,24,20,256,183,10147,330,41,2,0,-9999
4391,2017,7,24,21,256,183,10150,330,62,2,0,-9999
4392,2017,7,24,22,250,172,10151,340,62,2,0,-9999
4393,2017,7,24,23,239,172,10154,360,57,0,0,-9999
4394,2017,7,25,0,222,156,10164,10,36,2,0,-9999
4395,2017,7,25,1,200,150,10171,10,31,0,0,-9999
4396,2017,7,25,2,183,150,10179,10,26,0,0,-9999
4397,2017,7,25,3,178,150,10186,10,26,0,0,-9999
4398,2017,7,25,4,161,144,10192,30,26,0,0,-9999
4399,2017,7,25,5,156,144,10198,30,21,0,0,-9999
4400,2017,7,25,6,144,139,10202,-9999,-9999,0,0,-9999
4401,2017,7,25,7,150,139,10203,40,21,0,0,-9999
4402,2017,7,25,8,144,139,10201,30,15,0,0,-9999
4403,2017,7,25,9,139,139,10205,0,0,0,0,-9999
4404,2017,7,25,10,139,133,10214,360,15,0,0,-9999
4405,2017,7,25,11,133,128,10219,0,0,9,0,-9999
4406,2017,7,25,12,156,150,10225,0,0,0,0,-9999
4407,2017,7,25,13,183,156,10233,-9999,15,0,0,-9999
4408,2017,7,25,14,194,144,10231,50,36,2,0,-9999
4409,2017,7,25,15,206,139,10235,50,26,4,0,-9999
4410,2017,7,25,16,217,150,10236,-9999,21,-9999,0,-9999
4411,2017,7,25,17,217,156,10235,40,36,-9999,0,-9999
4412,2017,7,25,18,228,156,10230,70,41,2,0,-9999
4413,2017,7,25,19,233,156,10227,40,26,2,0,-9999
4414,2017,7,25,20,239,161,10229,60,41,2,0,-9999
4415,2017,7,25,21,239,156,10229,60,46,2,0,-9999
4416,2017,7,25,22,239,161,10222,100,46,2,0,-9999
4417,2017,7,25,23,233,156,10223,100,41,2,0,-9999
4418,2017,7,26,0,222,167,10222,80,26,0,0,-9999
4419,2017,7,26,1,200,167,10222,160,21,0,0,-9999
4420,2017,7,26,2,183,161,10226,130,21,0,0,-9999
4421,2017,7,26,3,167,156,10226,100,15,0,0,-9999
4422,2017,7,26,4,167,150,10225,140,31,0,0,-9999
4423,2017,7,26,5,156,144,10230,0,0,0,0,-9999
4424,2017,7,26,6,150,144,10226,0,0,0,0,-9999
4425,2017,7,26,7,144,139,10218,0,0,0,0,-9999
4426,2017,7,26,8,133,133,10217,0,0,9,0,-9999
4427,2017,7,26,9,133,128,10226,340,26,0,0,-9999
4428,2017,7,26,10,128,128,10218,130,15,0,0,-9999
4429,2017,7,26,11,122,117,10216,90,15,0,0,-9999
4430,2017,7,26,12,150,144,10219,40,15,0,0,-9999
4431,2017,7,26,13,189,161,10218,130,31,0,0,-9999
4432,2017,7,26,14,206,167,10220,150,31,0,0,-9999
4433,2017,7,26,15,211,161,10218,-9999,21,0,0,-9999
4434,2017,7,26,16,222,161,10218,140,26,0,0,-9999
4435,2017,7,26,17,233,167,10208,120,31,0,0,-9999
4436,2017,7,26,18,244,172,10203,-9999,21,0,0,-9999
4437,2017,7,26,19,256,178,10198,150,31,0,0,-9999
4438,2017,7,26,20,261,178,10191,150,21,0,0,-9999
4439,2017,7,26,21,261,178,10183,170,21,0,0,-9999
4440,2017,7,26,22,261,178,10179,-9999,21,0,0,-9999
4441,2017,7,26,23,256,189,10175,160,21,0,0,-9999
4442,2017,7,27,0,239,206,10177,130,15,0,0,-9999
4443,2017,7,27,1,222,194,10175,150,21,0,0,-9999
4444,2017,7,27,2,200,189,10175,110,15,0,0,-9999
4445,2017,7,27,3,189,178,10177,120,15,0,0,-9999
4446,2017,7,27,4,183,172,10174,120,15,0,0,-9999
4447,2017,7,27,5,183,172,10167,100,21,0,0,-9999
4448,2017,7,27,6,189,178,10159,110,26,4,-9999,-9999
4449,2017,7,27,7,200,178,10155,130,15,-9999,-9999,-9999
4450,2017,7,27,8,189,178,10148,100,15,4,-9999,-9999
4451,2017,7,27,9,194,178,10145,130,15,-9999,-9999,-9999
4452,2017,7,27,10,189,178,10145,70,21,4,-9999,-9999
4453,2017,7,27,11,194,183,10146,0,0,-9999,-9999,-9999
4454,2017,7,27,12,206,189,10146,0,0,0,-9999,-9999
4455,2017,7,27,13,217,194,10146,160,21,-9999,-9999,-9999
4456,2017,7,27,14,217,194,10143,80,15,-9999,5,-9999
4457,2017,7,27,15,233,211,10145,260,15,-9999,-1,-9999
4458,2017,7,27,16,239,217,10144,230,21,-9999,-9999,-9999
4459,2017,7,27,17,233,222,10140,170,21,-9999,5,-9999
4460,2017,7,27,18,222,211,10133,220,51,-9999,20,30
4461,2017,7,27,19,228,222,10127,250,51,-9999,3,-9999
4462,2017,7,27,20,244,228,10121,240,46,-9999,3,-9999
4463,2017,7,27,21,244,228,10116,250,31,-9999,-9999,-9999
4464,2017,7,27,22,261,222,10110,330,36,-9999,-9999,-9999
4465,2017,7,27,23,261,222,10109,30,26,-9999,-9999,-9999
4466,2017,7,28,0,256,217,10115,10,21,-9999,-9999,5
4467,2017,7,28,1,239,222,10115,70,26,-9999,-9999,-9999
4468,2017,7,28,2,228,217,10117,80,21,-9999,-9999,-9999
4469,2017,7,28,3,217,211,10118,60,26,-9999,-9999,-9999
4470,2017,7,28,4,206,200,10114,50,21,0,-9999,-9999
4471,2017,7,28,5,206,200,10117,80,26,-9999,-9999,-9999
4472,2017,7,28,6,200,194,10117,340,15,4,0,-9999
4473,2017,7,28,7,206,200,10111,30,15,-9999,0,-9999
4474,2017,7,28,9,200,200,10109,360,15,-9999,0,-9999
4475,2017,7,28,10,211,206,10109,30,26,-9999,0,-9999
4476,2017,7,28,11,200,194,10112,50,36,-9999,0,-9999
4477,2017,7,28,12,206,194,10111,70,41,-9999,0,-9999
4478,2017,7,28,13,211,194,10109,50,57,-9999,0,-9999
4479,2017,7,28,14,217,194,10114,20,36,-9999,0,-9999
4480,2017,7,28,15,239,194,10114,-9999,26,-9999,0,-9999
4481,2017,7,28,16,250,189,10111,40,46,4,0,-9999
4482,2017,7,28,17,267,183,10108,20,57,4,0,-9999
4483,2017,7,28,18,256,200,10109,350,62,-9999,0,-9999
4484,2017,7,28,19,267,200,10102,10,57,-9999,0,-9999
4485,2017,7,28,20,278,189,10100,350,77,4,0,-9999
4486,2017,7,28,21,267,183,10098,10,77,0,0,-9999
4487,2017,7,28,22,256,189,10098,10,77,2,0,-9999
4488,2017,7,28,23,244,183,10103,350,62,4,0,-9999
4489,2017,7,29,0,233,183,10108,20,57,-9999,0,-9999
4490,2017,7,29,1,211,167,10116,20,77,0,0,-9999
4491,2017,7,29,2,200,167,10121,20,67,0,0,-9999
4492,2017,7,29,3,189,161,10126,20,57,0,0,-9999
4493,2017,7,29,4,183,161,10128,360,41,2,0,-9999
4494,2017,7,29,5,178,156,10129,10,41,2,0,-9999
4495,2017,7,29,6,172,144,10131,10,51,0,0,-9999
4496,2017,7,29,7,167,139,10129,10,46,0,0,-9999
4497,2017,7,29,8,161,133,10130,350,41,0,0,-9999
4498,2017,7,29,9,150,133,10132,350,41,0,0,-9999
4499,2017,7,29,10,139,122,10138,10,26,0,0,-9999
4500,2017,7,29,11,150,117,10141,10,46,0,0,-9999
4501,2017,7,29,12,167,117,10148,30,57,0,0,-9999
4502,2017,7,29,13,183,111,10152,40,93,0,0,-9999
4503,2017,7,29,14,200,111,10156,50,98,0,0,-9999
4504,2017,7,29,15,211,122,10162,50,82,0,0,-9999
4505,2017,7,29,16,222,128,10164,60,82,0,0,-9999
4506,2017,7,29,17,233,128,10166,40,72,0,0,-9999
4507,2017,7,29,18,239,139,10167,40,57,4,0,-9999
4508,2017,7,29,19,244,139,10166,60,72,2,0,-9999
4509,2017,7,29,20,250,139,10166,30,77,4,0,-9999
4510,2017,7,29,21,250,139,10166,50,62,4,0,-9999
4511,2017,7,29,22,244,133,10168,20,57,2,0,-9999
4512,2017,7,29,23,239,133,10169,20,67,0,0,-9999
4513,2017,7,30,0,228,122,10174,20,41,0,0,-9999
4514,2017,7,30,1,206,122,10180,40,57,0,0,-9999
4515,2017,7,30,2,178,122,10182,40,36,0,0,-9999
4516,2017,7,30,3,167,128,10185,50,21,0,0,-9999
4517,2017,7,30,4,156,122,10186,30,21,0,0,-9999
4518,2017,7,30,5,156,128,10187,10,21,0,0,-9999
4519,2017,7,30,6,156,128,10189,350,21,0,0,-9999
4520,2017,7,30,7,144,128,10191,10,21,0,0,-9999
4521,2017,7,30,8,144,128,10194,360,15,0,0,-9999
4522,2017,7,30,9,139,128,10200,350,21,0,0,-9999
4523,2017,7,30,10,139,122,10204,360,15,0,0,-9999
4524,2017,7,30,11,139,128,10210,350,15,0,0,-9999
4525,2017,7,30,12,172,150,10212,50,21,0,0,-9999
4526,2017,7,30,13,200,167,10215,50,26,0,0,-9999
4527,2017,7,30,14,222,172,10218,60,26,0,0,-9999
4528,2017,7,30,15,239,172,10218,20,31,0,0,-9999
4529,2017,7,30,16,256,167,10218,40,41,0,0,-9999
4530,2017,7,30,17,261,161,10218,80,31,2,0,-9999
4531,2017,7,30,18,267,161,10217,90,31,0,0,-9999
4532,2017,7,30,19,272,161,10214,100,31,2,0,-9999
4533,2017,7,30,20,272,156,10212,-9999,15,4,0,-9999
4534,2017,7,30,21,272,161,10210,90,31,2,0,-9999
4535,2017,7,30,22,272,161,10208,40,36,2,0,-9999
4536,2017,7,30,23,261,167,10208,50,36,0,-9999,-9999
4537,2017,7,31,0,244,172,10210,40,26,0,-9999,-9999
4538,2017,7,31,1,228,167,10211,10,15,0,0,-9999
4539,2017,7,31,2,217,167,10211,0,0,0,0,-9999
4540,2017,7,31,3,200,167,10214,30,26,0,0,-9999
4541,2017,7,31,4,194,156,10216,40,21,0,0,-9999
4542,2017,7,31,5,189,156,10216,0,0,0,0,-9999
4543,2017,7,31,6,178,150,10216,0,0,0,0,-9999
4544,2017,7,31,7,167,150,10214,50,15,0,0,-9999
4545,2017,7,31,8,161,144,10215,0,0,0,0,-9999
4546,2017,7,31,9,161,150,10215,60,15,0,0,-9999
4547,2017,7,31,10,161,144,10217,80,15,0,0,-9999
4548,2017,7,31,11,156,139,10220,0,0,0,0,-9999
4549,2017,7,31,12,178,161,10225,0,0,0,0,-9999
4550,2017,7,31,13,200,167,10229,100,15,0,0,-9999
4551,2017,7,31,14,228,161,10231,100,26,0,0,-9999
4552,2017,7,31,15,250,167,10232,-9999,-9999,0,0,-9999
4553,2017,7,31,16,261,167,10230,140,21,0,0,-9999
4554,2017,7,31,17,267,167,10227,110,31,0,0,-9999
4555,2017,7,31,18,272,167,10222,-9999,15,0,0,-9999
4556,2017,7,31,19,278,167,10219,-9999,15,2,0,-9999
4557,2017,7,31,20,267,161,10216,50,26,4,0,-9999
4558,2017,7,31,21,261,172,10212,70,21,4,-9999,-9999
4559,2017,7,31,22,261,161,10207,0,0,0,-9999,-9999
4560,2017,7,31,23,272,167,10205,160,15,0,-9999,-9999
4561,2017,8,1,0,261,172,10204,0,0,0,-9999,-9999
4562,2017,8,1,1,228,183,10204,0,0,0,-9999,-9999
4563,2017,8,1,2,200,172,10208,0,0,0,-9999,-9999
4564,2017,8,1,3,194,172,10209,0,0,0,-9999,-9999
4565,2017,8,1,4,183,167,10207,0,0,0,-9999,-9999
4566,2017,8,1,5,178,167,10205,0,0,0,-9999,-9999
4567,2017,8,1,6,161,156,10204,70,15,0,0,-9999
4568,2017,8,1,7,161,156,10203,0,0,0,0,-9999
4569,2017,8,1,8,161,156,10203,0,0,0,0,-9999
4570,2017,8,1,9,156,144,10204,0,0,0,0,-9999
4571,2017,8,1,10,150,144,10205,0,0,0,0,-9999
4572,2017,8,1,11,156,144,10205,-9999,-9999,0,0,-9999
4573,2017,8,1,12,183,178,10207,0,0,0,0,-9999
4574,2017,8,1,13,222,183,10209,90,15,0,0,-9999
4575,2017,8,1,14,233,183,10209,0,0,0,0,-9999
4576,2017,8,1,15,250,178,10206,-9999,-9999,0,0,-9999
4577,2017,8,1,16,256,183,10206,180,15,0,0,-9999
4578,2017,8,1,17,261,183,10206,-9999,15,0,0,-9999
4579,2017,8,1,18,261,183,10204,170,21,0,0,-9999
4580,2017,8,1,19,278,178,10198,190,31,0,0,-9999
4581,2017,8,1,20,272,178,10190,180,26,0,0,-9999
4582,2017,8,1,21,267,178,10184,160,21,0,0,-9999
4583,2017,8,1,22,272,172,10182,190,31,0,0,-9999
4584,2017,8,1,23,267,172,10181,210,21,0,0,-9999
4585,2017,8,2,0,244,183,10181,0,0,0,0,-9999
4586,2017,8,2,1,217,178,10181,130,15,0,0,-9999
4587,2017,8,2,2,194,178,10187,0,0,2,0,-9999
4588,2017,8,2,3,200,172,10188,160,31,0,0,-9999
4589,2017,8,2,4,183,172,10191,0,0,0,0,-9999
4590,2017,8,2,5,178,167,10189,130,15,0,0,-9999
4591,2017,8,2,6,172,161,10187,90,15,0,0,-9999
4592,2017,8,2,7,167,161,10183,130,15,0,0,-9999
4593,2017,8,2,8,167,161,10180,0,0,0,0,-9999
4594,2017,8,2,9,167,156,10179,0,0,0,0,-9999
4595,2017,8,2,10,156,156,10182,0,0,0,0,-9999
4596,2017,8,2,11,161,156,10185,100,15,0,0,-9999
4597,2017,8,2,12,189,178,10189,170,15,0,0,-9999
4598,2017,8,2,13,206,189,10188,250,15,2,0,-9999
4599,2017,8,2,14,222,200,10187,140,15,0,0,-9999
4600,2017,8,2,15,239,194,10188,-9999,21,0,0,-9999
4601,2017,8,2,16,256,189,10189,200,21,0,0,-9999
4602,2017,8,2,17,261,189,10185,210,26,-9999,0,-9999
4603,2017,8,2,18,267,200,10182,200,31,-9999,0,-9999
4604,2017,8,2,19,267,194,10175,-9999,26,0,0,-9999
4605,2017,8,2,20,278,183,10170,180,26,0,0,-9999
4606,2017,8,2,21,272,183,10169,210,36,4,0,-9999
4607,2017,8,2,22,261,183,10167,200,21,-9999,0,-9999
4608,2017,8,2,23,261,189,10165,210,26,0,0,-9999
4609,2017,8,3,0,244,200,10169,0,0,4,0,-9999
4610,2017,8,3,1,206,178,10176,170,36,-9999,0,-9999
4611,2017,8,3,2,200,189,10181,0,0,-9999,-1,-9999
4612,2017,8,3,3,194,183,10182,0,0,-9999,-1,-9999
4613,2017,8,3,5,183,178,10181,70,21,-9999,0,-9999
4614,2017,8,3,6,189,183,10183,0,0,-9999,0,-1
4615,2017,8,3,7,194,183,10179,0,0,-9999,0,-9999
4616,2017,8,3,8,178,172,10180,140,15,-9999,0,-9999
4617,2017,8,3,9,183,178,10180,170,21,-9999,0,-9999
4618,2017,8,3,10,172,172,10183,170,26,-9999,0,-9999
4619,2017,8,3,11,178,172,10185,180,15,-9999,0,-9999
4620,2017,8,3,12,189,183,10188,210,31,-9999,0,-9999
4621,2017,8,3,13,211,194,10190,210,15,-9999,0,-9999
4622,2017,8,3,14,228,200,10192,220,26,-9999,0,-9999
4623,2017,8,3,15,244,206,10188,190,15,-9999,0,-9999
4624,2017,8,3,16,261,211,10185,190,31,-9999,0,-9999
4625,2017,8,3,17,267,206,10180,180,36,-9999,0,-9999
4626,2017,8,3,18,278,200,10172,-9999,31,-9999,0,-9999
4627,2017,8,3,19,283,206,10164,220,41,-9999,0,-9999
4628,2017,8,3,20,278,194,10156,200,41,-9999,0,-9999
4629,2017,8,3,21,283,200,10151,200,31,-9999,0,-9999
4630,2017,8,3,22,283,194,10149,220,46,-9999,0,-9999
4631,2017,8,3,23,267,194,10149,190,26,-9999,0,-9999
4632,2017,8,4,0,261,194,10150,180,36,-9999,0,-9999
4633,2017,8,4,1,206,167,10154,150,98,-9999,0,-9999
4634,2017,8,4,2,200,183,10151,180,21,-9999,-1,-9999
4635,2017,8,4,3,200,183,10152,160,26,-9999,-1,-9999
4636,2017,8,4,4,200,189,10144,190,21,-9999,0,-9999
4637,2017,8,4,5,206,194,10139,200,21,-9999,0,-9999
4638,2017,8,4,6,200,189,10138,170,26,-9999,0,-1
4639,2017,8,4,7,200,183,10135,190,26,-9999,0,-9999
4640,2017,8,4,8,206,189,10132,200,31,-9999,0,-9999
4641,2017,8,4,9,211,189,10126,180,36,-9999,0,-9999
4642,2017,8,4,10,200,189,10124,-9999,15,-9999,0,-9999
4643,2017,8,4,11,200,189,10121,200,21,-9999,0,-9999
4644,2017,8,4,12,211,194,10121,200,26,-9999,0,-9999
4645,2017,8,4,13,222,200,10125,200,36,-9999,0,-9999
4646,2017,8,4,14,233,206,10123,210,46,-9999,0,-9999
4647,2017,8,4,15,228,206,10123,210,36,-9999,0,-9999
4648,2017,8,4,16,233,206,10119,210,57,-9999,-1,-9999
4649,2017,8,4,17,211,200,10122,260,51,-9999,8,-9999
4650,2017,8,4,18,233,189,10116,260,72,-9999,10,18
4651,2017,8,4,20,239,167,10115,270,103,-9999,0,-9999
4652,2017,8,4,21,233,139,10119,270,88,-9999,0,-9999
4653,2017,8,4,22,217,128,10127,280,82,-9999,0,-9999
4654,2017,8,4,23,200,122,10135,290,62,-9999,0,-9999
4655,2017,8,5,0,178,117,10146,300,62,-9999,0,-9999
4656,2017,8,5,1,167,106,10152,270,93,-9999,0,-9999
4657,2017,8,5,2,161,106,10159,270,46,-9999,0,-9999
4658,2017,8,5,3,161,106,10163,280,62,-9999,0,-9999
4659,2017,8,5,4,161,111,10164,270,62,-9999,0,-9999
4660,2017,8,5,5,156,117,10165,270,57,-9999,0,-9999
4661,2017,8,5,6,144,117,10165,270,31,-9999,0,-9999
4662,2017,8,5,7,139,117,10166,280,46,-9999,0,-9999
4663,2017,8,5,8,128,117,10170,270,41,-9999,0,-9999
4664,2017,8,5,9,122,111,10173,260,31,-9999,0,-9999
4665,2017,8,5,10,111,100,10183,220,21,-9999,0,-9999
4666,2017,8,5,11,117,111,10190,220,31,-9999,0,-9999
4667,2017,8,5,12,133,122,10194,220,31,-9999,0,-9999
4668,2017,8,5,13,156,128,10197,240,31,-9999,0,-9999
4669,2017,8,5,14,178,133,10195,240,36,-9999,0,-9999
4670,2017,8,5,15,200,133,10192,260,57,-9999,0,-9999
4671,2017,8,5,16,217,139,10192,240,36,-9999,0,-9999
4672,2017,8,5,17,228,139,10193,270,62,-9999,0,-9999
4673,2017,8,5,18,239,150,10193,220,36,-9999,0,-9999
4674,2017,8,5,19,228,133,10189,250,57,-9999,0,-9999
4675,2017,8,5,20,239,144,10188,250,41,-9999,0,-9999
4676,2017,8,5,21,233,139,10191,290,31,-9999,0,-9999
4677,2017,8,5,22,233,144,10190,250,41,-9999,0,-9999
4678,2017,8,5,23,222,150,10189,250,31,-9999,0,-9999
4679,2017,8,6,0,206,161,10189,220,15,-9999,0,-9999
4680,2017,8,6,1,189,156,10190,220,21,-9999,0,-9999
4681,2017,8,6,2,178,150,10194,240,21,-9999,0,-9999
4682,2017,8,6,3,172,144,10196,230,15,-9999,0,-9999
4683,2017,8,6,4,161,144,10191,0,0,-9999,0,-9999
4684,2017,8,6,5,144,139,10189,0,0,-9999,0,-9999
4685,2017,8,6,6,133,128,10184,90,15,-9999,0,-9999
4686,2017,8,6,7,150,144,10189,0,0,-9999,0,-9999
4687,2017,8,6,8,150,144,10184,120,15,-9999,0,-9999
4688,2017,8,6,9,156,144,10185,0,0,-9999,0,-9999
4689,2017,8,6,10,156,150,10188,0,0,-9999,0,-9999
4690,2017,8,6,11,167,144,10191,180,31,-9999,0,-9999
4691,2017,8,6,12,167,156,10197,0,0,-9999,0,-1
4692,2017,8,6,13,183,161,10195,160,21,-9999,-1,-9999
4693,2017,8,6,14,189,156,10195,160,15,-9999,0,-9999
4694,2017,8,6,15,200,161,10198,0,0,-9999,0,-9999
4695,2017,8,6,16,206,156,10198,160,21,-9999,0,-9999
4696,2017,8,6,17,206,161,10198,170,26,-9999,0,-9999
4697,2017,8,6,18,206,161,10195,160,26,-9999,-1,-1
4698,2017,8,6,19,211,144,10191,170,31,-9999,-1,-9999
4699,2017,8,6,20,211,161,10188,140,26,-9999,0,-9999
4700,2017,8,6,21,211,150,10188,140,26,-9999,0,-9999
4701,2017,8,6,22,206,156,10184,150,21,-9999,0,-9999
4702,2017,8,6,23,200,161,10180,150,21,-9999,0,-9999
4703,2017,8,7,0,200,167,10174,110,21,-9999,0,-9999
4704,2017,8,7,1,178,161,10175,130,15,-9999,0,-9999
4705,2017,8,7,2,167,156,10181,90,21,-9999,0,-9999
4706,2017,8,7,3,172,161,10179,110,21,-9999,0,-9999
4707,2017,8,7,4,161,156,10177,80,21,-9999,0,-9999
4708,2017,8,7,5,167,161,10177,130,21,-9999,0,-9999
4709,2017,8,7,6,161,156,10173,0,0,-9999,0,-9999
4710,2017,8,7,7,161,156,10164,90,15,-9999,0,-9999
4711,2017,8,7,9,167,161,10156,50,26,-9999,3,-9999
4712,2017,8,7,10,167,161,10156,80,21,-9999,-1,-9999
4713,2017,8,7,11,167,161,10157,80,26,-9999,5,-9999
4714,2017,8,7,12,167,161,10156,80,26,-9999,-1,8
4715,2017,8,7,13,167,161,10159,-9999,-9999,-9999,-1,-9999
4716,2017,8,7,14,172,161,10160,50,36,-9999,5,-9999
4717,2017,8,7,15,167,161,10163,60,26,-9999,8,-9999
4718,2017,8,7,16,183,161,10164,-9999,26,-9999,8,-9999
4719,2017,8,7,17,200,167,10160,70,36,-9999,-1,-9999
4720,2017,8,7,18,211,172,10159,80,36,-9999,0,20
4721,2017,8,7,19,222,172,10158,80,31,-9999,0,-9999
4722,2017,8,7,20,222,172,10156,110,31,-9999,0,-9999
4723,2017,8,7,21,228,172,10152,110,26,-9999,0,-9999
4724,2017,8,7,22,228,172,10157,330,21,-9999,0,-9999
4725,2017,8,7,23,228,172,10152,320,26,2,0,-9999
4726,2017,8,8,0,211,172,10156,340,15,0,0,-9999
4727,2017,8,8,1,194,161,10164,330,21,0,0,-9999
4728,2017,8,8,2,183,156,10171,320,15,-9999,0,-9999
4729,2017,8,8,3,178,156,10175,320,15,-9999,0,-9999
4730,2017,8,8,4,172,150,10177,320,26,-9999,0,-9999
4731,2017,8,8,5,172,150,10178,330,26,0,0,-9999
4732,2017,8,8,6,167,144,10178,330,15,0,0,-9999
4733,2017,8,8,7,156,144,10180,340,26,0,0,-9999
4734,2017,8,8,8,156,139,10182,350,26,0,0,-9999
4735,2017,8,8,9,150,139,10185,340,15,0,0,-9999
4736,2017,8,8,10,156,139,10190,20,36,0,0,-9999
4737,2017,8,8,11,139,133,10197,-9999,-9999,0,0,-9999
4738,2017,8,8,12,156,144,10205,360,15,0,0,-9999
4739,2017,8,8,13,189,161,10210,50,36,0,0,-9999
4740,2017,8,8,14,200,144,10216,80,41,-9999,0,-9999
4741,2017,8,8,15,217,122,10218,70,46,-9999,0,-9999
4742,2017,8,8,16,228,117,10219,80,51,0,0,-9999
4743,2017,8,8,17,228,117,10218,30,46,0,0,-9999
4744,2017,8,8,18,239,122,10215,-9999,21,4,0,-9999
4745,2017,8,8,19,244,111,10214,-9999,-9999,0,0,-9999
4746,2017,8,8,20,250,111,10210,30,31,0,0,-9999
4747,2017,8,8,21,250,106,10208,10,31,0,0,-9999
4748,2017,8,8,22,250,106,10206,330,21,0,0,-9999
4749,2017,8,8,23,244,111,10208,350,26,0,0,-9999
4750,2017,8,9,0,228,128,10210,0,0,0,0,-9999
4751,2017,8,9,1,183,139,10214,150,15,0,0,-9999
4752,2017,8,9,2,161,139,10220,0,0,0,0,-9999
4753,2017,8,9,3,156,133,10221,0,0,0,0,-9999
4754,2017,8,9,4,144,128,10223,0,0,0,0,-9999
4755,2017,8,9,5,128,122,10225,0,0,0,0,-9999
4756,2017,8,9,6,133,122,10225,360,15,0,0,-9999
4757,2017,8,9,7,133,128,10225,0,0,0,0,-9999
4758,2017,8,9,8,117,111,10225,0,0,0,0,-9999
4759,2017,8,9,9,117,111,10226,0,0,0,0,-9999
4760,2017,8,9,10,117,111,10231,0,0,0,0,-9999
4761,2017,8,9,11,110,110,-9999,-9999,-9999,0,0,-9999
4762,2017,8,9,12,139,133,10240,0,0,0,0,-9999
4763,2017,8,9,13,178,144,10243,0,0,0,0,-9999
4764,2017,8,9,14,211,133,10241,0,0,0,0,-9999
4765,2017,8,9,15,228,139,10242,-9999,15,-9999,0,-9999
4766,2017,8,9,16,233,144,10240,-9999,21,0,0,-9999
4767,2017,8,9,17,244,139,10238,0,0,0,0,-9999
4768,2017,8,9,18,250,144,10234,-9999,21,0,0,-9999
4769,2017,8,9,19,256,139,10230,80,31,0,0,-9999
4770,2017,8,9,20,256,144,10225,100,26,0,0,-9999
4771,2017,8,9,21,261,144,10221,90,31,0,0,-9999
4772,2017,8,9,22,256,144,10219,110,31,0,0,-9999
4773,2017,8,9,23,244,139,10217,110,26,0,0,-9999
4774,2017,8,10,0,222,161,10216,120,15,0,0,-9999
4775,2017,8,10,1,194,150,10215,0,0,0,0,-9999
4776,2017,8,10,2,172,144,10219,0,0,0,0,-9999
4777,2017,8,10,3,156,144,10221,80,15,0,0,-9999
4778,2017,8,10,4,161,139,10223,0,0,0,0,-9999
4779,2017,8,10,5,144,139,10222,90,15,0,0,-9999
4780,2017,8,10,6,150,144,10217,0,0,0,0,-9999
4781,2017,8,10,7,139,133,10212,60,21,0,0,-9999
4782,2017,8,10,8,133,128,10208,50,21,0,0,-9999
4783,2017,8,10,9,128,122,10206,60,15,2,0,-9999
4784,2017,8,10,10,133,128,10206,60,15,0,0,-9999
4785,2017,8,10,11,133,128,10209,70,15,4,0,-9999
4786,2017,8,10,12,156,139,10210,0,0,2,0,-9999
4787,2017,8,10,13,189,150,10209,110,21,0,0,-9999
4788,2017,8,10,14,217,156,10210,190,21,0,0,-9999
4789,2017,8,10,15,239,172,10208,240,21,0,0,-9999
4790,2017,8,10,16,250,172,10205,-9999,15,-9999,0,-9999
4791,2017,8,10,17,261,156,10206,0,0,-9999,0,-9999
4792,2017,8,10,18,272,167,10201,0,0,2,0,-9999
4793,2017,8,10,19,267,161,10198,0,0,-9999,0,-9999
4794,2017,8,10,20,278,167,10191,-9999,15,0,0,-9999
4795,2017,8,10,21,272,156,10186,0,0,2,0,-9999
4796,2017,8,10,22,272,167,10182,-9999,-9999,4,0,-9999
4797,2017,8,10,23,267,161,10178,-9999,-9999,0,0,-9999
4798,2017,8,11,0,250,183,10177,80,15,-9999,0,-9999
4799,2017,8,11,1,228,178,10179,0,0,2,0,-9999
4800,2017,8,11,2,211,178,10180,90,26,2,0,-9999
4801,2017,8,11,3,189,172,10186,260,21,0,0,-9999
4802,2017,8,11,4,183,172,10181,220,15,0,0,-9999
4803,2017,8,11,5,178,167,10182,0,0,-9999,0,-9999
4804,2017,8,11,6,161,150,10181,0,0,0,0,-9999
4805,2017,8,11,7,167,156,10183,220,26,0,0,-9999
4806,2017,8,11,8,161,144,10178,0,0,0,0,-9999
4807,2017,8,11,9,156,150,10175,170,15,0,0,-9999
4808,2017,8,11,10,161,150,10174,170,15,0,0,-9999
4809,2017,8,11,11,178,150,10177,-9999,-9999,-9999,0,-9999
4810,2017,8,11,12,183,156,10175,-9999,-9999,4,0,-9999
4811,2017,8,11,13,194,167,10178,240,26,-9999,0,-9999
4812,2017,8,11,14,222,172,10174,200,21,0,0,-9999
4813,2017,8,11,15,228,178,10176,210,21,0,0,-9999
4814,2017,8,11,16,244,189,10175,-9999,15,0,0,-9999
4815,2017,8,11,17,261,178,10171,270,26,0,0,-9999
4816,2017,8,11,18,256,183,10169,240,21,0,0,-9999
4817,2017,8,11,19,261,183,10164,250,15,-9999,0,-9999
4818,2017,8,11,20,261,194,10158,200,15,-9999,-1,-9999
4819,2017,8,11,21,244,194,10155,220,46,-9999,0,-9999
4820,2017,8,11,22,256,194,10148,240,41,-9999,-1,-9999
4821,2017,8,11,23,261,194,10143,220,36,2,0,-9999
4822,2017,8,12,1,222,189,10150,50,57,-9999,0,-9999
4823,2017,8,12,2,200,178,10150,90,31,-9999,0,-9999
4824,2017,8,12,3,200,178,10151,90,31,-9999,0,-9999
4825,2017,8,12,4,189,183,10149,50,21,-9999,3,-9999
4826,2017,8,12,5,190,180,-9999,180,21,-9999,5,-9999
4827,2017,8,12,6,189,183,10146,160,15,-9999,18,25
4828,2017,8,12,7,189,183,10145,0,0,-9999,-1,-9999
4829,2017,8,12,8,183,178,10144,330,15,-9999,0,-9999
4830,2017,8,12,9,183,183,10144,280,15,-9999,0,-9999
4831,2017,8,12,10,178,172,10148,320,15,-9999,0,-9999
4832,2017,8,12,11,167,156,10150,330,21,0,0,-9999
4833,2017,8,12,12,172,161,10158,320,31,2,0,-9999
4834,2017,8,12,13,183,161,10158,340,31,0,0,-9999
4835,2017,8,12,14,200,161,10159,-9999,-9999,0,0,-9999
4836,2017,8,12,15,217,156,10163,360,36,0,0,-9999
4837,2017,8,12,16,228,161,10163,320,41,4,0,-9999
4838,2017,8,12,17,233,161,10164,330,51,4,0,-9999
4839,2017,8,12,18,239,156,10164,340,57,2,0,-9999
4840,2017,8,12,19,250,150,10163,330,41,4,0,-9999
4841,2017,8,12,20,250,139,10158,340,51,4,0,-9999
4842,2017,8,12,21,256,144,10154,320,41,4,0,-9999
4843,2017,8,12,22,239,144,10154,330,31,4,0,-9999
4844,2017,8,12,23,244,150,10156,330,31,2,0,-9999
4845,2017,8,13,0,222,150,10157,340,26,0,0,-9999
4846,2017,8,13,1,200,144,10157,0,0,0,0,-9999
4847,2017,8,13,2,172,144,10163,270,15,0,0,-9999
4848,2017,8,13,3,156,144,10166,0,0,0,0,-9999
4849,2017,8,13,4,161,139,10167,0,0,0,0,-9999
4850,2017,8,13,5,156,139,10170,300,15,0,0,-9999
4851,2017,8,13,6,150,139,10173,290,21,2,0,-9999
4852,2017,8,13,7,150,139,10172,300,15,0,0,-9999
4853,2017,8,13,8,150,133,10171,340,15,0,0,-9999
4854,2017,8,13,9,144,139,10173,0,0,0,0,-9999
4855,2017,8,13,10,139,133,10175,0,0,0,0,-9999
4856,2017,8,13,11,139,139,10180,0,0,0,0,-9999
4857,2017,8,13,12,156,144,10183,0,0,2,0,-9999
4858,2017,8,13,13,183,161,10184,60,31,0,0,-9999
4859,2017,8,13,14,211,167,10186,100,26,0,0,-9999
4860,2017,8,13,15,222,167,10188,110,26,0,0,-9999
4861,2017,8,13,16,233,156,10188,-9999,21,0,0,-9999
4862,2017,8,13,17,244,144,10185,70,26,0,0,-9999
4863,2017,8,13,18,250,156,10181,-9999,15,4,0,-9999
4864,2017,8,13,19,256,150,10179,100,26,2,0,-9999
4865,2017,8,13,20,261,156,10172,160,26,0,0,-9999
4866,2017,8,13,21,261,139,10165,-9999,26,0,0,-9999
4867,2017,8,13,22,250,150,10166,120,21,2,0,-9999
4868,2017,8,13,23,250,156,10163,110,26,0,0,-9999
4869,2017,8,14,0,222,167,10163,100,15,0,0,-9999
4870,2017,8,14,1,200,161,10161,80,15,0,0,-9999
4871,2017,8,14,2,189,161,10165,120,15,0,0,-9999
4872,2017,8,14,3,172,156,10164,120,15,0,0,-9999
4873,2017,8,14,4,161,150,10160,90,21,0,0,-9999
4874,2017,8,14,5,161,150,10159,80,15,0,0,-9999
4875,2017,8,14,6,161,150,10156,0,0,0,0,-9999
4876,2017,8,14,7,161,150,10153,70,21,0,0,-9999
4877,2017,8,14,8,156,144,10153,80,21,0,0,-9999
4878,2017,8,14,9,156,144,10152,90,21,0,0,-9999
4879,2017,8,14,10,161,150,10149,0,0,0,0,-9999
4880,2017,8,14,11,161,150,10151,110,21,0,0,-9999
4881,2017,8,14,12,161,156,10154,70,21,0,0,-9999
4882,2017,8,14,13,194,167,10148,110,21,0,0,-9999
4883,2017,8,14,14,211,172,10147,130,26,0,0,-9999
4884,2017,8,14,15,239,183,10145,-9999,21,0,0,-9999
4885,2017,8,14,16,250,183,10143,170,26,0,0,-9999
4886,2017,8,14,17,256,161,10142,190,26,2,0,-9999
4887,2017,8,14,18,261,172,10138,-9999,15,0,0,-9999
4888,2017,8,14,19,267,161,10135,-9999,15,4,0,-9999
4889,2017,8,14,20,267,172,10124,110,26,-9999,0,-9999
4890,2017,8,14,21,272,178,10115,120,31,-9999,0,-9999
4891,2017,8,14,22,250,183,10115,140,21,-9999,0,-9999
4892,2017,8,14,23,250,189,10114,160,21,-9999,0,-9999
4893,2017,8,15,0,233,194,10117,240,15,-9999,0,-9999
4894,2017,8,15,1,228,200,10116,140,15,-9999,0,-9999
4895,2017,8,15,2,217,200,10117,150,15,0,0,-9999
4896,2017,8,15,3,200,189,10120,130,15,0,0,-9999
4897,2017,8,15,4,206,194,10117,150,26,0,0,-9999
4898,2017,8,15,5,194,183,10119,0,0,0,0,-9999
4899,2017,8,15,6,180,180,-9999,0,0,0,0,-9999
4900,2017,8,15,7,183,178,10118,0,0,0,0,-9999
4901,2017,8,15,8,172,167,10116,0,0,-9999,0,-9999
4902,2017,8,15,9,170,170,-9999,0,0,-9999,0,-9999
4903,2017,8,15,10,161,161,10119,0,0,-9999,0,-9999
4904,2017,8,15,11,156,156,10122,0,0,-9999,0,-9999
4905,2017,8,15,12,178,172,10129,0,0,-9999,0,-9999
4906,2017,8,15,13,217,206,10132,240,15,0,0,-9999
4907,2017,8,15,14,233,206,10133,310,26,0,0,-9999
4908,2017,8,15,15,256,200,10134,310,26,2,0,-9999
4909,2017,8,15,16,272,189,10137,290,41,4,0,-9999
4910,2017,8,15,17,278,183,10139,330,26,2,0,-9999
4911,2017,8,15,18,283,189,10137,-9999,21,-9999,0,-9999
4912,2017,8,15,19,289,194,10135,270,31,-9999,0,-9999
4913,2017,8,15,20,300,194,10132,220,36,-9999,0,-9999
4914,2017,8,15,21,300,189,10129,-9999,21,-9999,0,-9999
4915,2017,8,15,22,289,189,10130,-9999,15,2,0,-9999
4916,2017,8,15,23,294,189,10130,320,15,2,0,-9999
4917,2017,8,16,0,267,206,10131,0,0,0,0,-9999
4918,2017,8,16,1,228,206,10134,0,0,4,0,-9999
4919,2017,8,16,2,244,206,10140,290,21,-9999,0,-9999
4920,2017,8,16,3,228,206,10145,0,0,-9999,0,-9999
4921,2017,8,16,4,222,206,10148,0,0,-9999,0,-9999
4922,2017,8,16,5,206,200,10151,0,0,4,0,-9999
4923,2017,8,16,6,211,206,10154,0,0,-9999,0,-9999
4924,2017,8,16,7,206,194,10153,70,15,-9999,0,-9999
4925,2017,8,16,8,194,189,10153,0,0,0,0,-9999
4926,2017,8,16,10,190,190,-9999,0,0,-9999,0,-9999
4927,2017,8,16,11,172,172,10168,100,15,-9999,0,-9999
4928,2017,8,16,12,189,189,10172,110,21,4,0,-9999
4929,2017,8,16,13,222,206,10175,150,15,4,0,-9999
4930,2017,8,16,14,250,217,10175,210,15,0,0,-9999
4931,2017,8,16,15,278,211,10176,290,15,0,0,-9999
4932,2017,8,16,16,289,206,10175,-9999,21,4,0,-9999
4933,2017,8,16,17,300,206,10171,-9999,21,-9999,0,-9999
4934,2017,8,16,18,294,206,10168,-9999,21,2,0,-9999
4935,2017,8,16,19,300,200,10163,0,0,0,0,-9999
4936,2017,8,16,20,306,206,10156,-9999,15,0,0,-9999
4937,2017,8,16,21,306,211,10150,-9999,21,4,0,-9999
4938,2017,8,16,22,294,206,10147,170,15,0,0,-9999
4939,2017,8,16,23,278,222,10147,120,21,0,0,-9999
4940,2017,8,17,1,250,217,10151,120,21,0,0,-9999
4941,2017,8,17,2,244,206,10156,150,26,4,0,-9999
4942,2017,8,17,3,233,217,10156,160,21,2,0,-9999
4943,2017,8,17,4,217,206,10152,130,26,0,-1,-9999
4944,2017,8,17,5,228,217,10147,150,21,0,0,-9999
4945,2017,8,17,6,233,217,10144,170,26,0,0,-1
4946,2017,8,17,7,233,217,10139,190,21,0,0,-9999
4947,2017,8,17,8,228,217,10137,190,15,0,0,-9999
4948,2017,8,17,10,222,217,10140,220,67,-9999,0,-9999
4949,2017,8,17,11,217,211,10144,150,15,-9999,28,-9999
4950,2017,8,17,12,217,211,10142,0,0,0,20,48
4951,2017,8,17,13,239,228,10144,200,26,4,0,-9999
4952,2017,8,17,14,250,233,10139,220,46,2,0,-9999
4953,2017,8,17,15,267,239,10133,230,46,-9999,0,-9999
4954,2017,8,17,16,283,239,10128,210,57,-9999,0,-9999
4955,2017,8,17,17,289,244,10118,190,41,-9999,0,-9999
4956,2017,8,17,18,283,233,10113,220,41,2,-1,-1
4957,2017,8,17,19,272,228,10105,200,21,-9999,0,-9999
4958,2017,8,17,20,244,233,10107,180,15,-9999,-1,-9999
4959,2017,8,17,21,233,228,10110,190,31,-9999,43,-9999
4960,2017,8,17,22,239,228,10107,210,41,0,3,-9999
4961,2017,8,17,23,250,228,10104,220,57,4,-1,-9999
4962,2017,8,18,0,244,228,10103,220,31,-9999,3,48
4963,2017,8,18,1,239,228,10107,210,26,2,0,-9999
4964,2017,8,18,2,233,222,10109,200,21,0,0,-9999
4965,2017,8,18,3,233,222,10111,210,41,4,0,-9999
4966,2017,8,18,4,233,222,10110,220,41,-9999,0,-9999
4967,2017,8,18,5,228,222,10104,230,26,2,0,-9999
4968,2017,8,18,6,228,222,10103,230,41,-9999,0,-9999
4969,2017,8,18,7,222,217,10098,210,26,-9999,0,-9999
4970,2017,8,18,8,222,222,10098,240,26,-9999,0,-9999
4971,2017,8,18,9,222,217,10100,230,31,-9999,0,-9999
4972,2017,8,18,10,217,211,10107,240,31,2,0,-9999
4973,2017,8,18,11,211,206,10108,210,21,0,0,-9999
4974,2017,8,18,12,217,211,10110,240,31,2,0,-9999
4975,2017,8,18,13,228,206,10114,280,41,-9999,0,-9999
4976,2017,8,18,14,239,200,10116,270,51,2,0,-9999
4977,2017,8,18,15,256,194,10116,260,51,2,0,-9999
4978,2017,8,18,16,261,189,10118,260,51,4,0,-9999
4979,2017,8,18,17,261,183,10118,250,67,-9999,0,-9999
4980,2017,8,18,18,267,189,10119,290,67,-9999,0,-9999
4981,2017,8,18,19,278,189,10119,250,62,-9999,0,-9999
4982,2017,8,18,20,278,189,10117,280,57,0,0,-9999
4983,2017,8,18,21,261,183,10116,270,46,-9999,0,-9999
4984,2017,8,18,22,272,183,10117,260,46,-9999,0,-9999
4985,2017,8,18,23,261,183,10116,260,36,4,0,-9999
4986,2017,8,19,0,244,178,10121,250,41,0,0,-9999
4987,2017,8,19,1,217,178,10123,240,31,0,0,-9999
4988,2017,8,19,2,200,178,10127,240,31,0,0,-9999
4989,2017,8,19,3,200,178,10130,240,36,0,0,-9999
4990,2017,8,19,4,200,178,10132,240,36,0,0,-9999
4991,2017,8,19,5,189,172,10138,270,26,0,0,-9999
4992,2017,8,19,6,189,172,10138,240,21,0,0,-9999
4993,2017,8,19,7,189,172,10134,0,0,0,0,-9999
4994,2017,8,19,8,189,178,10130,0,0,0,0,-9999
4995,2017,8,19,9,183,172,10128,0,0,0,0,-9999
4996,2017,8,19,10,189,178,10131,210,31,-9999,0,-9999
4997,2017,8,19,11,194,183,10142,240,36,-9999,0,-9999
4998,2017,8,19,12,194,183,10135,230,26,0,-1,-1
4999,2017,8,19,13,211,189,10136,220,26,0,-1,-9999
5000,2017,8,19,14,222,194,10138,220,36,-9999,0,-9999
5001,2017,8,19,15,239,189,10140,270,41,0,0,-9999
5002,2017,8,19,16,250,194,10146,260,51,0,0,-9999
5003,2017,8,19,17,272,194,10145,250,46,0,0,-9999
5004,2017,8,19,18,278,183,10140,260,46,2,0,-9999
5005,2017,8,19,19,283,194,10138,250,46,2,0,-9999
5006,2017,8,19,20,294,189,10133,280,51,0,0,-9999
5007,2017,8,19,21,289,194,10133,260,36,2,0,-9999
5008,2017,8,19,22,283,189,10133,310,51,2,0,-9999
5009,2017,8,19,23,267,194,10139,350,41,0,0,-9999
5010,2017,8,20,0,250,189,10144,340,31,0,0,-9999
5011,2017,8,20,1,233,178,10149,40,21,0,0,-9999
5012,2017,8,20,2,211,161,10155,40,21,0,0,-9999
5013,2017,8,20,3,200,172,10163,150,15,0,0,-9999
5014,2017,8,20,4,178,167,10169,0,0,0,0,-9999
5015,2017,8,20,5,172,161,10168,60,21,0,0,-9999
5016,2017,8,20,6,178,167,10171,0,0,0,0,-9999
5017,2017,8,20,7,172,161,10172,90,15,0,0,-9999
5018,2017,8,20,8,167,156,10171,70,15,4,0,-9999
5019,2017,8,20,9,172,156,10176,80,15,-9999,0,-9999
5020,2017,8,20,10,172,161,10179,0,0,-9999,0,-9999
5021,2017,8,20,11,167,161,10180,130,15,0,0,-9999
5022,2017,8,20,12,183,172,10187,90,15,-9999,0,-9999
5023,2017,8,20,13,217,194,10188,120,26,-9999,0,-9999
5024,2017,8,20,14,239,206,10192,130,31,0,0,-9999
5025,2017,8,20,15,256,211,10192,140,36,0,0,-9999
5026,2017,8,20,16,272,217,10195,190,31,0,0,-9999
5027,2017,8,20,17,283,222,10193,160,31,2,0,-9999
5028,2017,8,20,18,289,217,10190,170,26,4,0,-9999
5029,2017,8,20,19,294,211,10185,210,26,-9999,0,-9999
5030,2017,8,20,20,300,206,10178,190,31,2,0,-9999
5031,2017,8,20,21,300,206,10174,170,36,2,0,-9999
5032,2017,8,20,22,294,206,10175,180,26,0,0,-9999
5033,2017,8,20,23,278,211,10180,180,15,-9999,0,-9999
5034,2017,8,21,0,272,217,10187,260,31,-9999,0,-9999
5035,2017,8,21,1,244,194,10189,220,15,0,0,-9999
5036,2017,8,21,2,222,200,10192,150,15,0,0,-9999
5037,2017,8,21,3,211,194,10195,180,15,0,0,-9999
5038,2017,8,21,4,200,189,10195,0,0,0,0,-9999
5039,2017,8,21,5,194,183,10201,0,0,0,0,-9999
5040,2017,8,21,6,194,183,10199,0,0,0,0,-9999
5041,2017,8,21,7,194,183,10202,170,15,-9999,0,-9999
5042,2017,8,21,8,217,189,10198,0,0,4,0,-9999
5043,2017,8,21,9,217,194,10196,200,15,-9999,0,-9999
5044,2017,8,21,10,217,194,10201,210,36,4,0,-9999
5045,2017,8,21,11,217,194,10205,200,21,2,0,-9999
5046,2017,8,21,12,222,200,10209,220,31,0,0,-9999
5047,2017,8,21,13,239,211,10211,240,26,0,0,-9999
5048,2017,8,21,14,261,222,10211,250,21,0,0,-9999
5049,2017,8,21,15,278,228,10213,-9999,21,0,0,-9999
5050,2017,8,21,16,294,211,10210,230,41,0,0,-9999
5051,2017,8,21,17,300,217,10206,200,41,0,0,-9999
5052,2017,8,21,18,283,206,10205,-9999,-9999,0,0,-9999
5053,2017,8,21,19,272,217,10198,180,26,0,0,-9999
5054,2017,8,21,20,306,222,10189,200,26,-9999,0,-9999
5055,2017,8,21,21,300,211,10189,210,41,4,0,-9999
5056,2017,8,21,22,283,222,10190,200,15,-9999,0,-9999
5057,2017,8,21,23,272,228,10190,210,15,2,0,-9999
5058,2017,8,22,0,267,217,10184,190,15,2,0,-9999
5059,2017,8,22,1,256,217,10184,160,26,0,0,-9999
5060,2017,8,22,2,244,217,10188,0,0,0,0,-9999
5061,2017,8,22,3,239,211,10180,190,15,0,0,-9999
5062,2017,8,22,4,239,206,10178,190,26,0,0,-9999
5063,2017,8,22,5,233,206,10172,210,26,0,0,-9999
5064,2017,8,22,6,239,200,10165,200,21,0,0,-9999
5065,2017,8,22,7,239,200,10159,200,21,0,0,-9999
5066,2017,8,22,8,239,200,10152,210,31,0,0,-9999
5067,2017,8,22,9,233,200,10146,210,41,0,0,-9999
5068,2017,8,22,10,228,200,10145,210,36,0,0,-9999
5069,2017,8,22,11,228,200,10145,210,36,0,0,-9999
5070,2017,8,22,12,228,200,10141,210,46,0,0,-9999
5071,2017,8,22,13,244,211,10139,220,36,4,0,-9999
5072,2017,8,22,14,239,217,10136,210,46,-9999,0,-9999
5073,2017,8,22,15,256,228,10134,230,46,-9999,3,-9999
5074,2017,8,22,16,233,206,10138,270,62,-9999,-1,-9999
5075,2017,8,22,17,250,222,10131,280,57,0,5,-9999
5076,2017,8,22,18,222,206,10139,280,51,-9999,64,81
5077,2017,8,22,19,228,206,10127,220,41,-9999,10,-9999
5078,2017,8,22,20,244,211,10120,260,67,4,-1,-9999
5079,2017,8,22,21,256,206,10117,260,62,-9999,0,-9999
5080,2017,8,22,22,261,206,10118,270,62,2,0,-9999
5081,2017,8,22,23,256,194,10117,280,57,4,0,-9999
5082,2017,8,23,0,244,194,10121,260,36,2,0,-9999
5083,2017,8,23,2,211,183,10133,300,26,0,0,-9999
5084,2017,8,23,3,211,178,10134,320,36,2,0,-9999
5085,2017,8,23,4,194,172,10139,310,26,0,0,-9999
5086,2017,8,23,5,189,167,10143,340,46,0,0,-9999
5087,2017,8,23,6,172,139,10148,340,31,0,0,-9999
5088,2017,8,23,7,156,128,10150,320,21,0,0,-9999
5089,2017,8,23,8,144,128,10151,310,21,0,0,-9999
5090,2017,8,23,9,144,128,10151,310,31,0,0,-9999
5091,2017,8,23,10,139,122,10153,310,21,0,0,-9999
5092,2017,8,23,11,128,117,10157,310,15,0,0,-9999
5093,2017,8,23,12,144,133,10161,0,0,0,0,-9999
5094,2017,8,23,13,172,139,10164,310,15,0,0,-9999
5095,2017,8,23,14,200,144,10167,320,26,0,0,-9999
5096,2017,8,23,15,217,144,10168,320,31,0,0,-9999
5097,2017,8,23,16,211,139,10171,290,31,-9999,0,-9999
5098,2017,8,23,17,228,133,10167,310,36,-9999,0,-9999
5099,2017,8,23,18,222,128,10167,300,36,4,0,-9999
5100,2017,8,23,19,239,128,10163,310,46,4,0,-9999
5101,2017,8,23,20,228,117,10160,320,36,-9999,0,-9999
5102,2017,8,23,21,239,117,10155,280,46,4,0,-9999
5103,2017,8,23,22,228,117,10155,320,31,-9999,0,-9999
5104,2017,8,23,23,228,128,10155,320,31,4,0,-9999
5105,2017,8,24,0,211,133,10153,310,15,0,0,-9999
5106,2017,8,24,1,178,133,10157,300,21,0,0,-9999
5107,2017,8,24,2,178,128,10158,310,26,-9999,0,-9999
5108,2017,8,24,3,161,128,10160,300,15,0,0,-9999
5109,2017,8,24,4,156,122,10164,310,26,0,0,-9999
5110,2017,8,24,5,150,117,10168,310,21,0,0,-9999
5111,2017,8,24,6,139,111,10169,310,21,0,0,-9999
5112,2017,8,24,7,139,111,10168,320,21,0,0,-9999
5113,2017,8,24,8,133,106,10169,320,26,0,0,-9999
5114,2017,8,24,9,128,106,10169,330,26,0,0,-9999
5115,2017,8,24,10,117,100,10172,310,26,0,0,-9999
5116,2017,8,24,11,111,100,10175,0,0,0,0,-9999
5117,2017,8,24,12,128,111,10179,310,26,0,0,-9999
5118,2017,8,24,13,150,117,10184,330,31,0,0,-9999
5119,2017,8,24,14,178,133,10185,340,36,0,0,-9999
5120,2017,8,24,15,200,128,10187,320,41,0,0,-9999
5121,2017,8,24,16,211,117,10186,320,41,0,0,-9999
5122,2017,8,24,17,222,117,10185,330,46,0,0,-9999
5123,2017,8,24,18,228,106,10183,330,41,0,0,-9999
5124,2017,8,24,19,233,100,10184,320,26,0,0,-9999
5125,2017,8,24,20,233,100,10180,330,41,0,0,-9999
5126,2017,8,24,21,233,100,10181,330,36,4,0,-9999
5127,2017,8,24,22,222,106,10181,340,36,-9999,0,-9999
5128,2017,8,24,23,217,111,10179,340,41,2,0,-9999
5129,2017,8,25,0,194,117,10184,360,31,0,0,-9999
5130,2017,8,25,1,178,111,10187,20,31,2,0,-9999
5131,2017,8,25,2,172,106,10192,40,36,-9999,0,-9999
5132,2017,8,25,3,150,106,10197,50,36,0,0,-9999
5133,2017,8,25,4,133,106,10199,50,31,2,0,-9999
5134,2017,8,25,5,144,106,10202,70,26,-9999,0,-9999
5135,2017,8,25,6,144,117,10203,90,26,-9999,0,-9999
5136,2017,8,25,7,139,100,10209,20,21,4,0,-9999
5137,2017,8,25,8,128,106,10212,70,21,-9999,0,-9999
5138,2017,8,25,9,122,106,10217,40,26,2,0,-9999
5139,2017,8,25,10,111,100,10222,60,21,0,0,-9999
5140,2017,8,25,11,117,106,10229,30,15,2,0,-9999
5141,2017,8,25,12,117,106,10234,0,0,0,0,-9999
5142,2017,8,25,13,150,122,10235,60,31,0,0,-9999
5143,2017,8,25,14,172,122,10236,70,36,0,0,-9999
5144,2017,8,25,15,194,128,10239,70,31,0,0,-9999
5145,2017,8,25,16,200,117,10241,110,31,-9999,0,-9999
5146,2017,8,25,17,200,111,10241,60,36,-9999,0,-9999
5147,2017,8,25,18,211,106,10241,-9999,15,4,0,-9999
5148,2017,8,25,19,217,100,10239,350,15,-9999,0,-9999
5149,2017,8,25,20,222,94,10233,240,21,4,0,-9999
5150,2017,8,25,21,211,100,10232,0,0,4,0,-9999
5151,2017,8,25,22,211,100,10233,0,0,4,0,-9999
5152,2017,8,25,23,194,122,10234,50,21,0,0,-9999
5153,2017,8,26,0,183,133,10238,80,15,0,0,-9999
5154,2017,8,26,1,167,117,10239,0,0,0,0,-9999
5155,2017,8,26,2,133,117,10244,50,15,0,0,-9999
5156,2017,8,26,3,139,111,10247,60,26,0,0,-9999
5157,2017,8,26,4,128,106,10249,50,36,0,0,-9999
5158,2017,8,26,5,128,100,10251,60,36,0,0,-9999
5159,2017,8,26,6,117,94,10251,60,31,0,0,-9999
5160,2017,8,26,7,111,94,10252,50,21,0,0,-9999
5161,2017,8,26,8,111,89,10249,60,21,0,0,-9999
5162,2017,8,26,9,100,83,10250,60,21,0,0,-9999
5163,2017,8,26,10,106,83,10253,80,15,0,0,-9999
5164,2017,8,26,11,100,83,10258,70,21,0,0,-9999
5165,2017,8,26,12,106,89,10260,60,26,0,0,-9999
5166,2017,8,26,13,144,111,10263,80,26,0,0,-9999
5167,2017,8,26,14,178,117,10262,80,26,0,0,-9999
5168,2017,8,26,15,200,122,10263,80,36,0,0,-9999
5169,2017,8,26,16,211,122,10258,90,41,2,0,-9999
5170,2017,8,26,17,217,111,10254,40,26,0,0,-9999
5171,2017,8,26,18,222,111,10251,50,41,0,0,-9999
5172,2017,8,26,19,228,117,10245,90,41,0,0,-9999
5173,2017,8,26,20,228,106,10241,20,36,0,0,-9999
5174,2017,8,26,21,228,111,10237,80,41,0,0,-9999
5175,2017,8,26,22,222,94,10239,40,26,0,0,-9999
5176,2017,8,26,23,217,117,10237,70,26,0,0,-9999
5177,2017,8,27,0,189,122,10238,50,26,0,0,-9999
5178,2017,8,27,1,172,117,10238,50,21,0,0,-9999
5179,2017,8,27,2,156,111,10240,50,46,0,0,-9999
5180,2017,8,27,3,139,106,10242,50,26,0,0,-9999
5181,2017,8,27,4,133,100,10238,60,36,0,0,-9999
5182,2017,8,27,5,117,89,10235,60,21,0,0,-9999
5183,2017,8,27,6,117,89,10233,60,31,0,0,-9999
5184,2017,8,27,7,122,89,10230,80,15,0,0,-9999
5185,2017,8,27,8,111,89,10229,60,15,0,0,-9999
5186,2017,8,27,9,106,89,10224,0,0,0,0,-9999
5187,2017,8,27,10,100,83,10225,50,15,0,0,-9999
5188,2017,8,27,11,94,83,10223,90,15,0,0,-9999
5189,2017,8,27,12,106,89,10226,50,26,0,0,-9999
5190,2017,8,27,13,150,117,10222,80,36,0,0,-9999
5191,2017,8,27,15,206,122,10220,60,31,0,0,-9999
5192,2017,8,27,16,222,117,10218,100,36,0,0,-9999
5193,2017,8,27,17,228,111,10218,70,41,0,0,-9999
5194,2017,8,27,18,233,111,10208,-9999,21,0,0,-9999
5195,2017,8,27,19,244,106,10201,80,31,0,0,-9999
5196,2017,8,27,20,244,111,10195,100,31,0,0,-9999
5197,2017,8,27,21,244,106,10190,100,36,0,0,-9999
5198,2017,8,27,22,244,111,10189,90,36,0,0,-9999
5199,2017,8,27,23,233,133,10188,80,26,0,0,-9999
5200,2017,8,28,0,200,144,10185,60,21,0,0,-9999
5201,2017,8,28,1,178,128,10188,0,0,0,0,-9999
5202,2017,8,28,2,167,128,10189,70,15,0,0,-9999
5203,2017,8,28,3,172,128,10187,70,15,-9999,0,-9999
5204,2017,8,28,4,161,133,10183,70,15,0,0,-9999
5205,2017,8,28,5,161,128,10180,20,15,0,0,-9999
5206,2017,8,28,6,161,128,10177,60,15,0,0,-9999
5207,2017,8,28,7,144,128,10168,90,21,2,0,-9999
5208,2017,8,28,8,156,133,10163,100,31,0,0,-9999
5209,2017,8,28,9,156,139,10167,100,31,0,0,-9999
5210,2017,8,28,10,167,150,10174,50,15,-9999,0,-9999
5211,2017,8,28,11,156,150,10179,100,15,2,0,-9999
5212,2017,8,28,13,178,167,10182,120,21,0,0,-9999
5213,2017,8,28,14,189,172,10183,130,26,0,0,-9999
5214,2017,8,28,15,200,178,10184,130,15,4,0,-9999
5215,2017,8,28,16,206,178,10183,0,0,2,0,-9999
5216,2017,8,28,17,211,183,10177,110,36,-9999,0,-9999
5217,2017,8,28,18,217,194,10179,0,0,-9999,-1,-1
5218,2017,8,28,19,228,194,10177,150,31,-9999,-1,-9999
5219,2017,8,28,20,228,189,10174,140,36,-9999,-1,-9999
5220,2017,8,28,21,228,189,10173,130,51,2,0,-9999
5221,2017,8,28,22,222,189,10171,130,62,-9999,0,-9999
5222,2017,8,28,23,211,178,10174,150,51,-9999,0,-9999
5223,2017,8,29,0,200,178,10172,150,46,-9999,0,-1
5224,2017,8,29,1,189,172,10176,130,26,-9999,0,-9999
5225,2017,8,29,2,183,172,10180,120,21,-9999,0,-9999
5226,2017,8,29,3,183,172,10181,130,26,-9999,0,-9999
5227,2017,8,29,4,183,178,10179,130,31,-9999,-1,-9999
5228,2017,8,29,5,178,172,10176,120,31,-9999,0,-9999
5229,2017,8,29,6,172,167,10175,120,21,-9999,0,-1
5230,2017,8,29,7,172,167,10174,150,15,-9999,0,-9999
5231,2017,8,29,9,167,167,10169,120,26,-9999,0,-9999
5232,2017,8,29,10,167,167,10173,140,15,-9999,0,-9999
5233,2017,8,29,11,172,167,10179,210,15,-9999,0,-9999
5234,2017,8,29,12,167,167,10176,150,36,-9999,23,56
5235,2017,8,29,13,172,167,10173,160,26,2,36,-9999
5236,2017,8,29,14,194,172,10172,140,31,0,10,-9999
5237,2017,8,29,15,206,172,10175,190,15,2,3,-9999
5238,2017,8,29,16,222,172,10176,220,15,-9999,0,-9999
5239,2017,8,29,17,222,172,10175,180,31,-9999,0,-9999
5240,2017,8,29,18,233,178,10169,160,26,4,0,15
5241,2017,8,29,19,228,172,10166,220,21,0,0,-9999
5242,2017,8,29,20,222,172,10162,220,26,-9999,0,-9999
5243,2017,8,29,21,222,178,10160,200,31,0,0,-9999
5244,2017,8,29,22,217,183,10159,220,21,0,0,-9999
5245,2017,8,29,23,222,178,10161,230,15,0,0,-9999
5246,2017,8,30,0,200,183,10160,220,26,2,0,-9999
5247,2017,8,30,1,189,178,10162,260,21,-9999,0,-9999
5248,2017,8,30,2,178,167,10168,270,26,0,0,-9999
5249,2017,8,30,3,161,156,10166,0,0,0,0,-9999
5250,2017,8,30,4,156,156,10167,0,0,0,0,-9999
5251,2017,8,30,5,150,144,10165,250,21,0,0,-9999
5252,2017,8,30,6,156,150,10163,240,15,2,0,-9999
5253,2017,8,30,7,144,144,10159,320,21,4,0,-9999
5254,2017,8,30,8,144,144,10159,330,21,-9999,0,-9999
5255,2017,8,30,9,144,139,10162,0,0,-9999,0,-9999
5256,2017,8,30,10,144,144,10168,0,0,-9999,0,-9999
5257,2017,8,30,11,144,144,10172,350,15,-9999,0,-9999
5258,2017,8,30,12,150,150,10180,0,0,-9999,0,-9999
5259,2017,8,30,13,161,161,10184,320,15,-9999,0,-9999
5260,2017,8,30,14,189,183,10185,360,31,4,0,-9999
5261,2017,8,30,15,211,183,10185,330,21,-9999,0,-9999
5262,2017,8,30,16,233,172,10185,350,26,4,0,-9999
5263,2017,8,30,17,244,161,10182,350,36,2,0,-9999
5264,2017,8,30,18,239,156,10178,-9999,26,2,0,-9999
5265,2017,8,30,19,250,161,10174,240,21,2,0,-9999
5266,2017,8,30,20,250,156,10171,-9999,15,2,0,-9999
5267,2017,8,30,21,256,161,10169,330,26,2,0,-9999
5268,2017,8,30,22,250,161,10169,320,21,-9999,-9999,-9999
5269,2017,8,30,23,239,161,10171,350,26,2,-9999,-9999
5270,2017,8,31,0,233,167,10172,350,15,-9999,-9999,-9999
5271,2017,8,31,1,200,178,10176,0,0,-9999,0,-9999
5272,2017,8,31,2,189,178,10178,0,0,-9999,0,-9999
5273,2017,8,31,3,183,172,10177,0,0,-9999,0,-9999
5274,2017,8,31,4,178,167,10173,0,0,0,0,-9999
5275,2017,8,31,5,167,161,10174,0,0,0,0,-9999
5276,2017,8,31,6,167,161,10174,0,0,0,0,-9999
5277,2017,8,31,7,161,156,10174,0,0,0,0,-9999
5278,2017,8,31,8,161,156,10175,0,0,4,0,-9999
5279,2017,8,31,9,161,150,10174,0,0,2,0,-9999
5280,2017,8,31,10,156,150,10177,0,0,0,0,-9999
5281,2017,8,31,11,150,144,10183,0,0,2,0,-9999
5282,2017,8,31,12,150,144,10187,0,0,0,0,-9999
5283,2017,8,31,13,183,172,10193,340,15,-9999,0,-9999
5284,2017,8,31,14,200,172,10190,20,21,0,0,-9999
5285,2017,8,31,15,222,172,10192,90,15,0,0,-9999
5286,2017,8,31,16,228,167,10191,120,21,0,0,-9999
5287,2017,8,31,17,233,172,10187,90,21,-9999,0,-9999
5288,2017,8,31,18,256,167,10181,340,26,-9999,0,-9999
5289,2017,8,31,19,256,161,10177,320,26,2,0,-9999
5290,2017,8,31,20,244,172,10172,30,46,-9999,0,-9999
5291,2017,8,31,21,244,167,10170,30,57,-9999,-9999,-9999
5292,2017,8,31,22,239,172,10170,40,67,2,-9999,-9999
5293,2017,8,31,23,211,161,10175,50,62,0,-9999,-9999
5294,2017,9,1,0,194,150,10183,40,62,0,-9999,-9999
5295,2017,9,1,1,178,133,10184,40,88,0,-9999,-9999
5296,2017,9,1,2,167,117,10189,50,62,0,-9999,-9999
5297,2017,9,1,3,161,117,10185,60,77,0,-9999,-9999
5298,2017,9,1,4,156,106,10191,60,82,0,-9999,-9999
5299,2017,9,1,5,150,111,10196,70,57,0,-9999,-9999
5300,2017,9,1,6,144,111,10194,50,67,0,0,-9999
5301,2017,9,1,7,144,111,10191,50,57,0,0,-9999
5302,2017,9,1,8,139,117,10189,60,62,0,0,-9999
5303,2017,9,1,9,139,117,10179,60,67,0,0,-9999
5304,2017,9,1,10,133,111,10182,70,57,0,0,-9999
5305,2017,9,1,11,133,111,10182,60,72,0,0,-9999
5306,2017,9,1,12,133,100,10188,70,72,0,0,-9999
5307,2017,9,1,13,133,94,10183,70,72,0,0,-9999
5308,2017,9,1,14,133,89,10189,70,77,0,0,-9999
5309,2017,9,1,15,133,89,10185,60,108,0,0,-9999
5310,2017,9,1,16,139,83,10182,60,108,2,0,-9999
5311,2017,9,1,17,139,78,10186,70,77,-9999,0,-9999
5312,2017,9,1,18,133,78,10174,50,98,-9999,0,-1
5313,2017,9,1,19,139,83,10170,60,93,-9999,-1,-9999
5314,2017,9,1,20,128,94,10170,60,62,-9999,-1,-9999
5315,2017,9,1,21,128,100,10165,40,57,-9999,3,-9999
5316,2017,9,1,22,133,94,10165,50,57,-9999,10,-9999
5317,2017,9,1,23,128,94,10169,50,51,-9999,-1,-9999
5318,2017,9,2,0,133,83,10166,40,62,-9999,3,15
5319,2017,9,2,1,128,89,10167,60,51,-9999,-1,-9999
5320,2017,9,2,2,133,89,10167,60,46,-9999,-1,-9999
5321,2017,9,2,3,139,83,10161,50,72,-9999,-1,-9999
5322,2017,9,2,4,122,94,10160,50,62,-9999,0,-9999
5323,2017,9,2,5,117,100,10157,70,57,-9999,3,-9999
5324,2017,9,2,6,117,100,10150,60,72,-9999,15,25
5325,2017,9,2,7,111,106,10146,70,57,-9999,8,-9999
5326,2017,9,2,8,117,111,10145,70,57,-9999,15,-9999
5327,2017,9,2,9,117,111,10140,70,46,-9999,13,-9999
5328,2017,9,2,10,117,111,10142,70,62,-9999,5,-9999
5329,2017,9,2,11,117,111,10146,80,36,-9999,-1,-9999
5330,2017,9,2,12,117,111,10150,80,36,-9999,3,46
5331,2017,9,2,13,122,117,10151,50,31,-9999,10,-9999
5332,2017,9,2,14,128,117,10152,80,36,-9999,-1,-9999
5333,2017,9,2,15,128,117,10155,70,36,-9999,-1,-9999
5334,2017,9,2,16,128,122,10158,50,26,-9999,-1,-9999
5335,2017,9,2,17,133,122,10156,50,15,-9999,-1,-9999
5336,2017,9,2,18,139,128,10158,120,15,-9999,0,-9999
5337,2017,9,2,19,139,128,10157,0,0,-9999,0,-9999
5338,2017,9,2,20,144,133,10155,0,0,-9999,0,-9999
5339,2017,9,2,21,150,133,10152,210,15,-9999,0,-9999
5340,2017,9,2,22,150,133,10158,230,31,-9999,0,-9999
5341,2017,9,2,23,144,139,10157,230,15,-9999,0,-9999
5342,2017,9,3,0,144,139,10158,220,26,-9999,-1,3
5343,2017,9,3,1,144,139,10159,230,26,-9999,3,-9999
5344,2017,9,3,2,144,139,10163,250,31,-9999,0,-9999
5345,2017,9,3,3,144,139,10162,210,21,-9999,0,-9999
5346,2017,9,3,4,144,139,10164,230,31,-9999,-1,-9999
5347,2017,9,3,5,144,144,10166,250,31,-9999,0,-9999
5348,2017,9,3,6,150,144,10165,240,26,-9999,0,-9999
5349,2017,9,3,7,150,144,10159,240,41,-9999,0,-9999
5350,2017,9,3,8,144,139,10158,230,31,-9999,0,-9999
5351,2017,9,3,9,144,139,10163,260,26,-9999,0,-9999
5352,2017,9,3,10,144,139,10164,230,26,-9999,-1,-9999
5353,2017,9,3,11,140,130,-9999,220,41,-9999,0,-9999
5354,2017,9,3,12,139,133,10168,230,46,-9999,0,-1
5355,2017,9,3,13,150,139,10169,240,41,0,0,-9999
5356,2017,9,3,14,172,139,10171,240,41,0,0,-9999
5357,2017,9,3,15,200,139,10171,260,51,0,0,-9999
5358,2017,9,3,16,211,144,10172,260,31,0,0,-9999
5359,2017,9,3,17,228,156,10170,290,51,2,0,-9999
5360,2017,9,3,18,233,156,10168,-9999,31,0,0,-9999
5361,2017,9,3,19,250,150,10164,270,46,-9999,0,-9999
5362,2017,9,3,20,256,150,10163,-9999,31,2,0,-9999
5363,2017,9,3,21,256,139,10163,280,41,4,0,-9999
5364,2017,9,3,22,256,133,10165,280,31,0,0,-9999
5365,2017,9,3,23,228,139,10167,260,21,0,0,-9999
5366,2017,9,4,0,194,144,10169,240,26,0,0,-9999
5367,2017,9,4,1,178,133,10169,230,21,0,0,-9999
5368,2017,9,4,2,161,128,10172,210,26,0,0,-9999
5369,2017,9,4,3,156,128,10173,220,15,0,0,-9999
5370,2017,9,4,4,144,128,10171,0,0,0,0,-9999
5371,2017,9,4,5,139,128,10168,210,15,0,0,-9999
5372,2017,9,4,6,122,111,10165,0,0,0,0,-9999
5373,2017,9,4,7,144,133,10160,200,15,0,0,-9999
5374,2017,9,4,8,144,133,10157,0,0,0,0,-9999
5375,2017,9,4,9,150,133,10153,190,21,0,0,-9999
5376,2017,9,4,10,156,150,10152,190,26,2,0,-9999
5377,2017,9,4,11,161,156,10150,190,21,0,0,-9999
5378,2017,9,4,12,172,167,10151,210,21,-9999,0,-9999
5379,2017,9,4,13,183,178,10148,220,41,-9999,0,-9999
5380,2017,9,4,14,189,189,10145,210,41,-9999,0,-9999
5381,2017,9,4,15,217,200,10139,220,41,-9999,0,-9999
5382,2017,9,4,16,244,200,10134,250,46,0,0,-9999
5383,2017,9,4,17,267,206,10123,230,72,0,0,-9999
5384,2017,9,4,18,278,206,10115,240,88,-9999,0,-9999
5385,2017,9,4,19,283,200,10105,240,93,-9999,0,-9999
5386,2017,9,4,20,283,211,10099,240,72,-9999,0,-9999
5387,2017,9,4,21,283,211,10090,230,62,-9999,0,-9999
5388,2017,9,4,22,278,206,10087,240,98,-9999,0,-9999
5389,2017,9,4,23,267,206,10076,220,62,4,0,-9999
5390,2017,9,5,0,256,200,10082,220,46,4,0,-9999
5391,2017,9,5,1,256,194,10092,220,57,-9999,0,-9999
5392,2017,9,5,2,250,194,10086,220,62,-9999,0,-9999
5393,2017,9,5,3,244,194,10082,230,77,2,0,-9999
5394,2017,9,5,4,189,172,10097,250,72,-9999,0,-9999
5395,2017,9,5,5,183,172,10079,200,31,-9999,30,-9999
5396,2017,9,5,6,180,170,-9999,0,0,-9999,51,86
5397,2017,9,5,7,178,178,10074,170,21,-9999,5,-9999
5398,2017,9,5,8,183,178,10075,0,0,-9999,53,-9999
5399,2017,9,5,9,183,178,10083,300,26,-9999,74,-9999
5400,2017,9,5,10,178,172,10082,310,31,-9999,71,-9999
5401,2017,9,5,11,167,161,10089,300,26,0,38,-9999
5402,2017,9,5,12,161,156,10099,270,26,0,3,239
5403,2017,9,5,13,167,161,10103,270,31,0,0,-9999
5404,2017,9,5,14,167,161,10106,280,36,0,0,-9999
5405,2017,9,5,15,183,161,10106,270,26,0,0,-9999
5406,2017,9,5,16,206,167,10108,260,36,2,0,-9999
5407,2017,9,5,17,211,144,10106,240,67,4,0,-9999
5408,2017,9,5,18,217,144,10106,250,46,-9999,0,-9999
5409,2017,9,5,19,222,133,10104,280,51,2,0,-9999
5410,2017,9,5,20,228,100,10099,270,72,-9999,0,-9999
5411,2017,9,5,21,217,106,10105,290,62,2,0,-9999
5412,2017,9,5,22,200,94,10106,300,57,2,0,-9999
5413,2017,9,5,23,194,89,10110,300,51,2,0,-9999
5414,2017,9,6,0,167,89,10120,290,36,0,0,-9999
5415,2017,9,6,1,133,94,10128,280,26,0,0,-9999
5416,2017,9,6,2,128,94,10130,280,31,0,0,-9999
5417,2017,9,6,3,122,94,10132,290,36,0,0,-9999
5418,2017,9,6,4,111,94,10135,270,31,0,0,-9999
5419,2017,9,6,5,106,94,10134,260,15,0,0,-9999
5420,2017,9,6,6,100,94,10136,0,0,0,0,-9999
5421,2017,9,6,7,100,89,10132,280,21,0,0,-9999
5422,2017,9,6,8,89,83,10133,0,0,0,0,-9999
5423,2017,9,6,9,83,83,10135,260,21,0,0,-9999
5424,2017,9,6,10,83,83,10136,280,15,0,0,-9999
5425,2017,9,6,11,83,83,10139,300,15,0,0,-9999
5426,2017,9,6,12,94,89,10143,0,0,0,0,-9999
5427,2017,9,6,13,122,106,10148,290,31,0,0,-9999
5428,2017,9,6,14,144,111,10150,310,31,0,0,-9999
5429,2017,9,6,15,161,100,10149,290,31,0,0,-9999
5430,2017,9,6,16,172,89,10148,280,51,4,-9999,-9999
5431,2017,9,6,17,178,83,10146,260,41,-9999,0,-9999
5432,2017,9,6,18,178,83,10148,280,46,-9999,0,-9999
5433,2017,9,6,19,167,89,10146,330,31,-9999,0,-9999
5434,2017,9,6,20,172,89,10144,280,31,-9999,0,-9999
5435,2017,9,6,21,172,83,10144,280,36,-9999,0,-9999
5436,2017,9,6,22,144,100,10150,350,41,-9999,0,-9999
5437,2017,9,6,23,144,94,10151,0,0,-9999,-1,-9999
5438,2017,9,7,0,128,111,10153,270,21,2,-1,-1
5439,2017,9,7,1,122,94,10159,260,31,-9999,0,-9999
5440,2017,9,7,2,111,89,10162,270,31,0,0,-9999
5441,2017,9,7,3,106,89,10164,270,36,0,0,-9999
5442,2017,9,7,4,100,89,10168,250,31,0,0,-9999
5443,2017,9,7,5,94,83,10166,280,31,0,0,-9999
5444,2017,9,7,6,89,83,10167,260,31,0,0,-9999
5445,2017,9,7,7,83,78,10167,260,31,0,0,-9999
5446,2017,9,7,8,83,78,10166,250,26,0,0,-9999
5447,2017,9,7,9,78,78,10167,240,26,0,0,-9999
5448,2017,9,7,10,72,72,10170,240,31,0,0,-9999
5449,2017,9,7,11,78,72,10174,240,26,0,0,-9999
5450,2017,9,7,12,83,83,10181,230,26,0,0,-9999
5451,2017,9,7,13,111,100,10182,240,31,0,0,-9999
5452,2017,9,7,14,144,106,10183,250,46,0,0,-9999
5453,2017,9,7,15,161,100,-9999,-9999,-9999,-9999,-9999,-9999
5454,2017,9,7,16,178,94,10186,270,77,2,-9999,-9999
5455,2017,9,7,17,189,89,10183,270,46,-9999,0,-9999
5456,2017,9,7,18,178,78,10184,250,62,-9999,0,-9999
5457,2017,9,7,19,194,89,10180,280,51,-9999,0,-9999
5458,2017,9,7,20,178,83,10180,260,62,-9999,0,-9999
5459,2017,9,7,21,183,89,10181,260,62,-9999,0,-9999
5460,2017,9,7,22,172,89,10183,260,51,-9999,0,-9999
5461,2017,9,7,23,172,89,10182,270,51,-9999,0,-9999
5462,2017,9,8,0,150,89,10185,250,31,-9999,0,-9999
5463,2017,9,8,1,139,94,10191,230,31,-9999,0,-9999
5464,2017,9,8,2,133,106,10196,210,15,-9999,0,-9999
5465,2017,9,8,3,133,100,10196,220,31,-9999,0,-9999
5466,2017,9,8,4,117,94,10199,220,26,4,0,-9999
5467,2017,9,8,5,122,100,10201,210,26,-9999,0,-9999
5468,2017,9,8,6,122,100,10203,220,31,-9999,0,-9999
5469,2017,9,8,7,111,94,10205,220,31,4,0,-9999
5470,2017,9,8,8,106,89,10207,220,26,2,0,-9999
5471,2017,9,8,9,100,89,10213,220,26,0,0,-9999
5472,2017,9,8,10,94,83,10218,220,26,0,0,-9999
5473,2017,9,8,11,89,83,10219,210,15,0,0,-9999
5474,2017,9,8,12,94,89,10230,250,21,0,0,-9999
5475,2017,9,8,13,133,106,10230,270,26,0,0,-9999
5476,2017,9,8,14,150,106,10235,260,31,0,0,-9999
5477,2017,9,8,15,172,117,10243,-9999,21,0,0,-9999
5478,2017,9,8,16,178,106,10246,300,21,0,0,-9999
5479,2017,9,8,17,189,100,10248,-9999,21,-9999,0,-9999
5480,2017,9,8,18,178,89,10250,320,36,-9999,0,-9999
5481,2017,9,8,19,172,111,10249,340,26,-9999,0,-9999
5482,2017,9,8,20,189,100,10244,350,26,-9999,0,-9999
5483,2017,9,8,21,200,111,10240,30,36,0,0,-9999
5484,2017,9,8,22,189,106,10240,50,15,-9999,0,-9999
5485,2017,9,8,23,178,122,10243,90,15,-9999,0,-9999
5486,2017,9,9,0,156,128,10245,70,21,-9999,0,-9999
5487,2017,9,9,1,156,128,10247,100,21,-9999,0,-9999
5488,2017,9,9,2,156,128,10251,60,15,-9999,0,-9999
5489,2017,9,9,3,144,133,10252,0,0,-9999,0,-9999
5490,2017,9,9,4,144,133,10260,10,21,-9999,-1,-9999
5491,2017,9,9,5,133,122,10263,70,31,-9999,-1,-9999
5492,2017,9,9,6,133,117,10266,80,31,-9999,-1,-1
5493,2017,9,9,7,128,111,10269,60,26,-9999,-1,-9999
5494,2017,9,9,8,117,106,10270,60,26,-9999,0,-9999
5495,2017,9,9,9,106,89,10274,60,31,4,0,-9999
5496,2017,9,9,10,122,106,10279,60,26,-9999,0,-9999
5497,2017,9,9,11,106,94,10283,50,36,4,0,-9999
5498,2017,9,9,12,100,89,10292,60,36,4,0,-1
5499,2017,9,9,13,128,100,10295,50,46,0,0,-9999
5500,2017,9,9,14,150,100,10298,50,46,0,0,-9999
5501,2017,9,9,15,167,100,10302,40,41,0,0,-9999
5502,2017,9,9,16,172,100,10301,40,41,0,0,-9999
5503,2017,9,9,17,183,89,10299,-9999,21,0,0,-9999
5504,2017,9,9,18,194,83,10292,50,21,0,0,-9999
5505,2017,9,9,19,200,67,10287,40,26,0,0,-9999
5506,2017,9,9,20,206,61,10283,80,41,0,0,-9999
5507,2017,9,9,21,206,56,10280,60,51,0,0,-9999
5508,2017,9,9,22,200,67,10279,80,21,0,0,-9999
5509,2017,9,9,23,189,72,10279,50,36,0,0,-9999
5510,2017,9,10,0,156,83,10280,50,26,0,0,-9999
5511,2017,9,10,1,128,72,10284,40,31,0,0,-9999
5512,2017,9,10,2,133,89,10288,40,46,0,0,-9999
5513,2017,9,10,3,122,94,10291,50,51,0,0,-9999
5514,2017,9,10,4,111,89,10293,50,36,0,0,-9999
5515,2017,9,10,5,100,83,10293,50,31,0,0,-9999
5516,2017,9,10,6,89,78,10291,60,21,0,0,-9999
5517,2017,9,10,7,83,78,10291,70,15,0,0,-9999
5518,2017,9,10,8,83,72,10292,60,21,0,0,-9999
5519,2017,9,10,9,83,67,10291,40,26,0,0,-9999
5520,2017,9,10,10,72,61,10294,60,26,0,0,-9999
5521,2017,9,10,11,61,50,10299,60,15,0,0,-9999
5522,2017,9,10,12,67,61,10308,50,15,0,0,-9999
5523,2017,9,10,13,100,89,10312,80,21,0,0,-9999
5524,2017,9,10,14,133,94,10315,90,26,0,0,-9999
5525,2017,9,10,15,161,94,10313,90,26,0,0,-9999
5526,2017,9,10,16,178,94,10309,80,36,0,0,-9999
5527,2017,9,10,17,189,83,10305,80,41,0,0,-9999
5528,2017,9,10,18,200,67,10299,100,46,0,0,-9999
5529,2017,9,10,19,200,72,10294,-9999,31,0,0,-9999
5530,2017,9,10,20,206,67,10287,70,51,0,0,-9999
5531,2017,9,10,21,206,72,10283,60,41,0,0,-9999
5532,2017,9,10,22,200,72,10282,90,41,0,0,-9999
5533,2017,9,10,23,178,89,10282,70,31,0,0,-9999
5534,2017,9,11,0,150,83,10280,50,31,0,0,-9999
5535,2017,9,11,1,122,83,10284,80,21,0,0,-9999
5536,2017,9,11,2,117,83,10283,80,21,0,0,-9999
5537,2017,9,11,3,100,78,10281,70,31,0,0,-9999
5538,2017,9,11,4,100,78,10277,60,31,0,0,-9999
5539,2017,9,11,5,106,83,10270,60,31,0,0,-9999
5540,2017,9,11,6,94,78,10265,60,26,0,0,-9999
5541,2017,9,11,7,94,78,10261,60,26,0,0,-9999
5542,2017,9,11,8,89,78,10259,60,36,0,0,-9999
5543,2017,9,11,9,89,78,10254,80,26,0,0,-9999
5544,2017,9,11,10,83,72,10252,80,26,0,0,-9999
5545,2017,9,11,11,94,83,10259,90,26,0,0,-9999
5546,2017,9,11,12,100,89,10261,80,26,0,0,-9999
5547,2017,9,11,13,117,100,10256,90,36,0,0,-9999
5548,2017,9,11,14,139,117,10252,80,31,0,0,-9999
5549,2017,9,11,15,161,117,10252,100,36,0,0,-9999
5550,2017,9,11,16,178,117,10248,100,31,0,0,-9999
5551,2017,9,11,17,194,111,10240,80,51,0,0,-9999
5552,2017,9,11,18,206,111,10236,70,46,0,0,-9999
5553,2017,9,11,19,206,111,10224,100,41,0,0,-9999
5554,2017,9,11,20,211,100,10214,70,57,0,0,-9999
5555,2017,9,11,21,211,106,10207,90,51,0,0,-9999
5556,2017,9,11,22,200,106,10204,90,46,0,0,-9999
5557,2017,9,11,23,183,111,10203,80,36,0,0,-9999
5558,2017,9,12,0,156,117,10202,100,31,0,0,-9999
5559,2017,9,12,1,139,111,10202,100,26,0,0,-9999
5560,2017,9,12,2,133,111,10193,80,26,0,0,-9999
5561,2017,9,12,3,128,111,10188,60,26,0,0,-9999
5562,2017,9,12,4,128,106,10184,60,36,0,0,-9999
5563,2017,9,12,5,122,106,10176,60,31,0,0,-9999
5564,2017,9,12,6,122,106,10167,70,31,0,0,-9999
5565,2017,9,12,7,117,100,10163,70,26,0,0,-9999
5566,2017,9,12,8,111,100,10159,40,26,0,0,-9999
5567,2017,9,12,9,128,106,10157,80,21,0,0,-9999
5568,2017,9,12,10,122,111,10157,50,36,0,0,-9999
5569,2017,9,12,11,128,111,10151,60,36,0,0,-9999
5570,2017,9,12,12,133,111,10155,70,41,0,0,-9999
5571,2017,9,12,13,139,111,10155,70,41,0,0,-9999
5572,2017,9,12,14,156,117,10153,90,41,4,0,-9999
5573,2017,9,12,15,167,122,10146,60,36,0,0,-9999
5574,2017,9,12,16,183,128,10144,70,41,4,0,-9999
5575,2017,9,12,17,183,133,10140,70,26,-9999,0,-9999
5576,2017,9,12,18,189,144,10133,60,36,-9999,-1,-1
5577,2017,9,12,19,211,139,10125,80,57,-9999,-1,-9999
5578,2017,9,12,20,200,150,10120,70,26,-9999,-1,-9999
5579,2017,9,12,21,172,156,10119,90,21,-9999,-1,-9999
5580,2017,9,12,22,156,139,10115,70,36,-9999,28,-9999
5581,2017,9,12,23,167,144,10111,80,41,-9999,25,-9999
5582,2017,9,13,0,161,144,10105,70,41,0,3,56
5583,2017,9,13,1,156,144,10107,80,51,0,0,-9999
5584,2017,9,13,2,167,156,10103,90,62,-9999,-1,-9999
5585,2017,9,13,3,156,150,10099,90,41,0,0,-9999
5586,2017,9,13,6,161,150,10094,140,31,-9999,3,3
5587,2017,9,13,7,161,156,10092,0,0,-9999,0,-9999
5588,2017,9,13,8,156,156,10092,100,15,-9999,0,-9999
5589,2017,9,13,10,161,156,10101,90,15,-9999,-1,-9999
5590,2017,9,13,11,156,156,10104,150,15,-9999,3,-9999
5591,2017,9,13,13,167,161,10107,130,15,-9999,0,-9999
5592,2017,9,13,14,172,167,10108,100,15,-9999,0,-9999
5593,2017,9,13,15,183,167,10109,140,36,-9999,0,-9999
5594,2017,9,13,16,189,167,10108,140,46,-9999,0,-9999
5595,2017,9,13,17,194,167,10107,150,31,-9999,0,-9999
5596,2017,9,13,18,200,161,10098,160,31,-9999,0,-9999
5597,2017,9,13,19,194,156,10092,170,21,-9999,0,-9999
5598,2017,9,13,20,178,156,10092,170,26,-9999,0,-9999
5599,2017,9,13,21,178,150,10090,180,31,-9999,3,-9999
5600,2017,9,13,22,172,150,10093,170,26,-9999,0,-9999
5601,2017,9,13,23,167,150,10097,160,46,-9999,-1,-9999
5602,2017,9,14,0,156,150,10098,170,21,-9999,-1,5
5603,2017,9,14,1,156,150,10102,170,26,-9999,3,-9999
5604,2017,9,14,2,156,150,10104,170,21,-9999,3,-9999
5605,2017,9,14,3,150,150,10106,180,15,-9999,-1,-9999
5606,2017,9,14,4,150,150,10107,180,21,-9999,3,-9999
5607,2017,9,14,5,150,144,10104,180,26,-9999,-1,-9999
5608,2017,9,14,6,150,144,10104,190,21,-9999,3,8
5609,2017,9,14,7,150,144,10104,0,0,-9999,0,-9999
5610,2017,9,14,8,150,144,10106,190,15,-9999,0,-9999
5611,2017,9,14,9,-9999,-9999,-9999,0,0,-9999,0,-9999
5612,2017,9,14,10,150,144,10115,0,0,-9999,0,-9999
5613,2017,9,14,11,150,150,10120,0,0,-9999,0,-9999
5614,2017,9,14,12,150,150,10127,0,0,-9999,0,-9999
5615,2017,9,14,13,156,150,10129,0,0,-9999,0,-9999
5616,2017,9,14,14,167,150,10134,0,0,-9999,0,-9999
5617,2017,9,14,15,172,150,10140,270,15,-9999,0,-9999
5618,2017,9,14,16,178,156,10140,220,21,-9999,0,-9999
5619,2017,9,14,17,178,156,10138,220,15,-9999,0,-9999
5620,2017,9,14,18,189,156,10139,0,0,-9999,-1,-1
5621,2017,9,14,19,200,156,10136,260,31,-9999,0,-9999
5622,2017,9,14,20,206,161,10136,0,0,-9999,0,-9999
5623,2017,9,14,21,183,161,-9999,280,46,-9999,0,-9999
5624,2017,9,14,22,183,167,10142,270,21,-9999,-1,-9999
5625,2017,9,14,23,183,167,10146,280,15,-9999,-1,-9999
5626,2017,9,15,0,178,167,10151,0,0,-9999,0,-1
5627,2017,9,15,1,172,167,10156,0,0,-9999,0,-9999
5628,2017,9,15,2,167,161,10159,0,0,-9999,0,-9999
5629,2017,9,15,3,167,161,10163,0,0,-9999,0,-9999
5630,2017,9,15,5,161,156,10167,0,0,-9999,0,-9999
5631,2017,9,15,6,161,156,10169,0,0,-9999,0,-9999
5632,2017,9,15,7,161,156,10169,0,0,-9999,0,-9999
5633,2017,9,15,8,161,156,10170,0,0,-9999,0,-9999
5634,2017,9,15,9,161,156,10174,0,0,-9999,0,-9999
5635,2017,9,15,10,161,156,10178,0,0,-9999,0,-9999
5636,2017,9,15,11,150,150,10188,0,0,-9999,0,-9999
5637,2017,9,15,12,144,139,10197,0,0,-9999,0,-9999
5638,2017,9,15,13,178,167,10199,250,15,0,0,-9999
5639,2017,9,15,14,200,172,10203,260,15,2,0,-9999
5640,2017,9,15,15,200,167,10203,0,0,2,0,-9999
5641,2017,9,15,16,217,161,10202,10,15,4,0,-9999
5642,2017,9,15,17,228,167,10199,170,15,-9999,0,-9999
5643,2017,9,15,18,228,167,10195,0,0,-9999,0,-9999
5644,2017,9,15,19,244,156,10189,170,26,-9999,0,-9999
5645,2017,9,15,20,233,161,10189,80,21,-9999,0,-9999
5646,2017,9,15,21,233,161,10189,130,31,-9999,0,-9999
5647,2017,9,15,22,233,167,10192,120,26,-9999,0,-9999
5648,2017,9,15,23,222,172,10196,150,15,-9999,0,-9999
5649,2017,9,16,0,211,167,10196,150,15,-9999,0,-9999
5650,2017,9,16,1,194,172,10199,130,15,-9999,0,-9999
5651,2017,9,16,2,183,161,10200,150,26,0,0,-9999
5652,2017,9,16,3,167,156,10205,130,15,0,0,-9999
5653,2017,9,16,4,156,150,10209,0,0,0,0,-9999
5654,2017,9,16,5,140,140,-9999,110,15,0,0,-9999
5655,2017,9,16,6,133,128,10209,90,15,-9999,0,-9999
5656,2017,9,16,7,139,139,10209,0,0,9,0,-9999
5657,2017,9,16,8,128,122,10211,70,15,-9999,0,-9999
5658,2017,9,16,9,133,128,10210,110,15,-9999,0,-9999
5659,2017,9,16,10,117,111,10213,70,15,-9999,0,-9999
5660,2017,9,16,11,117,117,10217,0,0,-9999,0,-9999
5661,2017,9,16,13,150,150,10225,100,21,-9999,0,-9999
5662,2017,9,16,14,189,183,10226,120,21,0,0,-9999
5663,2017,9,16,15,217,178,10226,120,36,0,0,-9999
5664,2017,9,16,16,228,178,10227,90,26,0,0,-9999
5665,2017,9,16,17,244,167,10226,-9999,15,0,0,-9999
5666,2017,9,16,18,250,161,10219,160,21,4,0,-9999
5667,2017,9,16,19,256,150,10213,90,31,-9999,0,-9999
5668,2017,9,16,20,261,156,10210,140,21,2,0,-9999
5669,2017,9,16,21,267,150,10206,230,15,-9999,0,-9999
5670,2017,9,16,22,256,156,10203,70,31,-9999,0,-9999
5671,2017,9,16,23,239,156,10202,90,26,0,0,-9999
5672,2017,9,17,0,211,156,10202,110,21,0,0,-9999
5673,2017,9,17,1,189,156,10203,110,15,0,0,-9999
5674,2017,9,17,2,172,150,10203,0,0,0,0,-9999
5675,2017,9,17,3,161,144,10205,0,0,0,0,-9999
5676,2017,9,17,4,150,144,10208,0,0,0,0,-9999
5677,2017,9,17,5,144,139,10210,0,0,0,0,-9999
5678,2017,9,17,6,133,133,10207,80,15,0,0,-9999
5679,2017,9,17,7,140,130,-9999,0,0,0,0,-9999
5680,2017,9,17,8,130,130,-9999,90,15,9,0,-9999
5681,2017,9,17,9,122,122,10200,80,15,9,0,-9999
5682,2017,9,17,10,128,122,10201,90,15,0,0,-9999
5683,2017,9,17,11,120,120,-9999,0,0,2,0,-9999
5684,2017,9,17,12,120,120,-9999,0,0,0,0,-9999
5685,2017,9,17,13,167,161,10216,100,15,0,0,-9999
5686,2017,9,17,14,217,178,10220,0,0,2,0,-9999
5687,2017,9,17,15,239,172,10217,0,0,2,0,-9999
5688,2017,9,17,16,256,161,10213,-9999,21,0,0,-9999
5689,2017,9,17,17,267,161,10206,50,15,0,0,-9999
5690,2017,9,17,18,272,156,10201,-9999,15,2,0,-9999
5691,2017,9,17,19,272,156,10192,-9999,15,4,0,-9999
5692,2017,9,17,20,278,156,10191,0,0,4,0,-9999
5693,2017,9,17,21,283,156,10187,260,15,4,0,-9999
5694,2017,9,17,22,272,150,10185,0,0,0,0,-9999
5695,2017,9,17,23,261,150,10184,0,0,0,0,-9999
5696,2017,9,18,0,228,161,10188,0,0,0,0,-9999
5697,2017,9,18,1,189,167,10194,100,31,0,0,-9999
5698,2017,9,18,2,167,156,10194,100,15,0,0,-9999
5699,2017,9,18,3,178,150,10192,150,31,0,0,-9999
5700,2017,9,18,4,178,150,10190,150,21,0,0,-9999
5701,2017,9,18,5,161,150,10189,140,15,-9999,0,-9999
5702,2017,9,18,6,189,156,10188,180,26,-9999,0,-9999
5703,2017,9,18,7,161,150,10182,130,15,0,0,-9999
5704,2017,9,18,8,167,156,10181,0,0,-9999,0,-9999
5705,2017,9,18,9,167,156,10184,0,0,-9999,0,-9999
5706,2017,9,18,10,156,144,10183,0,0,0,0,-9999
5707,2017,9,18,11,150,144,10187,0,0,-9999,0,-9999
5708,2017,9,18,12,156,150,10189,90,15,0,0,-9999
5709,2017,9,18,13,194,167,10193,0,0,2,0,-9999
5710,2017,9,18,14,228,172,10193,160,15,0,0,-9999
5711,2017,9,18,15,233,172,10194,200,15,-9999,0,-9999
5712,2017,9,18,16,228,183,10192,220,15,-9999,0,-9999
5713,2017,9,18,17,250,194,10189,210,26,-9999,-1,-9999
5714,2017,9,18,18,256,183,10183,200,26,-9999,0,-1
5715,2017,9,18,19,250,189,10178,200,21,-9999,0,-9999
5716,2017,9,18,20,261,183,10172,200,26,-9999,0,-9999
5717,2017,9,18,21,267,183,10165,190,26,0,0,-9999
5718,2017,9,18,22,250,189,10165,0,0,4,0,-9999
5719,2017,9,18,23,206,194,10171,-9999,21,-9999,0,-9999
5720,2017,9,19,0,206,194,10168,0,0,-9999,15,28
5721,2017,9,19,1,200,189,10169,80,21,-9999,13,-9999
5722,2017,9,19,2,206,194,10168,140,36,-9999,-1,-9999
5723,2017,9,19,3,200,189,10168,160,26,-9999,0,-9999
5724,2017,9,19,4,206,183,10163,150,31,0,0,-9999
5725,2017,9,19,5,178,172,10160,100,21,2,0,-9999
5726,2017,9,19,6,183,178,10158,0,0,-9999,0,-9999
5727,2017,9,19,7,178,172,10156,70,15,-9999,0,-9999
5728,2017,9,19,8,183,178,10152,100,15,-9999,0,-9999
5729,2017,9,19,9,189,178,10149,140,26,4,3,-9999
5730,2017,9,19,10,189,178,10149,130,15,2,0,-9999
5731,2017,9,19,11,189,178,10152,160,21,0,0,-9999
5732,2017,9,19,12,189,178,10153,140,26,-9999,0,3
5733,2017,9,19,13,200,178,10153,160,31,-9999,0,-9999
5734,2017,9,19,14,206,178,10157,200,21,-9999,0,-9999
5735,2017,9,19,15,222,189,10160,180,21,-9999,-1,-9999
5736,2017,9,19,16,228,189,10160,220,36,-9999,-1,-9999
5737,2017,9,19,17,194,183,10164,230,26,-9999,0,-9999
5738,2017,9,19,18,206,194,10159,140,21,-9999,81,104
5739,2017,9,19,19,217,194,10152,210,26,-9999,23,-9999
5740,2017,9,19,20,233,189,10140,190,36,4,-1,-9999
5741,2017,9,19,21,233,194,10137,210,21,-9999,0,-9999
5742,2017,9,19,22,222,183,10139,220,21,-9999,0,-9999
5743,2017,9,19,23,217,183,10141,0,0,-9999,0,-9999
5744,2017,9,20,0,206,189,10143,170,15,-9999,0,-9999
5745,2017,9,20,1,194,183,10144,110,26,-9999,0,-9999
5746,2017,9,20,2,194,178,10147,140,15,0,0,-9999
5747,2017,9,20,3,200,189,10148,150,21,4,0,-9999
5748,2017,9,20,4,194,183,10148,180,15,0,0,-9999
5749,2017,9,20,5,189,183,10149,170,15,0,0,-9999
5750,2017,9,20,6,178,172,10150,180,15,0,0,-9999
5751,2017,9,20,7,178,178,10150,210,15,0,0,-9999
5752,2017,9,20,8,170,170,-9999,0,0,0,0,-9999
5753,2017,9,20,9,167,161,10149,0,0,0,0,-9999
5754,2017,9,20,10,150,150,10155,0,0,-9999,0,-9999
5755,2017,9,20,11,150,150,10164,0,0,-9999,0,-9999
5756,2017,9,20,12,156,156,10173,0,0,-9999,0,-9999
5757,2017,9,20,13,172,172,10175,0,0,-9999,0,-9999
5758,2017,9,20,14,200,200,10176,230,21,4,0,-9999
5759,2017,9,20,15,222,194,10175,220,26,0,0,-9999
5760,2017,9,20,16,250,200,10172,0,0,0,0,-9999
5761,2017,9,20,17,267,200,10169,-9999,21,2,0,-9999
5762,2017,9,20,18,272,200,10165,-9999,15,2,0,-9999
5763,2017,9,20,19,289,194,10160,290,31,4,0,-9999
5764,2017,9,20,20,289,189,10157,260,31,4,0,-9999
5765,2017,9,20,21,278,194,10157,250,26,0,0,-9999
5766,2017,9,20,22,283,200,10158,250,26,0,0,-9999
5767,2017,9,20,23,267,206,10161,250,15,0,0,-9999
5768,2017,9,21,0,228,200,10163,0,0,0,0,-9999
5769,2017,9,21,1,211,194,10166,0,0,0,0,-9999
5770,2017,9,21,2,194,183,10166,160,15,0,0,-9999
5771,2017,9,21,3,200,183,10168,180,15,0,0,-9999
5772,2017,9,21,4,183,172,10167,0,0,0,0,-9999
5773,2017,9,21,5,178,167,10169,0,0,0,0,-9999
5774,2017,9,21,6,167,161,10180,0,0,0,0,-9999
5775,2017,9,21,7,170,170,-9999,90,15,9,0,-9999
5776,2017,9,21,8,172,167,10178,0,0,0,0,-9999
5777,2017,9,21,9,160,160,-9999,90,15,9,0,-9999
5778,2017,9,21,10,161,161,10187,0,0,2,0,-9999
5779,2017,9,21,11,161,161,10191,140,15,0,0,-9999
5780,2017,9,21,12,172,167,10195,0,0,4,0,-9999
5781,2017,9,21,13,206,194,10198,0,0,-9999,0,-9999
5782,2017,9,21,14,239,206,10196,190,15,0,0,-9999
5783,2017,9,21,15,267,211,10197,220,21,0,0,-9999
5784,2017,9,21,16,289,217,10194,-9999,21,0,0,-9999
5785,2017,9,21,17,289,211,10192,0,0,0,0,-9999
5786,2017,9,21,18,306,211,10186,-9999,26,4,0,-9999
5787,2017,9,21,19,306,200,10182,360,15,-9999,0,-9999
5788,2017,9,21,20,300,200,10179,90,15,-9999,0,-9999
5789,2017,9,21,21,311,200,10173,-9999,15,-9999,0,-9999
5790,2017,9,21,22,272,217,10177,0,0,4,0,-9999
5791,2017,9,21,23,250,206,10176,10,15,0,0,-9999
5792,2017,9,22,0,228,200,10181,0,0,0,0,-9999
5793,2017,9,22,1,206,194,10182,110,15,0,0,-9999
5794,2017,9,22,2,211,194,10184,0,0,2,0,-9999
5795,2017,9,22,3,200,194,10186,100,21,4,0,-9999
5796,2017,9,22,4,194,189,10189,0,0,-9999,0,-9999
5797,2017,9,22,5,194,183,10188,100,21,0,0,-9999
5798,2017,9,22,6,189,178,10187,0,0,0,0,-9999
5799,2017,9,22,7,194,178,10189,0,0,0,0,-9999
5800,2017,9,22,8,178,172,10188,0,0,0,0,-9999
5801,2017,9,22,9,183,178,10187,0,0,0,0,-9999
5802,2017,9,22,10,172,167,10193,0,0,-9999,0,-9999
5803,2017,9,22,11,167,167,10198,120,15,0,0,-9999
5804,2017,9,22,12,172,167,10204,0,0,4,0,-9999
5805,2017,9,22,13,206,194,10205,0,0,-9999,0,-9999
5806,2017,9,22,14,244,211,10204,0,0,2,0,-9999
5807,2017,9,22,15,272,200,10202,260,21,2,0,-9999
5808,2017,9,22,16,289,200,10200,240,31,0,0,-9999
5809,2017,9,22,17,283,200,10195,0,0,0,0,-9999
5810,2017,9,22,18,294,200,10190,100,15,0,0,-9999
5811,2017,9,22,19,294,200,10184,70,31,-9999,0,-9999
5812,2017,9,22,20,311,189,10179,-9999,26,0,0,-9999
5813,2017,9,22,21,306,189,10175,50,15,2,0,-9999
5814,2017,9,22,22,300,183,10174,80,36,2,0,-9999
5815,2017,9,22,23,278,189,10178,140,15,0,0,-9999
5816,2017,9,23,0,239,189,10180,0,0,0,0,-9999
5817,2017,9,23,1,228,189,10183,140,15,0,0,-9999
5818,2017,9,23,2,206,183,10182,0,0,0,0,-9999
5819,2017,9,23,3,200,178,10184,0,0,0,0,-9999
5820,2017,9,23,4,183,167,10184,100,15,0,0,-9999
5821,2017,9,23,5,183,172,10187,0,0,0,0,-9999
5822,2017,9,23,6,183,172,10185,0,0,0,0,-9999
5823,2017,9,23,7,172,161,10182,100,15,0,0,-9999
5824,2017,9,23,8,161,156,10184,80,15,0,0,-9999
5825,2017,9,23,9,167,161,10185,0,0,0,0,-9999
5826,2017,9,23,10,161,150,10188,0,0,0,0,-9999
5827,2017,9,23,11,161,156,10196,0,0,0,0,-9999
5828,2017,9,23,12,161,156,10202,0,0,0,0,-9999
5829,2017,9,23,13,200,183,10206,0,0,0,0,-9999
5830,2017,9,23,14,239,189,10208,0,0,0,0,-9999
5831,2017,9,23,15,272,194,10208,30,21,0,0,-9999
5832,2017,9,23,16,283,183,10204,10,15,0,0,-9999
5833,2017,9,23,17,294,183,10202,350,41,0,0,-9999
5834,2017,9,23,18,306,178,10195,30,36,0,0,-9999
5835,2017,9,23,19,311,167,10191,30,31,0,0,-9999
5836,2017,9,23,20,317,167,10186,60,46,0,0,-9999
5837,2017,9,23,21,311,161,10182,50,51,0,0,-9999
5838,2017,9,23,22,306,156,10185,90,36,0,0,-9999
5839,2017,9,23,23,278,161,10185,130,26,0,0,-9999
5840,2017,9,24,0,244,156,10190,130,31,0,0,-9999
5841,2017,9,24,1,217,156,10192,120,15,0,0,-9999
5842,2017,9,24,2,206,156,10191,0,0,0,0,-9999
5843,2017,9,24,3,194,156,10191,70,15,0,0,-9999
5844,2017,9,24,4,183,156,10192,60,21,0,0,-9999
5845,2017,9,24,5,178,156,10192,0,0,0,0,-9999
5846,2017,9,24,6,161,144,10194,60,21,0,0,-9999
5847,2017,9,24,7,167,144,10195,80,21,0,0,-9999
5848,2017,9,24,8,172,144,10195,70,21,0,0,-9999
5849,2017,9,24,9,172,139,10196,40,26,0,0,-9999
5850,2017,9,24,10,161,139,10197,0,0,0,0,-9999
5851,2017,9,24,11,156,133,10202,0,0,0,0,-9999
5852,2017,9,24,12,161,133,10206,0,0,0,0,-9999
5853,2017,9,24,13,200,161,10206,110,36,0,0,-9999
5854,2017,9,24,14,228,161,10207,110,36,0,0,-9999
5855,2017,9,24,15,261,167,10206,140,36,0,0,-9999
5856,2017,9,24,16,289,156,10203,130,46,0,0,-9999
5857,2017,9,24,17,311,133,10198,160,41,0,0,-9999
5858,2017,9,24,18,317,128,10192,150,57,0,0,-9999
5859,2017,9,24,19,311,128,10187,100,72,0,0,-9999
5860,2017,9,24,20,317,144,10181,110,57,0,0,-9999
5861,2017,9,24,21,311,144,10176,130,46,0,0,-9999
5862,2017,9,24,22,306,150,10178,140,36,0,0,-9999
5863,2017,9,24,23,272,150,10179,120,31,0,0,-9999
5864,2017,9,25,0,233,150,10181,110,15,0,0,-9999
5865,2017,9,25,1,206,156,10184,0,0,0,0,-9999
5866,2017,9,25,2,206,156,10184,0,0,0,0,-9999
5867,2017,9,25,3,183,156,10183,110,15,0,0,-9999
5868,2017,9,25,4,178,156,10180,0,0,0,0,-9999
5869,2017,9,25,5,178,156,10176,70,15,0,0,-9999
5870,2017,9,25,6,172,156,10175,40,15,0,0,-9999
5871,2017,9,25,7,172,150,10173,0,0,0,0,-9999
5872,2017,9,25,8,161,150,10171,70,15,0,0,-9999
5873,2017,9,25,9,161,150,10171,0,0,0,0,-9999
5874,2017,9,25,10,156,144,10173,0,0,0,0,-9999
5875,2017,9,25,11,156,150,10176,0,0,0,0,-9999
5876,2017,9,25,12,156,150,10183,0,0,0,0,-9999
5877,2017,9,25,13,189,172,10183,0,0,0,0,-9999
5878,2017,9,25,14,239,183,10184,110,15,0,0,-9999
5879,2017,9,25,15,272,183,10183,240,21,0,0,-9999
5880,2017,9,25,16,289,189,10179,0,0,0,0,-9999
5881,2017,9,25,17,300,178,10175,-9999,-9999,0,0,-9999
5882,2017,9,25,18,306,172,10170,0,0,0,0,-9999
5883,2017,9,25,19,311,161,10162,290,21,0,0,-9999
5884,2017,9,25,20,311,156,10157,220,31,0,0,-9999
5885,2017,9,25,21,294,161,10155,260,31,0,0,-9999
5886,2017,9,25,22,289,172,10155,260,26,0,0,-9999
5887,2017,9,25,23,261,183,10155,250,15,0,0,-9999
5888,2017,9,26,0,233,183,10157,0,0,0,0,-9999
5889,2017,9,26,1,228,183,10157,0,0,0,0,-9999
5890,2017,9,26,2,211,183,10156,130,15,0,0,-9999
5891,2017,9,26,3,200,178,10158,0,0,0,0,-9999
5892,2017,9,26,4,194,172,10158,140,21,0,0,-9999
5893,2017,9,26,5,194,161,10159,160,21,0,0,-9999
5894,2017,9,26,6,178,161,10160,160,15,0,0,-9999
5895,2017,9,26,7,161,150,10161,0,0,0,0,-9999
5896,2017,9,26,8,161,156,10162,0,0,0,0,-9999
5897,2017,9,26,9,161,144,10162,0,0,0,0,-9999
5898,2017,9,26,10,161,156,10165,0,0,0,0,-9999
5899,2017,9,26,11,156,144,10169,0,0,0,0,-9999
5900,2017,9,26,12,150,144,10174,110,21,0,0,-9999
5901,2017,9,26,13,200,172,10174,0,0,0,0,-9999
5902,2017,9,26,14,256,178,10174,250,15,0,0,-9999
5903,2017,9,26,15,278,183,10173,230,21,0,0,-9999
5904,2017,9,26,16,283,172,10173,280,31,0,0,-9999
5905,2017,9,26,17,289,172,10167,0,0,0,0,-9999
5906,2017,9,26,18,300,172,10162,20,26,0,0,-9999
5907,2017,9,26,19,311,167,10154,260,21,0,0,-9999
5908,2017,9,26,20,306,156,10149,20,15,0,0,-9999
5909,2017,9,26,21,317,161,10144,290,31,0,0,-9999
5910,2017,9,26,22,306,150,10144,0,0,0,0,-9999
5911,2017,9,26,23,283,156,10145,0,0,0,0,-9999
5912,2017,9,27,0,244,156,10149,260,15,0,0,-9999
5913,2017,9,27,1,206,161,10152,0,0,0,0,-9999
5914,2017,9,27,2,200,161,10152,0,0,0,0,-9999
5915,2017,9,27,3,183,161,10153,0,0,0,0,-9999
5916,2017,9,27,4,183,161,10151,0,0,0,0,-9999
5917,2017,9,27,5,178,156,10150,0,0,0,0,-9999
5918,2017,9,27,6,167,150,10151,0,0,0,0,-9999
5919,2017,9,27,7,161,150,10150,0,0,0,0,-9999
5920,2017,9,27,8,161,150,10148,0,0,0,0,-9999
5921,2017,9,27,9,161,150,10147,0,0,0,0,-9999
5922,2017,9,27,10,156,144,10149,0,0,0,0,-9999
5923,2017,9,27,11,156,144,10152,0,0,0,0,-9999
5924,2017,9,27,12,161,150,10154,0,0,0,0,-9999
5925,2017,9,27,13,211,183,10154,260,15,0,0,-9999
5926,2017,9,27,14,250,178,10155,290,26,0,0,-9999
5927,2017,9,27,15,267,183,10153,260,21,0,0,-9999
5928,2017,9,27,16,289,189,10150,270,36,0,0,-9999
5929,2017,9,27,17,300,183,10148,280,31,0,0,-9999
5930,2017,9,27,18,306,183,10143,330,57,0,0,-9999
5931,2017,9,27,19,300,189,10142,330,62,4,0,-9999
5932,2017,9,27,20,300,183,10138,320,51,0,0,-9999
5933,2017,9,27,21,294,189,10138,320,51,2,0,-9999
5934,2017,9,27,22,278,194,10141,330,57,0,0,-9999
5935,2017,9,27,23,256,183,10148,330,51,2,0,-9999
5936,2017,9,28,0,233,172,10151,330,36,0,0,-9999
5937,2017,9,28,1,217,144,10160,340,57,0,0,-9999
5938,2017,9,28,2,200,133,10166,330,62,0,0,-9999
5939,2017,9,28,3,183,122,10168,340,51,0,0,-9999
5940,2017,9,28,4,167,117,10170,340,36,0,0,-9999
5941,2017,9,28,5,150,117,10175,340,36,0,0,-9999
5942,2017,9,28,6,139,111,10176,340,46,0,0,-9999
5943,2017,9,28,7,133,100,10177,340,21,0,0,-9999
5944,2017,9,28,8,128,100,10178,330,21,0,0,-9999
5945,2017,9,28,9,122,100,10181,340,26,0,0,-9999
5946,2017,9,28,10,122,94,10187,350,36,0,0,-9999
5947,2017,9,28,11,117,94,10193,350,36,0,0,-9999
5948,2017,9,28,12,117,94,10197,360,31,0,0,-9999
5949,2017,9,28,13,133,100,10200,20,36,2,0,-9999
5950,2017,9,28,14,150,106,10204,40,51,-9999,0,-9999
5951,2017,9,28,15,178,111,10206,40,31,2,0,-9999
5952,2017,9,28,16,194,111,10204,360,31,0,0,-9999
5953,2017,9,28,17,194,106,10203,350,31,-9999,0,-9999
5954,2017,9,28,18,211,100,10199,320,46,2,0,-9999
5955,2017,9,28,19,211,83,10192,20,31,0,0,-9999
5956,2017,9,28,20,217,83,10190,30,41,0,0,-9999
5957,2017,9,28,21,217,78,10190,10,46,0,0,-9999
5958,2017,9,28,22,206,78,10190,10,41,0,0,-9999
5959,2017,9,28,23,189,72,10192,350,36,0,0,-9999
5960,2017,9,29,0,167,78,10194,340,26,0,0,-9999
5961,2017,9,29,1,139,83,10200,350,31,0,0,-9999
5962,2017,9,29,2,133,83,10203,360,26,0,0,-9999
5963,2017,9,29,3,122,83,10207,360,15,0,0,-9999
5964,2017,9,29,4,117,78,10207,0,0,0,0,-9999
5965,2017,9,29,5,106,72,10208,40,26,0,0,-9999
5966,2017,9,29,6,100,78,10210,0,0,0,0,-9999
5967,2017,9,29,7,89,78,10208,120,15,0,0,-9999
5968,2017,9,29,8,83,72,10205,0,0,0,0,-9999
5969,2017,9,29,9,78,67,10206,0,0,0,0,-9999
5970,2017,9,29,10,72,67,10210,0,0,0,0,-9999
5971,2017,9,29,11,67,61,10215,0,0,0,0,-9999
5972,2017,9,29,12,72,67,10218,0,0,0,0,-9999
5973,2017,9,29,13,117,94,10218,180,21,0,0,-9999
5974,2017,9,29,14,156,94,10219,240,26,-9999,0,-9999
5975,2017,9,29,15,183,94,10218,260,31,-9999,0,-9999
5976,2017,9,29,16,194,89,10214,240,36,-9999,0,-9999
5977,2017,9,29,17,211,83,10210,250,51,-9999,0,-9999
5978,2017,9,29,19,222,83,10197,250,51,-9999,0,-9999
5979,2017,9,29,20,222,89,10195,310,57,-9999,0,-9999
5980,2017,9,29,21,228,94,10194,300,51,2,0,-9999
5981,2017,9,29,22,222,83,10198,320,72,2,-9999,-9999
5982,2017,9,29,23,200,83,10206,340,41,0,-9999,-9999
5983,2017,9,30,0,172,67,10217,350,31,2,-9999,-9999
5984,2017,9,30,1,150,56,10224,330,36,0,0,-9999
5985,2017,9,30,2,133,56,10229,350,31,0,0,-9999
5986,2017,9,30,3,128,61,10234,340,26,0,0,-9999
5987,2017,9,30,4,117,61,10243,340,26,0,0,-9999
5988,2017,9,30,5,106,61,10247,350,31,0,0,-9999
5989,2017,9,30,6,100,56,10249,360,26,0,0,-9999
5990,2017,9,30,7,94,61,10256,20,15,0,0,-9999
5991,2017,9,30,8,89,61,10258,0,0,0,0,-9999
5992,2017,9,30,10,83,67,10271,40,26,0,0,-9999
5993,2017,9,30,11,78,61,10277,40,31,0,0,-9999
5994,2017,9,30,12,83,72,10286,10,31,0,0,-9999
5995,2017,9,30,13,111,83,10290,50,26,0,0,-9999
5996,2017,9,30,14,133,94,10295,50,41,0,0,-9999
5997,2017,9,30,15,144,83,10297,70,41,4,0,-9999
5998,2017,9,30,16,156,72,10300,60,36,-9999,0,-9999
5999,2017,9,30,17,178,67,10299,70,51,2,0,-9999
6000,2017,9,30,18,178,67,10293,30,46,4,0,-9999
6001,2017,9,30,19,189,67,10283,60,36,2,0,-9999
6002,2017,9,30,20,189,61,10279,-9999,31,0,0,-9999
6003,2017,9,30,21,194,56,10273,50,62,0,-9999,-9999
6004,2017,9,30,22,189,50,10270,70,46,0,-9999,-9999
6005,2017,9,30,23,161,50,10273,50,36,0,-9999,-9999
6006,2017,10,1,0,128,44,10275,50,26,0,-9999,-9999
6007,2017,10,1,1,117,56,10280,40,41,0,-9999,-9999
6008,2017,10,1,2,117,50,10281,50,51,0,-9999,-9999
6009,2017,10,1,3,100,50,10284,60,41,0,-9999,-9999
6010,2017,10,1,4,83,50,10286,70,36,0,-9999,-9999
6011,2017,10,1,5,72,44,10285,100,26,0,-9999,-9999
6012,2017,10,1,6,67,44,10283,90,21,0,0,-9999
6013,2017,10,1,7,67,44,10282,50,21,0,0,-9999
6014,2017,10,1,8,44,33,10277,80,31,0,0,-9999
6015,2017,10,1,9,56,33,10273,110,26,0,0,-9999
6016,2017,10,1,10,50,33,10274,110,41,0,0,-9999
6017,2017,10,1,11,56,39,10272,100,41,0,0,-9999
6018,2017,10,1,12,56,39,10279,80,21,0,0,-9999
6019,2017,10,1,13,89,61,10278,90,36,0,0,-9999
6020,2017,10,1,14,128,61,10277,120,51,0,0,-9999
6021,2017,10,1,15,161,61,10275,120,67,0,0,-9999
6022,2017,10,1,16,178,50,10267,120,67,0,0,-9999
6023,2017,10,1,17,189,50,10260,140,67,0,0,-9999
6024,2017,10,1,18,189,44,10254,150,57,0,0,-9999
6025,2017,10,1,19,200,39,10244,130,46,0,0,-9999
6026,2017,10,1,20,211,56,10236,100,46,0,0,-9999
6027,2017,10,1,21,206,56,10231,110,51,0,0,-9999
6028,2017,10,1,22,200,50,10233,100,46,0,0,-9999
6029,2017,10,1,23,178,61,10236,100,41,0,0,-9999
6030,2017,10,2,0,133,56,10238,120,31,0,0,-9999
6031,2017,10,2,1,117,56,10240,110,31,0,0,-9999
6032,2017,10,2,2,111,61,10242,120,31,0,0,-9999
6033,2017,10,2,3,100,61,10241,120,26,0,0,-9999
6034,2017,10,2,4,100,56,10243,0,0,0,0,-9999
6035,2017,10,2,5,100,56,10241,130,21,0,0,-9999
6036,2017,10,2,6,106,56,10238,120,21,0,0,-9999
6037,2017,10,2,7,89,50,10242,100,15,0,0,-9999
6038,2017,10,2,8,78,44,10241,80,15,0,0,-9999
6039,2017,10,2,9,67,44,10245,100,21,0,0,-9999
6040,2017,10,2,10,67,44,10250,100,21,0,0,-9999
6041,2017,10,2,11,67,44,10258,100,21,0,0,-9999
6042,2017,10,2,12,67,44,10264,110,15,0,0,-9999
6043,2017,10,2,13,117,78,10267,130,21,0,0,-9999
6044,2017,10,2,14,161,89,10274,210,26,0,0,-9999
6045,2017,10,2,15,194,94,10275,170,26,0,0,-9999
6046,2017,10,2,16,222,89,10274,210,26,0,0,-9999
6047,2017,10,2,17,233,100,10270,-9999,21,0,0,-9999
6048,2017,10,2,18,244,100,10264,220,26,0,0,-9999
6049,2017,10,2,19,256,100,10257,180,36,0,0,-9999
6050,2017,10,2,20,256,100,10253,140,21,0,0,-9999
6051,2017,10,2,21,261,100,10252,190,46,0,0,-9999
6052,2017,10,2,22,256,89,10255,190,21,0,0,-9999
6053,2017,10,2,23,228,94,10259,150,26,0,0,-9999
6054,2017,10,3,0,200,83,10264,160,26,0,0,-9999
6055,2017,10,3,1,172,83,10269,150,31,0,0,-9999
6056,2017,10,3,2,178,83,10271,150,41,0,0,-9999
6057,2017,10,3,3,156,83,10275,150,26,0,0,-9999
6058,2017,10,3,4,156,83,10276,170,31,0,0,-9999
6059,2017,10,3,5,150,83,10275,170,21,0,0,-9999
6060,2017,10,3,6,144,83,10274,150,15,0,0,-9999
6061,2017,10,3,7,133,78,10276,160,26,0,0,-9999
6062,2017,10,3,8,94,72,10276,150,15,0,0,-9999
6063,2017,10,3,9,100,72,10280,110,15,0,0,-9999
6064,2017,10,3,10,94,72,10285,130,21,0,0,-9999
6065,2017,10,3,11,100,78,10296,0,0,0,0,-9999
6066,2017,10,3,12,100,78,10307,-9999,-9999,0,0,-9999
6067,2017,10,3,13,156,94,10310,130,31,0,0,-9999
6068,2017,10,3,14,200,100,10315,190,21,0,0,-9999
6069,2017,10,3,15,228,128,10317,220,26,0,0,-9999
6070,2017,10,3,16,244,139,10313,240,36,0,0,-9999
6071,2017,10,3,17,261,128,10309,230,51,0,0,-9999
6072,2017,10,3,18,267,122,10300,250,41,0,0,-9999
6073,2017,10,3,19,278,122,10293,-9999,26,0,0,-9999
6074,2017,10,3,20,278,122,10290,200,41,0,0,-9999
6075,2017,10,3,21,283,133,10286,210,41,0,0,-9999
6076,2017,10,3,22,272,133,10287,190,21,0,0,-9999
6077,2017,10,3,23,250,133,10289,200,15,0,0,-9999
6078,2017,10,4,1,206,133,10294,170,26,0,0,-9999
6079,2017,10,4,2,200,133,10295,190,15,0,0,-9999
6080,2017,10,4,3,194,133,10296,180,15,0,0,-9999
6081,2017,10,4,4,189,133,10299,170,31,0,0,-9999
6082,2017,10,4,5,172,133,10301,200,15,0,0,-9999
6083,2017,10,4,6,183,133,10298,200,15,0,0,-9999
6084,2017,10,4,7,178,133,10297,200,21,0,0,-9999
6085,2017,10,4,8,183,128,10291,200,26,-9999,0,-9999
6086,2017,10,4,9,178,122,10286,190,15,0,0,-9999
6087,2017,10,4,10,178,122,10286,200,15,2,0,-9999
6088,2017,10,4,11,172,117,10290,220,26,4,0,-9999
6089,2017,10,4,12,167,117,10293,210,26,-9999,0,-9999
6090,2017,10,4,13,189,122,10294,220,31,-9999,0,-9999
6091,2017,10,4,14,206,133,10294,240,36,-9999,0,-9999
6092,2017,10,4,15,256,133,10288,250,51,-9999,0,-9999
6093,2017,10,4,16,272,144,10282,260,67,0,0,-9999
6094,2017,10,4,17,267,156,10276,250,41,-9999,0,-9999
6095,2017,10,4,18,272,156,10267,270,62,2,0,-9999
6096,2017,10,4,19,267,156,10261,270,62,-9999,0,-9999
6097,2017,10,4,20,261,167,10260,290,72,2,0,-9999
6098,2017,10,4,21,228,183,10260,270,57,-9999,0,-9999
6099,2017,10,4,22,228,178,10252,270,21,0,-1,-9999
6100,2017,10,4,23,228,172,10249,260,26,0,-1,-9999
6101,2017,10,5,0,194,167,10254,0,0,0,0,-1
6102,2017,10,5,1,178,156,10253,0,0,0,0,-9999
6103,2017,10,5,2,172,161,10253,210,26,0,0,-9999
6104,2017,10,5,3,183,167,10248,220,26,0,0,-9999
6105,2017,10,5,4,183,167,10247,220,31,0,0,-9999
6106,2017,10,5,5,189,172,10243,210,31,-9999,0,-9999
6107,2017,10,5,6,189,172,10240,220,21,-9999,0,-9999
6108,2017,10,5,7,189,172,10233,0,0,-9999,0,-9999
6109,2017,10,5,8,189,172,10231,230,21,-9999,0,-9999
6110,2017,10,5,9,189,172,10233,220,26,-9999,0,-9999
6111,2017,10,5,10,189,172,10229,210,26,-9999,0,-9999
6112,2017,10,5,11,189,172,10229,210,21,-9999,0,-9999
6113,2017,10,5,12,189,172,10232,220,31,-9999,0,-9999
6114,2017,10,5,13,178,172,10238,250,36,-9999,0,-9999
6115,2017,10,5,14,178,172,10245,240,41,-9999,13,-9999
6116,2017,10,5,15,178,172,10245,260,51,-9999,18,-9999
6117,2017,10,5,16,178,172,10243,250,36,-9999,81,-9999
6118,2017,10,5,17,180,180,-9999,250,31,-9999,46,-9999
6119,2017,10,5,18,189,183,10229,250,41,-9999,38,201
6120,2017,10,5,19,189,183,10220,210,26,-9999,5,-9999
6121,2017,10,5,20,194,189,10213,220,51,-9999,36,-9999
6122,2017,10,5,21,194,189,10208,220,26,-9999,5,-9999
6123,2017,10,5,22,194,183,10207,220,26,2,-1,-9999
6124,2017,10,5,23,189,178,10210,240,21,-9999,0,-9999
6125,2017,10,6,0,178,172,10208,0,0,-9999,0,41
6126,2017,10,6,1,170,170,-9999,0,0,0,0,-9999
6127,2017,10,6,3,144,144,10209,110,15,-9999,0,-9999
6128,2017,10,6,4,150,150,10206,140,15,-9999,0,-9999
6129,2017,10,6,5,167,167,10203,170,21,-9999,0,-9999
6130,2017,10,6,6,172,172,10200,160,21,-9999,0,-9999
6131,2017,10,6,7,178,172,10198,0,0,-9999,0,-9999
6132,2017,10,6,8,178,172,10193,180,15,-9999,0,-9999
6133,2017,10,6,9,178,167,10190,190,15,-9999,0,-9999
6134,2017,10,6,11,183,167,10193,0,0,-9999,0,-9999
6135,2017,10,6,12,183,167,10194,190,15,-9999,0,-9999
6136,2017,10,6,13,183,167,10195,0,0,-9999,0,-9999
6137,2017,10,6,14,189,172,10199,-9999,-9999,-9999,0,-9999
6138,2017,10,6,15,189,167,10203,240,15,-9999,0,-9999
6139,2017,10,6,16,206,172,10198,-9999,21,-9999,0,-9999
6140,2017,10,6,17,211,167,10194,220,31,-9999,0,-9999
6141,2017,10,6,18,217,167,10187,210,26,4,0,-9999
6142,2017,10,6,19,222,172,10179,-9999,15,-9999,0,-9999
6143,2017,10,6,20,228,167,10169,210,15,2,0,-9999
6144,2017,10,6,21,233,167,10163,220,26,2,0,-9999
6145,2017,10,6,22,233,167,10160,0,0,4,0,-9999
6146,2017,10,6,23,206,178,10159,60,21,4,0,-9999
6147,2017,10,7,0,189,167,10159,0,0,-9999,0,-9999
6148,2017,10,7,1,183,167,10157,120,21,0,0,-9999
6149,2017,10,7,2,178,161,10156,140,21,0,0,-9999
6150,2017,10,7,3,189,161,10153,130,31,0,0,-9999
6151,2017,10,7,4,189,156,10149,160,26,0,0,-9999
6152,2017,10,7,5,194,156,10142,150,21,0,0,-9999
6153,2017,10,7,6,200,156,10140,160,26,0,0,-9999
6154,2017,10,7,7,200,156,10139,180,21,0,0,-9999
6155,2017,10,7,8,200,150,10133,170,21,0,0,-9999
6156,2017,10,7,9,189,150,10130,160,36,0,0,-9999
6157,2017,10,7,10,189,150,10127,170,26,0,0,-9999
6158,2017,10,7,11,183,150,10132,170,26,0,0,-9999
6159,2017,10,7,12,183,150,10135,170,21,-9999,0,-9999
6160,2017,10,7,13,189,150,10140,180,36,4,0,-9999
6161,2017,10,7,14,222,156,10143,210,46,2,0,-9999
6162,2017,10,7,15,239,167,10135,210,51,2,0,-9999
6163,2017,10,7,16,250,178,10128,220,67,2,0,-9999
6164,2017,10,7,17,250,183,10122,210,72,-9999,0,-9999
6165,2017,10,7,18,272,183,10109,190,67,-9999,0,-9999
6166,2017,10,7,19,272,178,10099,200,57,-9999,0,-9999
6167,2017,10,7,20,278,178,10090,180,46,-9999,0,-9999
6168,2017,10,7,21,272,178,10082,200,77,-9999,0,-9999
6169,2017,10,7,22,261,183,10080,190,46,4,0,-9999
6170,2017,10,7,23,256,189,10076,180,46,-9999,0,-9999
6171,2017,10,8,0,233,194,10075,200,36,-9999,0,3
6172,2017,10,8,1,244,189,10071,190,62,-9999,3,-9999
6173,2017,10,8,2,239,194,10068,180,46,-9999,0,-9999
6174,2017,10,8,3,200,183,10080,250,72,-9999,-1,-9999
6175,2017,10,8,4,200,194,10083,230,36,-9999,86,-9999
6176,2017,10,8,5,206,200,10089,250,46,-9999,53,-9999
6177,2017,10,8,6,189,167,10098,250,57,4,15,155
6178,2017,10,8,7,178,161,10105,240,36,0,0,-9999
6179,2017,10,8,8,172,150,10110,240,46,2,0,-9999
6180,2017,10,8,9,172,150,10117,250,46,-9999,0,-9999
6181,2017,10,8,10,156,139,10124,240,36,0,0,-9999
6182,2017,10,8,11,150,133,10130,230,31,0,0,-9999
6183,2017,10,8,12,133,122,10136,0,0,0,0,-9999
6184,2017,10,8,13,139,133,10136,190,15,0,0,-9999
6185,2017,10,8,14,172,150,10135,0,0,0,0,-9999
6186,2017,10,8,15,183,139,10140,0,0,-9999,0,-9999
6187,2017,10,8,16,189,150,10136,0,0,-9999,0,-9999
6188,2017,10,8,17,194,144,10136,150,31,-9999,0,-9999
6189,2017,10,8,18,194,150,10127,130,36,-9999,0,-9999
6190,2017,10,8,19,194,161,10116,130,46,-9999,0,-9999
6191,2017,10,8,20,178,167,10111,120,46,-9999,0,-9999
6192,2017,10,8,21,178,172,10104,80,31,-9999,5,-9999
6193,2017,10,8,22,178,172,10096,90,46,-9999,30,-9999
6194,2017,10,9,0,183,183,10084,110,57,-9999,76,145
6195,2017,10,9,1,189,183,10081,110,51,-9999,18,-9999
6196,2017,10,9,2,194,189,10074,110,46,-9999,13,-9999
6197,2017,10,9,3,194,189,10069,100,41,-9999,5,-9999
6198,2017,10,9,4,194,189,10061,100,31,-9999,8,-9999
6199,2017,10,9,6,200,194,10055,10,15,-9999,0,25
6200,2017,10,9,7,200,194,10058,310,31,-9999,0,-9999
6201,2017,10,9,8,194,194,10057,300,26,-9999,-1,-9999
6202,2017,10,9,9,194,194,10065,300,26,-9999,-1,-9999
6203,2017,10,9,10,194,194,10077,300,31,-9999,0,-9999
6204,2017,10,9,11,189,189,10095,280,41,-9999,-1,-9999
6205,2017,10,9,12,183,183,10103,280,51,-9999,-1,3
6206,2017,10,9,13,183,183,10115,290,46,-9999,3,-9999
6207,2017,10,9,14,183,183,10124,280,31,-9999,0,-9999
6208,2017,10,9,15,194,183,10132,300,26,-9999,0,-9999
6209,2017,10,9,16,194,183,10139,310,36,-9999,0,-9999
6210,2017,10,9,17,200,183,10144,320,21,-9999,0,-9999
6211,2017,10,9,18,200,183,10144,250,21,-9999,0,-9999
6212,2017,10,9,19,200,183,10146,260,26,-9999,0,-9999
6213,2017,10,9,20,200,183,10146,270,31,-9999,0,-9999
6214,2017,10,9,21,200,183,10150,250,26,-9999,0,-9999
6215,2017,10,9,22,200,183,10154,260,15,-9999,0,-9999
6216,2017,10,9,23,200,183,10160,0,0,-9999,0,-9999
6217,2017,10,10,0,194,183,10166,230,15,-9999,0,-9999
6218,2017,10,10,1,194,178,10172,250,15,-9999,0,-9999
6219,2017,10,10,2,172,161,10176,0,0,0,0,-9999
6220,2017,10,10,3,156,156,10182,0,0,-9999,0,-9999
6221,2017,10,10,4,167,167,10182,0,0,-9999,0,-9999
6222,2017,10,10,5,167,161,10184,0,0,-9999,0,-9999
6223,2017,10,10,6,156,156,10187,0,0,4,0,-9999
6224,2017,10,10,7,144,144,10190,0,0,-9999,0,-9999
6225,2017,10,10,8,139,133,10188,0,0,-9999,0,-9999
6226,2017,10,10,9,128,128,10187,0,0,-9999,0,-9999
6227,2017,10,10,10,122,122,10194,0,0,-9999,0,-9999
6228,2017,10,10,11,133,133,10203,350,15,-9999,0,-9999
6229,2017,10,10,12,139,139,10208,0,0,-9999,0,-9999
6230,2017,10,10,13,150,150,10213,50,21,-9999,0,-9999
6231,2017,10,10,14,167,167,10212,90,21,-9999,0,-9999
6232,2017,10,10,15,194,172,10208,90,46,-9999,0,-9999
6233,2017,10,10,16,211,172,10211,90,31,-9999,0,-9999
6234,2017,10,10,17,217,167,10206,70,21,4,0,-9999
6235,2017,10,10,18,233,167,10196,100,41,2,0,-9999
6236,2017,10,10,19,233,167,10190,70,31,-9999,0,-9999
6237,2017,10,10,20,233,167,10184,120,46,0,0,-9999
6238,2017,10,10,21,239,167,10191,140,21,4,0,-9999
6239,2017,10,10,22,222,172,10188,110,31,4,0,-9999
6240,2017,10,10,23,206,178,10184,110,26,-9999,0,-9999
6241,2017,10,11,0,200,156,10183,120,15,-9999,-1,-1
6242,2017,10,11,1,194,161,10184,70,15,-9999,0,-9999
6243,2017,10,11,2,194,178,10182,120,31,-9999,0,-9999
6244,2017,10,11,3,200,183,10177,110,36,-9999,0,-9999
6245,2017,10,11,4,200,178,10170,110,36,-9999,0,-9999
6246,2017,10,11,5,189,178,10166,120,26,-9999,0,-9999
6247,2017,10,11,6,189,183,10156,60,15,-9999,13,18
6248,2017,10,11,7,183,178,10153,120,51,-9999,5,-9999
6249,2017,10,11,8,178,178,10146,110,41,-9999,30,-9999
6250,2017,10,11,9,178,178,10142,120,31,-9999,5,-9999
6251,2017,10,11,11,183,183,10139,150,31,-9999,-1,-9999
6252,2017,10,11,12,189,189,10140,170,21,-9999,-1,38
6253,2017,10,11,13,194,194,10142,210,15,-9999,0,-9999
6254,2017,10,11,14,200,194,10146,210,41,-9999,0,-9999
6255,2017,10,11,15,211,200,10146,-9999,31,-9999,0,-9999
6256,2017,10,11,16,233,189,10147,230,57,4,0,-9999
6257,2017,10,11,17,228,172,10149,230,62,2,0,-9999
6258,2017,10,11,18,222,156,10152,270,82,-9999,0,-9999
6259,2017,10,11,19,189,144,10162,280,77,2,0,-9999
6260,2017,10,11,20,172,139,10167,270,51,-9999,0,-9999
6261,2017,10,11,21,172,139,10170,280,67,-9999,0,-9999
6262,2017,10,11,22,161,133,10178,290,51,-9999,0,-9999
6263,2017,10,11,23,156,133,10185,290,51,-9999,0,-9999
6264,2017,10,12,0,150,133,10187,280,36,-9999,0,-9999
6265,2017,10,12,1,150,133,10190,280,36,-9999,0,-9999
6266,2017,10,12,2,150,133,10193,280,36,-9999,0,-9999
6267,2017,10,12,3,144,139,10195,270,26,-9999,0,-9999
6268,2017,10,12,4,144,139,10195,280,31,-9999,0,-9999
6269,2017,10,12,5,139,133,10197,340,41,-9999,0,-9999
6270,2017,10,12,6,139,133,10198,320,31,-9999,0,-9999
6271,2017,10,12,7,133,128,10203,330,36,-9999,0,-9999
6272,2017,10,12,8,133,128,10201,330,26,-9999,0,-9999
6273,2017,10,12,9,128,122,10204,320,26,-9999,0,-9999
6274,2017,10,12,10,128,122,10206,320,31,-9999,0,-9999
6275,2017,10,12,11,128,122,10210,320,21,-9999,0,-9999
6276,2017,10,12,12,128,122,10215,320,26,-9999,0,-1
6277,2017,10,12,13,128,128,10221,330,15,-9999,-1,-9999
6278,2017,10,12,14,133,128,10222,0,0,-9999,3,-9999
6279,2017,10,12,15,139,133,10224,0,0,-9999,-1,-9999
6280,2017,10,12,16,144,133,10223,0,0,-9999,0,-9999
6281,2017,10,12,18,156,139,10217,0,0,-9999,-1,3
6282,2017,10,12,19,156,139,10212,0,0,-9999,0,-9999
6283,2017,10,12,20,161,139,10211,0,0,-9999,0,-9999
6284,2017,10,12,21,161,139,10210,0,0,-9999,0,-9999
6285,2017,10,12,22,167,139,10208,30,15,-9999,0,-9999
6286,2017,10,12,23,161,144,10210,0,0,-9999,0,-9999
6287,2017,10,13,0,161,144,10214,0,0,-9999,0,-9999
6288,2017,10,13,1,156,144,10216,0,0,-9999,0,-9999
6289,2017,10,13,2,156,144,10217,0,0,-9999,0,-9999
6290,2017,10,13,3,150,144,10217,0,0,-9999,0,-9999
6291,2017,10,13,4,156,144,10216,0,0,-9999,0,-9999
6292,2017,10,13,5,150,144,10215,120,15,-9999,0,-9999
6293,2017,10,13,6,150,144,10217,0,0,-9999,0,-9999
6294,2017,10,13,7,139,133,10218,110,15,-9999,0,-9999
6295,2017,10,13,8,139,133,10219,0,0,-9999,0,-9999
6296,2017,10,13,9,139,139,10221,0,0,-9999,0,-9999
6297,2017,10,13,10,139,133,10224,0,0,-9999,0,-9999
6298,2017,10,13,11,139,139,10229,0,0,-9999,0,-9999
6299,2017,10,13,12,139,139,10231,0,0,-9999,0,-9999
6300,2017,10,13,13,161,150,10232,0,0,-9999,0,-9999
6301,2017,10,13,14,172,117,10236,260,15,2,0,-9999
6302,2017,10,13,15,178,122,10239,250,26,-9999,0,-9999
6303,2017,10,13,16,189,122,10236,260,36,-9999,0,-9999
6304,2017,10,13,17,189,117,10230,0,0,0,0,-9999
6305,2017,10,13,18,200,117,10221,310,26,0,0,-9999
6306,2017,10,13,19,217,122,10216,280,36,0,0,-9999
6307,2017,10,13,20,217,117,10213,120,21,0,0,-9999
6308,2017,10,13,21,222,128,10211,210,26,0,0,-9999
6309,2017,10,13,22,217,122,10212,220,31,0,0,-9999
6310,2017,10,13,23,183,122,10214,220,15,0,0,-9999
6311,2017,10,14,0,156,122,10217,0,0,0,0,-9999
6312,2017,10,14,1,139,122,10219,260,15,0,0,-9999
6313,2017,10,14,2,128,111,10222,0,0,0,0,-9999
6314,2017,10,14,3,122,117,10226,0,0,0,0,-9999
6315,2017,10,14,4,117,111,10223,110,21,0,0,-9999
6316,2017,10,14,5,117,111,10224,0,0,0,0,-9999
6317,2017,10,14,6,117,111,10225,0,0,0,0,-9999
6318,2017,10,14,7,111,106,10222,120,15,0,0,-9999
6319,2017,10,14,8,111,106,10220,0,0,0,0,-9999
6320,2017,10,14,9,122,117,10221,0,0,-9999,0,-9999
6321,2017,10,14,10,139,122,10224,170,26,2,0,-9999
6322,2017,10,14,11,144,122,10228,170,31,-9999,0,-9999
6323,2017,10,14,12,144,128,10231,0,0,-9999,0,-9999
6324,2017,10,14,13,156,133,10234,0,0,-9999,0,-9999
6325,2017,10,14,14,178,144,10228,0,0,-9999,0,-9999
6326,2017,10,14,15,217,144,10221,190,46,-9999,0,-9999
6327,2017,10,14,16,233,139,10216,170,36,2,0,-9999
6328,2017,10,14,17,250,133,10210,160,31,2,0,-9999
6329,2017,10,14,18,267,128,10200,190,46,4,0,-9999
6330,2017,10,14,19,267,122,10192,220,31,4,0,-9999
6331,2017,10,14,20,272,122,10181,200,36,0,0,-9999
6332,2017,10,14,21,272,111,10176,210,51,0,0,-9999
6333,2017,10,14,22,261,117,10175,210,36,0,0,-9999
6334,2017,10,15,0,217,133,10173,160,26,0,0,-9999
6335,2017,10,15,1,217,139,10165,160,41,0,0,-9999
6336,2017,10,15,2,206,150,10164,180,26,0,0,-9999
6337,2017,10,15,3,206,161,10163,190,26,0,0,-9999
6338,2017,10,15,4,206,167,10158,180,31,4,0,-9999
6339,2017,10,15,5,206,178,10148,190,36,0,0,-9999
6340,2017,10,15,6,211,183,10145,200,36,0,0,-9999
6341,2017,10,15,7,211,189,10141,210,46,-9999,0,-9999
6342,2017,10,15,8,211,189,10133,210,57,-9999,0,-9999
6343,2017,10,15,9,206,189,10130,210,57,4,0,-9999
6344,2017,10,15,10,206,189,10134,220,57,-9999,0,-9999
6345,2017,10,15,11,200,183,10131,210,57,-9999,0,-9999
6346,2017,10,15,12,206,183,10128,210,67,-9999,0,-9999
6347,2017,10,15,13,206,183,10129,210,67,-9999,0,-9999
6348,2017,10,15,14,206,183,10130,220,67,-9999,0,-9999
6349,2017,10,15,15,217,183,10127,220,72,-9999,0,-9999
6350,2017,10,15,16,228,189,10121,220,72,-9999,0,-9999
6351,2017,10,15,17,239,178,10121,230,93,-9999,0,-9999
6352,2017,10,15,18,233,161,10120,250,77,-9999,0,-9999
6353,2017,10,15,19,167,144,10139,290,103,-9999,0,-9999
6354,2017,10,15,20,150,117,10147,290,98,-9999,-1,-9999
6355,2017,10,15,21,144,111,10156,300,88,-9999,-1,-9999
6356,2017,10,15,22,128,78,10169,290,93,-9999,-1,-9999
6357,2017,10,15,23,122,72,10176,300,77,-9999,0,-9999
6358,2017,10,16,0,122,72,10187,300,62,-9999,0,-1
6359,2017,10,16,1,117,72,10195,300,51,-9999,0,-9999
6360,2017,10,16,2,117,78,10203,320,77,-9999,0,-9999
6361,2017,10,16,3,117,78,10211,310,51,-9999,0,-9999
6362,2017,10,16,4,100,72,10217,330,62,4,-1,-9999
6363,2017,10,16,5,89,67,10221,330,46,4,-1,-9999
6364,2017,10,16,6,83,67,10225,320,41,0,0,-1
6365,2017,10,16,7,72,61,10234,330,21,0,0,-9999
6366,2017,10,16,8,67,61,10237,320,15,0,0,-9999
6367,2017,10,16,9,56,50,10240,290,36,0,0,-9999
6368,2017,10,16,10,56,56,10245,300,26,0,0,-9999
6369,2017,10,16,11,50,44,10250,310,26,0,0,-9999
6370,2017,10,16,12,56,50,10256,300,21,-9999,0,-9999
6371,2017,10,16,13,72,61,10264,330,36,2,0,-9999
6372,2017,10,16,14,94,67,10270,340,41,0,0,-9999
6373,2017,10,16,15,117,61,10268,340,31,0,0,-9999
6374,2017,10,16,16,122,61,10271,330,41,-9999,0,-9999
6375,2017,10,16,17,144,56,10270,290,62,-9999,0,-9999
6376,2017,10,16,18,144,39,10262,330,41,4,0,-9999
6377,2017,10,16,19,133,33,10259,360,41,-9999,0,-9999
6378,2017,10,16,20,150,28,10259,360,26,-9999,0,-9999
6379,2017,10,16,21,133,33,10258,360,31,-9999,0,-9999
6380,2017,10,16,22,150,28,10256,310,46,-9999,0,-9999
6381,2017,10,16,23,117,39,10260,350,15,2,0,-9999
6382,2017,10,17,0,83,50,10266,0,0,0,0,-9999
6383,2017,10,17,1,67,44,10267,0,0,0,0,-9999
6384,2017,10,17,2,56,44,10270,0,0,0,0,-9999
6385,2017,10,17,4,44,33,10272,0,0,0,0,-9999
6386,2017,10,17,5,39,28,10267,0,0,0,0,-9999
6387,2017,10,17,6,33,28,10268,180,15,0,-9999,-9999
6388,2017,10,17,7,56,28,10269,0,0,0,-9999,-9999
6389,2017,10,17,8,39,22,10271,0,0,0,-9999,-9999
6390,2017,10,17,9,28,17,10273,0,0,0,-9999,-9999
6391,2017,10,17,10,33,17,10280,0,0,0,-9999,-9999
6392,2017,10,17,11,44,28,10283,220,26,0,-9999,-9999
6393,2017,10,17,12,44,28,10286,210,15,0,-9999,-9999
6394,2017,10,17,13,72,44,10289,220,26,0,-9999,-9999
6395,2017,10,17,14,106,50,10291,220,26,0,-9999,-9999
6396,2017,10,17,15,133,50,10287,230,41,0,-9999,-9999
6397,2017,10,17,16,156,44,10281,210,46,0,-9999,-9999
6398,2017,10,17,17,167,39,10276,240,46,0,-9999,-9999
6399,2017,10,17,18,172,39,10266,200,46,0,-9999,-9999
6400,2017,10,17,19,178,39,10259,210,36,0,-9999,-9999
6401,2017,10,17,20,183,50,10255,260,41,0,-9999,-9999
6402,2017,10,17,21,178,39,10250,200,41,0,-9999,-9999
6403,2017,10,17,22,172,39,10251,220,31,0,-9999,-9999
6404,2017,10,17,23,139,39,10253,210,26,0,-9999,-9999
6405,2017,10,18,0,122,39,10253,200,15,0,-9999,-9999
6406,2017,10,18,1,111,39,10254,200,15,0,-9999,-9999
6407,2017,10,18,2,111,44,10253,200,21,0,-9999,-9999
6408,2017,10,18,3,111,44,10255,210,31,0,-9999,-9999
6409,2017,10,18,4,106,50,10257,200,21,0,-9999,-9999
6410,2017,10,18,5,89,44,10255,190,21,0,-9999,-9999
6411,2017,10,18,6,56,39,10259,160,21,0,0,-9999
6412,2017,10,18,7,78,44,10260,170,21,0,0,-9999
6413,2017,10,18,8,39,28,10260,150,21,0,0,-9999
6414,2017,10,18,9,28,22,10261,160,21,0,0,-9999
6415,2017,10,18,10,33,22,10263,100,15,0,0,-9999
6416,2017,10,18,11,22,17,10268,0,0,0,0,-9999
6417,2017,10,18,12,17,11,10271,110,15,0,0,-9999
6418,2017,10,18,13,89,50,10275,160,21,0,0,-9999
6419,2017,10,18,14,128,67,10274,190,21,0,0,-9999
6420,2017,10,18,15,161,67,10270,190,26,0,0,-9999
6421,2017,10,18,16,178,61,10267,200,31,0,0,-9999
6422,2017,10,18,17,189,61,10263,180,26,0,0,-9999
6423,2017,10,18,18,194,67,10253,210,41,0,0,-9999
6424,2017,10,18,19,200,56,10242,210,36,0,0,-9999
6425,2017,10,18,20,206,50,10238,220,57,0,0,-9999
6426,2017,10,18,21,206,44,10233,180,36,0,0,-9999
6427,2017,10,18,22,194,44,10231,210,31,0,0,-9999
6428,2017,10,18,23,156,50,10234,220,21,0,0,-9999
6429,2017,10,19,0,144,56,10234,180,15,0,0,-9999
6430,2017,10,19,1,133,56,10230,190,26,0,0,-9999
6431,2017,10,19,2,128,61,10228,190,26,0,0,-9999
6432,2017,10,19,3,128,67,10224,200,21,0,0,-9999
6433,2017,10,19,4,106,61,10226,200,15,0,0,-9999
6434,2017,10,19,5,111,67,10225,220,26,0,0,-9999
6435,2017,10,19,6,100,67,10226,220,31,0,0,-9999
6436,2017,10,19,7,94,67,10225,220,26,0,0,-9999
6437,2017,10,19,8,94,67,10224,220,26,0,0,-9999
6438,2017,10,19,9,89,67,10225,210,31,0,0,-9999
6439,2017,10,19,10,89,67,10226,200,26,0,0,-9999
6440,2017,10,19,11,89,67,10228,210,31,0,0,-9999
6441,2017,10,19,12,83,67,10229,210,31,0,0,-9999
6442,2017,10,19,13,106,72,10235,220,41,0,0,-9999
6443,2017,10,19,14,133,78,10238,220,41,0,0,-9999
6444,2017,10,19,15,167,89,10237,240,67,0,0,-9999
6445,2017,10,19,16,189,94,10234,230,67,0,0,-9999
6446,2017,10,19,17,200,100,10232,250,51,0,0,-9999
6447,2017,10,19,19,217,100,10222,250,46,0,0,-9999
6448,2017,10,19,20,222,106,10222,230,51,0,0,-9999
6449,2017,10,19,21,222,106,10220,220,51,0,0,-9999
6450,2017,10,19,22,211,106,10221,220,46,0,0,-9999
6451,2017,10,19,23,183,106,10225,210,26,0,0,-9999
6452,2017,10,20,0,161,100,10231,220,31,0,0,-9999
6453,2017,10,20,1,150,100,10233,220,26,0,0,-9999
6454,2017,10,20,2,144,100,10233,210,31,0,0,-9999
6455,2017,10,20,3,139,100,10233,220,31,0,0,-9999
6456,2017,10,20,4,122,94,10234,220,21,0,0,-9999
6457,2017,10,20,5,128,100,10235,240,15,0,0,-9999
6458,2017,10,20,6,106,94,10239,0,0,0,0,-9999
6459,2017,10,20,7,89,83,10242,0,0,0,0,-9999
6460,2017,10,20,8,83,78,10242,0,0,0,0,-9999
6461,2017,10,20,9,72,67,10245,0,0,0,0,-9999
6462,2017,10,20,10,72,67,10249,0,0,0,0,-9999
6463,2017,10,20,11,61,56,10255,0,0,-9999,0,-9999
6464,2017,10,20,12,50,50,10262,120,15,-9999,0,-9999
6465,2017,10,20,13,83,78,10268,0,0,0,0,-9999
6466,2017,10,20,14,139,117,10270,120,21,0,0,-9999
6467,2017,10,20,15,172,117,10269,120,21,0,0,-9999
6468,2017,10,20,16,200,122,10264,-9999,21,0,0,-9999
6469,2017,10,20,17,222,117,10256,130,31,0,0,-9999
6470,2017,10,20,18,233,117,10244,-9999,21,0,0,-9999
6471,2017,10,20,19,239,111,10235,170,31,0,0,-9999
6472,2017,10,20,20,244,100,10231,190,26,0,0,-9999
6473,2017,10,20,21,244,100,10227,170,26,0,0,-9999
6474,2017,10,20,22,233,100,10226,200,21,0,0,-9999
6475,2017,10,20,23,194,106,10229,160,21,0,0,-9999
6476,2017,10,21,1,172,100,10231,140,26,0,0,-9999
6477,2017,10,21,2,144,100,10230,150,21,0,0,-9999
6478,2017,10,21,3,111,83,10233,160,31,0,0,-9999
6479,2017,10,21,4,139,100,10230,160,31,0,0,-9999
6480,2017,10,21,5,150,106,10226,170,41,0,0,-9999
6481,2017,10,21,6,144,106,10228,170,26,0,0,-9999
6482,2017,10,21,7,122,100,10227,150,26,0,0,-9999
6483,2017,10,21,8,133,106,10222,160,36,0,0,-9999
6484,2017,10,21,9,128,100,10225,160,26,0,0,-9999
6485,2017,10,21,10,100,83,10232,0,0,0,0,-9999
6486,2017,10,21,11,89,78,10240,90,15,0,0,-9999
6487,2017,10,21,12,83,78,10243,140,21,0,0,-9999
6488,2017,10,21,13,122,111,10245,120,26,0,0,-9999
6489,2017,10,21,14,161,117,10250,160,31,0,0,-9999
6490,2017,10,21,15,194,122,10248,190,26,0,0,-9999
6491,2017,10,21,16,217,111,10243,180,36,0,0,-9999
6492,2017,10,21,17,239,83,10240,210,41,0,0,-9999
6493,2017,10,21,18,228,72,10232,210,41,0,0,-9999
6494,2017,10,21,19,222,67,10236,210,41,0,0,-9999
6495,2017,10,21,20,222,67,10231,220,41,0,0,-9999
6496,2017,10,21,22,211,83,10232,190,26,0,0,-9999
6497,2017,10,21,23,183,83,10237,160,21,0,0,-9999
6498,2017,10,22,0,139,83,10239,110,21,0,0,-9999
6499,2017,10,22,1,167,94,10237,150,31,0,0,-9999
6500,2017,10,22,2,161,100,10235,150,26,0,0,-9999
6501,2017,10,22,3,156,100,10231,150,31,0,0,-9999
6502,2017,10,22,4,156,100,10226,160,36,0,0,-9999
6503,2017,10,22,5,150,100,10227,180,15,0,0,-9999
6504,2017,10,22,6,117,89,10225,140,15,0,0,-9999
6505,2017,10,22,7,94,78,10231,130,15,0,0,-9999
6506,2017,10,22,8,139,94,10224,170,31,0,0,-9999
6507,2017,10,22,9,128,94,10225,160,31,0,0,-9999
6508,2017,10,22,10,133,89,10224,160,26,0,0,-9999
6509,2017,10,22,11,139,89,10225,160,36,0,0,-9999
6510,2017,10,22,12,128,89,10230,150,31,0,0,-9999
6511,2017,10,22,13,144,94,10234,160,36,0,0,-9999
6512,2017,10,22,14,172,100,10237,170,36,4,0,-9999
6513,2017,10,22,15,206,111,10231,170,36,0,0,-9999
6514,2017,10,22,16,233,111,10227,210,72,0,0,-9999
6515,2017,10,22,18,244,122,10209,210,57,0,0,-9999
6516,2017,10,22,19,244,122,10200,180,62,0,0,-9999
6517,2017,10,22,20,239,100,10197,170,57,0,0,-9999
6518,2017,10,22,21,239,89,10200,170,67,0,0,-9999
6519,2017,10,22,22,222,89,10198,170,46,0,0,-9999
6520,2017,10,22,23,200,83,10198,160,31,0,0,-9999
6521,2017,10,23,0,183,89,10201,140,31,0,0,-9999
6522,2017,10,23,1,172,94,10196,140,31,0,0,-9999
6523,2017,10,23,2,178,94,10190,140,36,0,0,-9999
6524,2017,10,23,3,172,94,10182,140,41,0,0,-9999
6525,2017,10,23,4,167,100,10174,140,26,0,0,-9999
6526,2017,10,23,5,172,100,10165,130,31,0,0,-9999
6527,2017,10,23,6,172,100,10163,140,41,0,0,-9999
6528,2017,10,23,7,178,100,10158,140,51,0,0,-9999
6529,2017,10,23,8,178,106,10151,150,46,2,0,-9999
6530,2017,10,23,9,172,111,10145,150,36,0,0,-9999
6531,2017,10,23,10,167,117,10135,130,41,0,0,-9999
6532,2017,10,23,11,161,117,10131,130,41,0,0,-9999
6533,2017,10,23,12,161,117,10123,130,46,4,0,-9999
6534,2017,10,23,13,161,122,10113,120,57,-9999,0,-9999
6535,2017,10,23,14,161,128,10105,120,57,-9999,-1,-9999
6536,2017,10,23,15,167,144,10094,130,72,-9999,-1,-9999
6537,2017,10,23,16,167,156,10079,130,77,-9999,-1,-9999
6538,2017,10,23,17,161,150,10075,220,46,-9999,18,-9999
6539,2017,10,23,18,167,150,10057,180,21,-9999,13,30
6540,2017,10,23,19,167,144,10056,190,36,-9999,0,-9999
6541,2017,10,23,20,156,144,10050,190,46,-9999,-1,-9999
6542,2017,10,23,21,150,133,10037,170,31,-9999,3,-9999
6543,2017,10,23,22,144,128,10036,170,31,-9999,3,-9999
6544,2017,10,23,23,139,128,10033,200,26,-9999,5,-9999
6545,2017,10,24,0,139,128,10033,180,31,-9999,-1,10
6546,2017,10,24,1,139,128,10026,190,57,-9999,-1,-9999
6547,2017,10,24,2,128,122,10039,250,51,-9999,3,-9999
6548,2017,10,24,3,106,100,10050,270,51,-9999,25,-9999
6549,2017,10,24,4,100,94,10057,270,51,-9999,15,-9999
6550,2017,10,24,5,89,78,10055,280,36,-9999,8,-9999
6551,2017,10,24,6,83,72,10063,230,57,0,5,56
6552,2017,10,24,7,83,72,10059,210,36,-9999,-1,-9999
6553,2017,10,24,8,78,67,10053,210,67,-9999,0,-9999
6554,2017,10,24,9,83,72,10048,210,57,-9999,-1,-9999
6555,2017,10,24,10,78,72,10041,190,51,-9999,3,-9999
6556,2017,10,24,11,83,72,10042,200,46,-9999,5,-9999
6557,2017,10,24,12,83,78,10044,220,57,-9999,-1,8
6558,2017,10,24,13,89,78,10051,230,46,-9999,0,-9999
6559,2017,10,24,14,94,78,10055,230,51,-9999,-1,-9999
6560,2017,10,24,15,94,72,10057,230,77,-9999,-1,-9999
6561,2017,10,24,16,117,67,10058,230,82,-9999,0,-9999
6562,2017,10,24,17,89,56,10066,240,108,-9999,0,-9999
6563,2017,10,24,18,122,50,10063,240,93,-9999,3,3
6564,2017,10,24,19,100,44,10072,250,82,-9999,-1,-9999
6565,2017,10,24,20,100,50,10078,230,62,-9999,-1,-9999
6566,2017,10,24,21,94,50,10084,220,72,-9999,-1,-9999
6567,2017,10,24,22,78,50,10091,220,57,-9999,0,-9999
6568,2017,10,24,23,78,39,10095,230,57,-9999,-1,-9999
6569,2017,10,25,0,78,44,10103,240,72,-9999,0,-1
6570,2017,10,25,1,72,39,10109,250,57,-9999,0,-9999
6571,2017,10,25,2,72,28,10112,260,82,-9999,0,-9999
6572,2017,10,25,3,67,28,10112,240,57,-9999,0,-9999
6573,2017,10,25,4,61,28,10112,250,51,-9999,0,-9999
6574,2017,10,25,5,61,33,10109,240,62,-9999,0,-9999
6575,2017,10,25,6,56,33,10108,240,36,-9999,0,-9999
6576,2017,10,25,7,50,39,10107,240,46,-9999,0,-9999
6577,2017,10,25,8,50,39,10100,240,51,-9999,3,-9999
6578,2017,10,25,9,50,39,10096,240,51,-9999,-1,-9999
6579,2017,10,25,11,50,39,10097,240,36,-9999,-1,-9999
6580,2017,10,25,12,50,39,10098,250,41,-9999,-1,3
6581,2017,10,25,13,56,39,10103,240,41,-9999,0,-9999
6582,2017,10,25,14,61,28,10103,260,46,-9999,0,-9999
6583,2017,10,25,15,78,28,10101,250,46,-9999,0,-9999
6584,2017,10,25,16,78,33,10098,260,46,-9999,0,-9999
6585,2017,10,25,17,83,33,10093,230,57,-9999,0,-9999
6586,2017,10,25,18,89,22,10088,270,62,-9999,0,-9999
6587,2017,10,25,19,94,6,10088,250,51,-9999,0,-9999
6588,2017,10,25,20,94,-6,10090,270,36,4,0,-9999
6589,2017,10,25,21,89,-6,10093,250,51,4,0,-9999
6590,2017,10,25,22,83,-6,10098,260,36,4,0,-9999
6591,2017,10,25,23,61,-6,10106,270,21,0,0,-9999
6592,2017,10,26,0,44,-6,10112,280,21,0,0,-9999
6593,2017,10,26,1,28,0,10118,270,15,0,0,-9999
6594,2017,10,26,2,17,-6,10123,0,0,0,0,-9999
6595,2017,10,26,3,11,-6,10126,0,0,0,0,-9999
6596,2017,10,26,4,0,-11,10127,270,21,0,0,-9999
6597,2017,10,26,5,-11,-22,10126,0,0,0,0,-9999
6598,2017,10,26,6,-11,-22,10129,240,21,0,0,-9999
6599,2017,10,26,7,-17,-28,10130,0,0,0,0,-9999
6600,2017,10,26,8,-22,-28,10133,220,21,0,0,-9999
6601,2017,10,26,9,-28,-39,10138,0,0,0,0,-9999
6602,2017,10,26,10,-28,-39,10141,0,0,0,0,-9999
6603,2017,10,26,11,-28,-39,10143,100,15,0,0,-9999
6604,2017,10,26,12,-33,-33,10151,0,0,0,0,-9999
6605,2017,10,26,13,17,11,10155,0,0,0,0,-9999
6606,2017,10,26,14,50,17,10154,160,21,0,0,-9999
6607,2017,10,26,15,83,6,10157,200,26,0,0,-9999
6608,2017,10,26,16,94,6,10153,-9999,26,0,0,-9999
6609,2017,10,26,17,106,0,10146,-9999,31,0,0,-9999
6610,2017,10,26,18,122,-6,10138,220,41,0,0,-9999
6611,2017,10,26,19,133,-6,10131,220,36,0,0,-9999
6612,2017,10,26,20,133,-11,10129,230,41,0,0,-9999
6613,2017,10,26,21,139,-6,10129,190,31,0,0,-9999
6614,2017,10,26,22,133,0,10124,180,31,0,0,-9999
6615,2017,10,26,23,106,6,10125,140,31,0,0,-9999
6616,2017,10,27,0,94,11,10127,150,36,0,0,-9999
6617,2017,10,27,1,89,11,10121,150,41,0,0,-9999
6618,2017,10,27,2,83,17,10117,140,46,0,0,-9999
6619,2017,10,27,3,83,22,10117,140,51,0,0,-9999
6620,2017,10,27,4,78,22,10113,150,46,0,0,-9999
6621,2017,10,27,5,78,22,10110,140,46,0,0,-9999
6622,2017,10,27,6,78,22,10107,150,41,0,0,-9999
6623,2017,10,27,7,83,28,10103,150,36,0,0,-9999
6624,2017,10,27,8,89,33,10097,160,46,0,0,-9999
6625,2017,10,27,9,100,50,10092,170,36,0,0,-9999
6626,2017,10,27,10,106,56,10090,180,51,0,0,-9999
6627,2017,10,27,11,111,61,10090,190,51,0,0,-9999
6628,2017,10,27,12,111,61,10093,200,46,0,0,-9999
6629,2017,10,27,13,128,67,10098,200,51,0,0,-9999
6630,2017,10,27,14,144,72,10099,200,57,0,0,-9999
6631,2017,10,27,15,167,78,10100,220,72,0,0,-9999
6632,2017,10,27,16,172,78,10100,210,77,2,0,-9999
6633,2017,10,27,17,172,83,10102,230,72,-9999,0,-9999
6634,2017,10,27,18,189,83,10096,220,82,4,0,-9999
6635,2017,10,27,19,172,89,10096,240,62,-9999,0,-9999
6636,2017,10,27,20,156,89,10096,290,51,-9999,0,-9999
6637,2017,10,27,21,133,78,10099,270,51,-9999,0,-9999
6638,2017,10,27,22,106,61,10104,300,41,-9999,0,-9999
6639,2017,10,27,23,83,56,10110,300,51,-9999,0,-9999
6640,2017,10,28,0,56,50,10125,300,46,-9999,0,10
6641,2017,10,28,1,50,39,10127,300,62,-9999,13,-9999
6642,2017,10,28,2,50,39,10132,270,31,-9999,28,-9999
6643,2017,10,28,3,44,39,10126,330,46,-9999,18,-9999
6644,2017,10,28,4,39,33,10127,310,36,-9999,3,-9999
6645,2017,10,28,5,33,22,10121,320,36,-9999,5,-9999
6646,2017,10,28,6,33,17,10121,320,46,-9999,3,74
6647,2017,10,28,7,28,22,10116,330,15,-9999,15,-9999
6648,2017,10,28,8,28,22,10116,300,36,-9999,28,-9999
6649,2017,10,28,9,28,11,10115,300,21,-9999,43,-9999
6650,2017,10,28,10,22,17,10124,290,21,-9999,10,-9999
6651,2017,10,28,11,11,6,10127,290,41,-9999,15,-9999
6652,2017,10,28,12,6,0,10126,290,21,-9999,13,119
6653,2017,10,28,13,6,0,10134,210,15,-9999,10,-9999
6654,2017,10,28,14,11,6,10136,210,21,-9999,8,-9999
6655,2017,10,28,15,28,28,10135,230,41,-9999,-1,-9999
6656,2017,10,28,16,33,6,10136,260,57,-9999,-1,-9999
6657,2017,10,28,17,39,0,10134,250,57,-9999,0,-9999
6658,2017,10,28,18,33,6,10132,270,46,-9999,0,8
6659,2017,10,28,19,28,-11,10132,270,57,-9999,0,-9999
6660,2017,10,28,20,28,-11,10135,270,41,-9999,0,-9999
6661,2017,10,28,21,28,-11,10140,290,46,-9999,0,-9999
6662,2017,10,28,22,28,-11,10140,280,36,-9999,0,-9999
6663,2017,10,28,23,28,-11,10144,250,26,-9999,0,-9999
6664,2017,10,29,0,28,0,10149,230,15,-9999,0,-9999
6665,2017,10,29,1,28,0,10145,260,26,-9999,0,-9999
6666,2017,10,29,2,28,0,10146,230,21,-9999,0,-9999
6667,2017,10,29,3,28,0,10151,220,26,-9999,0,-9999
6668,2017,10,29,4,28,6,10140,260,15,-9999,0,-9999
6669,2017,10,29,5,28,6,10133,260,26,-9999,0,-9999
6670,2017,10,29,6,28,6,10131,280,21,-9999,0,-9999
6671,2017,10,29,7,28,6,10128,290,26,-9999,0,-9999
6672,2017,10,29,8,28,6,10125,300,26,-9999,0,-9999
6673,2017,10,29,9,22,0,10119,320,36,-9999,0,-9999
6674,2017,10,29,10,22,-6,10120,340,31,-9999,0,-9999
6675,2017,10,29,11,22,-6,10126,310,26,-9999,0,-9999
6676,2017,10,29,12,22,-11,10122,310,36,-9999,0,-9999
6677,2017,10,29,13,22,-11,10123,310,46,-9999,0,-9999
6678,2017,10,29,15,28,-11,10121,320,36,-9999,0,-9999
6679,2017,10,29,16,33,-6,10117,300,36,-9999,0,-9999
6680,2017,10,29,17,33,-6,10112,300,51,-9999,0,-9999
6681,2017,10,29,18,39,-6,10102,300,62,-9999,0,-9999
6682,2017,10,29,19,44,-11,10099,300,62,-9999,0,-9999
6683,2017,10,29,20,50,-11,10095,290,67,-9999,0,-9999
6684,2017,10,29,21,50,-6,10095,290,51,-9999,0,-9999
6685,2017,10,29,22,44,-6,10094,300,62,-9999,0,-9999
6686,2017,10,29,23,39,-6,10095,300,62,-9999,0,-9999
6687,2017,10,30,0,33,-6,10094,280,46,-9999,0,-9999
6688,2017,10,30,1,33,-6,10093,280,51,-9999,0,-9999
6689,2017,10,30,2,33,-6,10099,290,41,-9999,0,-9999
6690,2017,10,30,3,33,-6,10102,270,21,-9999,0,-9999
6691,2017,10,30,4,33,-6,10092,270,67,-9999,0,-9999
6692,2017,10,30,5,28,-11,10093,270,77,-9999,0,-9999
6693,2017,10,30,6,11,-17,10095,270,36,0,0,-9999
6694,2017,10,30,7,-6,-22,10094,240,26,0,0,-9999
6695,2017,10,30,8,-6,-22,10095,250,36,0,0,-9999
6696,2017,10,30,9,6,-22,10092,230,46,-9999,0,-9999
6697,2017,10,30,10,6,-22,10088,220,51,-9999,0,-9999
6698,2017,10,30,11,11,-22,10087,230,51,-9999,0,-9999
6699,2017,10,30,12,22,-22,10081,220,62,-9999,0,-9999
6700,2017,10,30,13,22,-17,10091,220,46,-9999,0,-9999
6701,2017,10,30,14,33,-17,10086,210,57,-9999,0,-9999
6702,2017,10,30,15,39,-17,10084,220,51,-9999,0,-9999
6703,2017,10,30,16,50,-11,10088,240,72,-9999,0,-9999
6704,2017,10,30,17,56,-11,10088,240,88,-9999,0,-9999
6705,2017,10,30,18,56,-6,10084,230,67,-9999,0,-1
6706,2017,10,30,19,56,11,10087,240,67,-9999,-1,-9999
6707,2017,10,30,20,50,33,10094,240,46,-9999,-1,-9999
6708,2017,10,30,21,50,33,10103,260,108,-9999,3,-9999
6709,2017,10,30,22,39,22,10110,240,77,-9999,7,-9999
6710,2017,10,30,23,39,17,10123,240,67,0,-9999,-9999
6711,2017,10,31,0,39,22,10130,240,72,4,-9999,23
6712,2017,10,31,1,44,22,10136,240,77,-9999,0,-9999
6713,2017,10,31,2,33,22,10141,240,72,0,0,-9999
6714,2017,10,31,3,39,22,10149,250,67,2,0,-9999
6715,2017,10,31,4,33,17,10153,240,46,2,0,-9999
6716,2017,10,31,5,28,17,10161,240,57,0,0,-9999
6717,2017,10,31,6,22,11,10166,250,46,0,0,-9999
6718,2017,10,31,7,17,0,10170,240,41,0,0,-9999
6719,2017,10,31,8,17,0,10176,240,46,0,0,-9999
6720,2017,10,31,9,11,-11,10181,250,51,0,0,-9999
6721,2017,10,31,10,11,-17,10187,250,57,0,0,-9999
6722,2017,10,31,11,11,-17,10198,250,67,2,0,-9999
6723,2017,10,31,12,6,-22,10201,240,51,0,0,-9999
6724,2017,10,31,13,11,-22,10215,240,57,-9999,0,-9999
6725,2017,10,31,14,28,-11,10226,260,77,-9999,0,-9999
6726,2017,10,31,15,28,-22,10234,270,77,-9999,0,-9999
6727,2017,10,31,16,28,-28,10240,250,72,-9999,0,-9999
6728,2017,10,31,17,33,-28,10241,250,46,-9999,0,-9999
6729,2017,10,31,18,44,-22,10237,300,51,-9999,0,-9999
6730,2017,10,31,19,56,-28,10231,300,51,-9999,0,-9999
6731,2017,10,31,20,50,-28,10224,290,46,0,0,-9999
6732,2017,10,31,21,50,-33,10224,230,26,2,-9999,-9999
6733,2017,10,31,22,44,-17,10225,270,15,2,-9999,-9999
6734,2017,10,31,23,33,-17,10227,0,0,0,-9999,-9999
6735,2017,11,1,0,11,-22,10224,0,0,0,-9999,-9999
6736,2017,11,1,1,0,-22,10224,80,15,0,-9999,-9999
6737,2017,11,1,2,-6,-22,10227,0,0,0,-9999,-9999
6738,2017,11,1,3,-17,-28,10225,110,21,0,-9999,-9999
6739,2017,11,1,4,-17,-28,10218,100,26,0,-9999,-9999
6740,2017,11,1,5,-6,-22,10216,110,26,2,-9999,-9999
6741,2017,11,1,6,11,-17,10214,120,31,-9999,0,-9999
6742,2017,11,1,7,11,-11,10218,90,26,-9999,0,-9999
6743,2017,11,1,8,17,-11,10215,120,26,-9999,0,-9999
6744,2017,11,1,9,17,-11,10213,80,21,-9999,0,-9999
6745,2017,11,1,10,17,-11,10212,90,21,-9999,0,-9999
6746,2017,11,1,11,17,0,10206,110,31,-9999,-1,-9999
6747,2017,11,1,12,22,0,10204,110,21,-9999,-1,-1
6748,2017,11,1,13,22,6,10208,100,26,-9999,-1,-9999
6749,2017,11,1,14,22,17,10213,120,26,-9999,5,-9999
6750,2017,11,1,15,33,22,10211,120,21,-9999,10,-9999
6751,2017,11,1,16,33,28,10207,120,31,-9999,-1,-9999
6752,2017,11,1,17,39,33,10197,110,31,-9999,8,-9999
6753,2017,11,1,18,44,39,10185,130,41,-9999,5,28
6754,2017,11,1,19,50,44,10177,130,36,-9999,-1,-9999
6755,2017,11,1,20,56,50,10176,150,31,-9999,3,-9999
6756,2017,11,1,21,61,56,10170,150,41,-9999,-1,-9999
6757,2017,11,1,22,61,56,10164,140,51,-9999,5,-9999
6758,2017,11,1,23,67,61,10167,140,26,-9999,20,-9999
6759,2017,11,2,0,67,67,10170,90,21,-9999,25,142
6760,2017,11,2,1,72,67,10163,130,41,-9999,94,-9999
6761,2017,11,2,2,83,83,10160,150,46,-9999,51,-9999
6762,2017,11,2,3,106,100,10157,160,41,-9999,25,-9999
6763,2017,11,2,4,128,117,10157,180,46,-9999,-1,-9999
6764,2017,11,2,5,133,117,10157,190,51,-9999,3,-9999
6765,2017,11,2,6,139,117,10156,200,57,-9999,0,84
6766,2017,11,2,7,144,111,10162,200,36,-9999,0,-9999
6767,2017,11,2,8,139,111,10163,190,41,-9999,-1,-9999
6768,2017,11,2,9,133,117,10164,190,36,-9999,-1,-9999
6769,2017,11,2,10,139,111,10167,200,46,-9999,3,-9999
6770,2017,11,2,11,139,117,10170,200,51,-9999,0,-9999
6771,2017,11,2,13,133,111,10174,200,31,-9999,0,-9999
6772,2017,11,2,15,161,117,10177,200,57,-9999,0,-9999
6773,2017,11,2,16,167,122,10172,200,46,-9999,0,-9999
6774,2017,11,2,17,178,128,10170,210,41,-9999,0,-9999
6775,2017,11,2,18,178,133,10166,210,67,-9999,0,-9999
6776,2017,11,2,19,183,133,10163,200,46,-9999,0,-9999
6777,2017,11,2,20,183,133,10161,190,41,-9999,0,-9999
6778,2017,11,2,21,189,133,10161,190,41,-9999,0,-9999
6779,2017,11,2,22,183,133,10163,190,41,-9999,0,-9999
6780,2017,11,2,23,178,133,10164,160,31,-9999,0,-9999
6781,2017,11,3,0,172,139,10168,150,31,-9999,0,-9999
6782,2017,11,3,2,172,139,10166,170,31,-9999,0,-9999
6783,2017,11,3,3,172,144,10165,180,31,-9999,-1,-9999
6784,2017,11,3,4,172,144,10157,190,41,4,0,-9999
6785,2017,11,3,5,172,150,10158,200,36,4,0,-9999
6786,2017,11,3,6,172,150,10155,200,41,-9999,0,-1
6787,2017,11,3,7,172,161,10157,220,62,-9999,0,-9999
6788,2017,11,3,8,167,161,10157,250,36,-9999,23,-9999
6789,2017,11,3,9,167,161,10165,260,41,-9999,-1,-9999
6790,2017,11,3,10,167,161,10173,330,51,-9999,-1,-9999
6791,2017,11,3,11,139,133,10188,350,82,-9999,0,-9999
6792,2017,11,3,12,122,117,10199,340,51,-9999,0,23
6793,2017,11,3,13,117,111,10210,360,62,-9999,0,-9999
6794,2017,11,3,14,106,100,10223,10,67,-9999,0,-9999
6795,2017,11,3,15,100,94,10232,10,57,-9999,0,-9999
6796,2017,11,3,16,100,89,10237,10,57,-9999,-1,-9999
6797,2017,11,3,17,100,83,10238,20,57,-9999,0,-9999
6798,2017,11,3,18,106,78,10239,20,46,-9999,0,-1
6799,2017,11,3,19,117,72,10240,30,41,-9999,0,-9999
6800,2017,11,3,20,122,78,10239,50,57,-9999,0,-9999
6801,2017,11,3,21,117,61,10242,50,62,-9999,0,-9999
6802,2017,11,3,22,106,61,10245,50,41,0,0,-9999
6803,2017,11,3,23,78,50,10254,40,36,2,0,-9999
6804,2017,11,4,0,72,50,10256,40,41,0,0,-9999
6805,2017,11,4,1,67,44,10257,50,41,0,0,-9999
6806,2017,11,4,2,61,39,10252,60,46,0,0,-9999
6807,2017,11,4,3,61,39,10256,70,57,0,0,-9999
6808,2017,11,4,4,56,33,10256,80,46,0,0,-9999
6809,2017,11,4,5,50,33,10250,70,46,0,0,-9999
6810,2017,11,4,6,44,28,10246,70,41,0,0,-9999
6811,2017,11,4,7,50,28,10237,80,51,0,0,-9999
6812,2017,11,4,8,50,28,10233,90,57,0,0,-9999
6813,2017,11,4,9,44,28,10228,90,46,0,0,-9999
6814,2017,11,4,10,50,28,10223,90,46,-9999,0,-9999
6815,2017,11,4,11,56,39,10220,100,46,-9999,0,-9999
6816,2017,11,4,12,56,44,10221,90,51,-9999,0,-9999
6817,2017,11,4,13,56,50,10220,110,41,-9999,0,-9999
6818,2017,11,4,14,61,61,10218,100,41,-9999,0,-9999
6819,2017,11,4,15,72,67,10210,130,41,-9999,0,-9999
6820,2017,11,4,16,89,78,10206,160,36,-9999,0,-9999
6821,2017,11,4,17,100,89,10196,140,41,-9999,0,-9999
6822,2017,11,4,18,117,100,10182,150,51,-9999,0,-9999
6823,2017,11,4,19,122,106,10177,190,31,-9999,0,-9999
6824,2017,11,4,20,128,117,10169,140,31,-9999,0,-9999
6825,2017,11,4,21,144,122,10163,150,36,-9999,0,-9999
6826,2017,11,4,22,144,128,10163,160,31,-9999,0,-9999
6827,2017,11,4,23,144,133,10162,160,41,-9999,0,-9999
6828,2017,11,5,0,144,139,10159,160,36,-9999,0,-9999
6829,2017,11,5,1,144,133,10159,160,26,-9999,0,-9999
6830,2017,11,5,2,144,139,10157,160,26,-9999,0,-9999
6831,2017,11,5,3,150,139,10157,210,15,-9999,-1,-9999
6832,2017,11,5,4,150,144,10150,170,36,-9999,-1,-9999
6833,2017,11,5,6,156,150,10141,170,41,-9999,0,-1
6834,2017,11,5,7,156,150,10139,170,31,2,0,-9999
6835,2017,11,5,8,161,156,10132,200,41,0,0,-9999
6836,2017,11,5,9,167,156,10127,200,41,-9999,0,-9999
6837,2017,11,5,10,167,156,10129,210,51,-9999,-1,-9999
6838,2017,11,5,11,172,161,10127,200,51,-9999,0,-9999
6839,2017,11,5,12,167,167,10132,210,41,-9999,0,-1
6840,2017,11,5,13,172,167,10131,200,51,-9999,-1,-9999
6841,2017,11,5,14,178,172,10133,200,51,-9999,0,-9999
6842,2017,11,5,15,183,172,10127,210,57,-9999,0,-9999
6843,2017,11,5,16,189,172,10118,200,51,-9999,0,-9999
6844,2017,11,5,17,194,172,10113,210,67,-9999,0,-9999
6845,2017,11,5,18,206,172,10102,200,72,-9999,0,-1
6846,2017,11,5,19,211,172,10089,210,72,-9999,0,-9999
6847,2017,11,5,20,222,167,10085,210,82,-9999,0,-9999
6848,2017,11,5,21,211,161,10083,200,67,4,0,-9999
6849,2017,11,5,22,194,167,10078,190,72,-9999,0,-9999
6850,2017,11,5,23,189,167,10070,190,67,-9999,5,-9999
6851,2017,11,6,0,161,150,10105,310,57,-9999,30,251
6852,2017,11,6,1,156,150,10108,130,36,-9999,231,-9999
6853,2017,11,6,2,150,150,10110,170,41,-9999,257,-9999
6854,2017,11,6,3,156,150,10105,170,46,-9999,86,-9999
6855,2017,11,6,4,156,150,10104,170,41,-9999,33,-9999
6856,2017,11,6,5,156,150,10102,180,46,-9999,36,-9999
6857,2017,11,6,6,156,150,10098,200,26,-9999,18,500
6858,2017,11,6,7,156,150,10103,270,31,-9999,56,-9999
6859,2017,11,6,8,144,139,10109,360,46,-9999,13,-9999
6860,2017,11,6,9,122,117,10123,330,72,-9999,-1,-9999
6861,2017,11,6,10,100,89,10142,340,98,-9999,-1,-9999
6862,2017,11,6,11,83,72,10160,360,62,-9999,-1,-9999
6863,2017,11,6,12,83,67,10172,360,67,-9999,-1,13
6864,2017,11,6,13,78,61,10180,360,51,-9999,0,-9999
6865,2017,11,6,14,78,67,10193,350,36,-9999,-1,-9999
6866,2017,11,6,15,78,56,10205,360,62,-9999,0,-9999
6867,2017,11,6,16,89,50,10209,10,72,-9999,0,-9999
6868,2017,11,6,17,89,56,10205,30,51,-9999,0,-9999
6869,2017,11,6,18,94,50,10209,30,51,-9999,0,-1
6870,2017,11,6,19,100,50,10213,360,36,-9999,0,-9999
6871,2017,11,6,20,100,56,10216,20,41,-9999,0,-9999
6872,2017,11,6,21,94,44,10219,30,46,-9999,0,-9999
6873,2017,11,6,22,94,50,10222,40,62,-9999,0,-9999
6874,2017,11,6,23,83,44,10226,40,46,-9999,0,-9999
6875,2017,11,7,0,78,44,10229,60,41,-9999,0,-9999
6876,2017,11,7,1,72,50,10226,70,46,2,0,-9999
6877,2017,11,7,2,56,44,10230,50,36,4,0,-9999
6878,2017,11,7,3,61,44,10228,60,41,0,0,-9999
6879,2017,11,7,4,61,39,10231,90,36,-9999,0,-9999
6880,2017,11,7,5,61,39,10227,50,41,-9999,0,-9999
6881,2017,11,7,6,56,33,10224,50,51,-9999,0,-9999
6882,2017,11,7,7,50,22,10223,50,51,-9999,0,-9999
6883,2017,11,7,8,56,22,10217,60,57,-9999,0,-9999
6884,2017,11,7,9,50,28,10218,60,51,-9999,0,-9999
6885,2017,11,7,10,44,28,10222,40,62,-9999,-1,-9999
6886,2017,11,7,11,44,28,10222,60,41,-9999,3,-9999
6887,2017,11,7,12,44,28,10216,60,67,-9999,5,8
6888,2017,11,7,13,44,28,10217,80,62,-9999,-1,-9999
6889,2017,11,7,14,44,28,10221,70,57,-9999,-1,-9999
6890,2017,11,7,16,56,39,10224,40,67,-9999,3,-9999
6891,2017,11,7,17,67,33,10224,50,51,-9999,-1,-9999
6892,2017,11,7,18,78,33,10217,50,62,-9999,-1,3
6893,2017,11,7,19,83,39,10214,30,57,-9999,0,-9999
6894,2017,11,7,20,78,28,10217,30,72,-9999,0,-9999
6895,2017,11,7,21,78,28,10225,30,57,-9999,0,-9999
6896,2017,11,7,22,72,28,10227,30,51,-9999,0,-9999
6897,2017,11,7,23,61,22,10232,40,41,-9999,0,-9999
6898,2017,11,8,0,67,22,10236,40,57,-9999,0,-9999
6899,2017,11,8,1,61,22,10238,30,41,-9999,0,-9999
6900,2017,11,8,2,50,11,10241,50,57,0,0,-9999
6901,2017,11,8,3,44,6,10248,50,46,0,0,-9999
6902,2017,11,8,4,39,6,10248,40,36,4,0,-9999
6903,2017,11,8,5,39,6,10246,50,36,-9999,0,-9999
6904,2017,11,8,6,44,11,10248,40,41,-9999,0,-9999
6905,2017,11,8,7,44,11,10248,30,46,-9999,0,-9999
6906,2017,11,8,8,33,11,10252,20,26,-9999,0,-9999
6907,2017,11,8,9,33,11,10251,30,31,-9999,0,-9999
6908,2017,11,8,10,22,6,10254,10,31,4,0,-9999
6909,2017,11,8,11,11,0,10257,20,21,0,0,-9999
6910,2017,11,8,12,11,-6,10261,30,15,2,0,-9999
6911,2017,11,8,13,6,-6,10266,50,15,0,0,-9999
6912,2017,11,8,14,39,11,10267,50,41,0,0,-9999
6913,2017,11,8,15,61,6,10268,50,41,0,0,-9999
6914,2017,11,8,16,78,11,10266,40,46,2,0,-9999
6915,2017,11,8,17,83,11,10259,60,57,4,0,-9999
6916,2017,11,8,18,94,17,10250,30,41,4,0,-9999
6917,2017,11,8,19,94,6,10244,-9999,-9999,2,0,-9999
6918,2017,11,8,20,94,11,10240,20,46,2,0,-9999
6919,2017,11,8,21,89,11,10242,40,31,2,0,-9999
6920,2017,11,8,22,72,11,10240,50,36,0,0,-9999
6921,2017,11,8,23,61,6,10242,40,26,0,0,-9999
6922,2017,11,9,0,50,0,10241,20,15,0,0,-9999
6923,2017,11,9,1,33,0,10241,0,0,0,0,-9999
6924,2017,11,9,2,28,-6,10237,0,0,0,0,-9999
6925,2017,11,9,3,17,0,10233,0,0,0,0,-9999
6926,2017,11,9,4,6,-6,10235,360,21,0,0,-9999
6927,2017,11,9,5,0,-17,10232,0,0,0,0,-9999
6928,2017,11,9,6,-11,-22,10228,0,0,0,0,-9999
6929,2017,11,9,7,-6,-11,10227,0,0,0,0,-9999
6930,2017,11,9,8,-6,-11,10230,360,15,0,0,-9999
6931,2017,11,9,9,-17,-22,10226,0,0,0,0,-9999
6932,2017,11,9,10,-17,-22,10227,0,0,0,0,-9999
6933,2017,11,9,11,-28,-39,10228,0,0,0,0,-9999
6934,2017,11,9,12,-28,-39,10224,0,0,0,0,-9999
6935,2017,11,9,13,0,-6,10225,0,0,0,0,-9999
6936,2017,11,9,14,22,6,10225,220,15,0,0,-9999
6937,2017,11,9,15,61,17,10222,240,26,0,0,-9999
6938,2017,11,9,16,83,22,10216,240,51,0,0,-9999
6939,2017,11,9,17,94,11,10207,250,72,0,0,-9999
6940,2017,11,9,18,106,28,10199,250,62,4,0,-9999
6941,2017,11,9,19,111,22,10192,270,67,0,0,-9999
6942,2017,11,9,20,111,6,10187,250,82,0,0,-9999
6943,2017,11,9,21,117,11,10192,270,67,0,0,-9999
6944,2017,11,9,22,100,6,10197,260,51,0,0,-9999
6945,2017,11,9,23,83,11,10203,260,46,0,0,-9999
6946,2017,11,10,0,78,17,10210,260,46,-9999,0,-9999
6947,2017,11,10,1,67,11,10220,300,88,0,0,-9999
6948,2017,11,10,2,61,0,10225,300,46,-9999,0,-9999
6949,2017,11,10,3,39,0,10238,340,103,-9999,0,-9999
6950,2017,11,10,4,17,-44,10252,350,67,-9999,0,-9999
6951,2017,11,10,5,-6,-67,10261,330,51,0,0,-9999
6952,2017,11,10,6,-17,-67,10266,330,41,0,0,-9999
6953,2017,11,10,7,-22,-61,10269,330,26,0,0,-9999
6954,2017,11,10,8,-22,-67,10277,350,41,0,0,-9999
6955,2017,11,10,9,-28,-72,10284,360,51,0,0,-9999
6956,2017,11,10,10,-33,-89,10296,10,57,0,0,-9999
6957,2017,11,10,11,-44,-94,10307,20,46,0,0,-9999
6958,2017,11,10,12,-50,-89,10318,10,57,0,0,-9999
6959,2017,11,10,13,-50,-94,10329,10,62,0,0,-9999
6960,2017,11,10,14,-44,-122,10340,20,77,0,0,-9999
6961,2017,11,10,15,-28,-128,10344,30,67,0,0,-9999
6962,2017,11,10,16,-17,-133,10351,40,72,0,0,-9999
6963,2017,11,10,17,-17,-128,10350,30,62,0,0,-9999
6964,2017,11,10,18,-11,-111,10342,50,46,0,0,-9999
6965,2017,11,10,19,-6,-100,10341,30,36,0,0,-9999
6966,2017,11,10,20,-6,-94,10341,50,62,2,0,-9999
6967,2017,11,10,21,-11,-94,10346,70,51,0,0,-9999
6968,2017,11,10,22,-17,-94,10348,50,57,0,0,-9999
6969,2017,11,10,23,-33,-89,10349,50,46,0,0,-9999
6970,2017,11,11,0,-39,-89,10352,60,41,0,0,-9999
6971,2017,11,11,1,-44,-89,10355,60,51,0,0,-9999
6972,2017,11,11,2,-56,-89,10353,60,41,0,0,-9999
6973,2017,11,11,3,-50,-89,10353,70,46,0,0,-9999
6974,2017,11,11,4,-56,-83,10347,80,46,0,0,-9999
6975,2017,11,11,5,-50,-83,10344,80,51,0,0,-9999
6976,2017,11,11,6,-50,-83,10345,80,46,0,0,-9999
6977,2017,11,11,7,-56,-83,10338,80,46,0,0,-9999
6978,2017,11,11,8,-56,-83,10342,90,51,0,0,-9999
6979,2017,11,11,9,-56,-89,10340,100,36,0,0,-9999
6980,2017,11,11,10,-56,-94,10335,100,51,0,0,-9999
6981,2017,11,11,11,-61,-94,10330,100,46,0,0,-9999
6982,2017,11,11,12,-61,-94,10328,100,31,0,0,-9999
6983,2017,11,11,13,-61,-94,10330,90,46,0,0,-9999
6984,2017,11,11,14,-44,-89,10333,90,57,0,0,-9999
6985,2017,11,11,15,-28,-83,10323,120,51,0,0,-9999
6986,2017,11,11,16,-17,-78,10325,140,36,0,0,-9999
6987,2017,11,11,17,-6,-72,10316,130,26,0,0,-9999
6988,2017,11,11,18,11,-72,10302,130,26,0,0,-9999
6989,2017,11,11,19,11,-72,10292,140,26,0,0,-9999
6990,2017,11,11,20,17,-72,10284,100,36,0,0,-9999
6991,2017,11,11,21,17,-67,10283,110,36,0,0,-9999
6992,2017,11,11,22,6,-61,10285,110,26,0,0,-9999
6993,2017,11,11,23,-6,-56,10291,100,21,0,0,-9999
6994,2017,11,12,0,-17,-56,10290,100,21,0,0,-9999
6995,2017,11,12,1,-17,-56,10292,70,15,0,0,-9999
6996,2017,11,12,2,-28,-56,10283,110,26,0,0,-9999
6997,2017,11,12,3,-28,-56,10280,110,26,0,0,-9999
6998,2017,11,12,4,-22,-50,10275,130,21,0,0,-9999
6999,2017,11,12,5,-22,-50,10273,80,15,0,0,-9999
7000,2017,11,12,6,-22,-39,10272,110,15,-9999,0,-9999
7001,2017,11,12,8,-17,-33,10271,100,15,0,0,-9999
7002,2017,11,12,9,-11,-28,10271,40,21,0,0,-9999
7003,2017,11,12,10,-17,-33,10272,100,15,0,0,-9999
7004,2017,11,12,11,-11,-33,10274,110,15,0,0,-9999
7005,2017,11,12,12,-6,-22,10274,70,21,-9999,0,-9999
7006,2017,11,12,13,0,-22,10277,110,15,-9999,0,-9999
7007,2017,11,12,14,22,-11,10278,110,15,-9999,0,-9999
7008,2017,11,12,15,39,-6,10277,100,31,4,0,-9999
7009,2017,11,12,16,61,0,10272,120,31,2,0,-9999
7010,2017,11,12,17,78,6,10264,120,21,-9999,0,-9999
7011,2017,11,12,18,89,11,10255,130,31,-9999,0,-9999
7012,2017,11,12,19,83,17,10248,140,41,-9999,0,-9999
7013,2017,11,12,20,83,22,10243,130,36,-9999,0,-9999
7014,2017,11,12,21,78,33,10244,110,31,-9999,0,-9999
7015,2017,11,12,22,61,44,10244,100,26,-9999,-1,-9999
7016,2017,11,12,23,56,50,10244,80,15,-9999,3,-9999
7017,2017,11,13,0,56,44,10248,310,31,-9999,5,23
7018,2017,11,13,1,56,50,10247,70,21,-9999,15,-9999
7019,2017,11,13,2,56,50,10245,60,15,-9999,20,-9999
7020,2017,11,13,3,60,50,-9999,0,0,-9999,5,-9999
7021,2017,11,13,4,50,50,10249,340,36,-9999,8,-9999
7022,2017,11,13,5,33,28,10257,340,51,-9999,3,-9999
7023,2017,11,13,6,28,22,10262,340,57,-9999,-1,36
7024,2017,11,13,7,22,17,10270,340,51,-9999,-1,-9999
7025,2017,11,13,8,22,17,10280,330,46,-9999,-1,-9999
7026,2017,11,13,9,22,11,10285,330,46,-9999,-1,-9999
7027,2017,11,13,10,22,17,10291,320,41,-9999,0,-9999
7028,2017,11,13,11,17,11,10297,320,51,-9999,0,-9999
7029,2017,11,13,12,22,11,10304,310,46,-9999,0,-1
7030,2017,11,13,13,22,17,10311,320,26,-9999,0,-9999
7031,2017,11,13,14,28,17,10320,320,41,-9999,0,-9999
7032,2017,11,13,15,33,17,10320,330,36,-9999,0,-9999
7033,2017,11,13,16,39,22,10325,330,31,-9999,0,-9999
7034,2017,11,13,17,44,22,10327,340,41,-9999,0,-9999
7035,2017,11,13,19,56,17,10317,350,31,-9999,0,-9999
7036,2017,11,13,20,50,11,10316,330,26,-9999,0,-9999
7037,2017,11,13,21,50,6,10316,350,36,-9999,0,-9999
7038,2017,11,13,22,50,6,10316,340,21,-9999,0,-9999
7039,2017,11,13,23,44,0,10319,360,41,-9999,0,-9999
7040,2017,11,14,0,39,0,10323,10,36,-9999,0,-9999
7041,2017,11,14,1,39,-11,10318,30,41,-9999,0,-9999
7042,2017,11,14,2,28,0,10314,60,26,-9999,0,-9999
7043,2017,11,14,3,33,-6,10312,60,21,-9999,0,-9999
7044,2017,11,14,4,28,-11,10308,80,15,-9999,0,-9999
7045,2017,11,14,5,22,-11,10308,130,15,-9999,0,-9999
7046,2017,11,14,6,17,-17,10304,170,21,0,0,-9999
7047,2017,11,14,7,11,-17,10303,180,15,0,0,-9999
7048,2017,11,14,8,-11,-22,10310,0,0,0,0,-9999
7049,2017,11,14,9,-22,-28,10307,0,0,0,0,-9999
7050,2017,11,14,10,-28,-33,10306,0,0,0,0,-9999
7051,2017,11,14,11,-33,-39,10305,0,0,0,0,-9999
7052,2017,11,14,12,-33,-39,10303,0,0,0,0,-9999
7053,2017,11,14,13,-28,-33,10305,100,15,0,0,-9999
7054,2017,11,14,14,22,6,10306,0,0,0,0,-9999
7055,2017,11,14,15,39,-6,10303,120,36,0,0,-9999
7056,2017,11,14,16,56,-6,10299,130,46,0,0,-9999
7057,2017,11,14,17,67,-6,10289,140,57,0,0,-9999
7058,2017,11,14,18,72,-6,10279,100,36,0,0,-9999
7059,2017,11,14,19,83,0,10270,100,41,0,0,-9999
7060,2017,11,14,20,78,-6,10262,110,26,0,0,-9999
7061,2017,11,14,21,78,0,10259,110,46,0,0,-9999
7062,2017,11,14,22,61,0,10257,110,36,0,0,-9999
7063,2017,11,15,0,17,-17,10252,100,31,0,0,-9999
7064,2017,11,15,1,11,-17,10250,110,31,0,0,-9999
7065,2017,11,15,2,17,-17,10242,110,41,0,0,-9999
7066,2017,11,15,3,17,-17,10242,130,15,0,0,-9999
7067,2017,11,15,4,6,-22,10240,100,21,0,0,-9999
7068,2017,11,15,5,11,-22,10239,130,31,0,0,-9999
7069,2017,11,15,6,6,-17,10235,130,36,0,0,-9999
7070,2017,11,15,7,6,-17,10227,140,26,0,0,-9999
7071,2017,11,15,8,-6,-22,10225,130,36,0,-1,-9999
7072,2017,11,15,9,0,-17,10215,130,41,0,0,-9999
7073,2017,11,15,10,6,-11,10213,140,36,0,0,-9999
7074,2017,11,15,11,6,-11,10206,140,41,0,0,-9999
7075,2017,11,15,12,17,-6,10200,160,36,0,0,-1
7076,2017,11,15,13,11,-6,10196,140,41,0,0,-9999
7077,2017,11,15,14,22,6,10189,170,41,0,0,-9999
7078,2017,11,15,15,39,11,10182,170,31,4,0,-9999
7079,2017,11,15,16,50,22,10175,170,31,0,0,-9999
7080,2017,11,15,17,67,33,10163,220,51,-9999,0,-9999
7081,2017,11,15,18,61,39,10148,210,46,-9999,0,-1
7082,2017,11,15,19,61,50,10140,220,62,-9999,3,-9999
7083,2017,11,15,20,61,56,10134,210,51,-9999,13,-9999
7084,2017,11,15,21,72,61,10126,210,67,-9999,15,-9999
7085,2017,11,15,22,78,67,10129,230,77,-9999,10,-9999
7086,2017,11,15,23,78,72,10125,220,72,-9999,0,-9999
7087,2017,11,16,0,83,78,10127,230,93,-9999,0,41
7088,2017,11,16,1,83,78,10130,240,88,-9999,0,-9999
7089,2017,11,16,2,83,78,10132,240,67,-9999,0,-9999
7090,2017,11,16,3,83,67,10139,260,67,-9999,-1,-9999
7091,2017,11,16,4,78,67,10139,240,46,2,0,-9999
7092,2017,11,16,5,78,67,10139,260,72,-9999,0,-9999
7093,2017,11,16,6,67,56,10142,250,67,0,0,-1
7094,2017,11,16,7,61,50,10141,240,51,0,0,-9999
7095,2017,11,16,8,61,39,10143,250,62,4,0,-9999
7096,2017,11,16,9,44,17,10153,280,72,-9999,0,-9999
7097,2017,11,16,10,17,-6,10171,280,93,-9999,0,-9999
7098,2017,11,16,11,11,-17,10176,290,77,-9999,0,-9999
7099,2017,11,16,12,11,-11,10184,290,72,-9999,0,-9999
7100,2017,11,16,13,11,-11,10198,290,46,-9999,0,-9999
7101,2017,11,16,14,11,-11,10207,270,57,-9999,0,-9999
7102,2017,11,16,15,11,-17,10215,300,67,-9999,0,-9999
7103,2017,11,16,16,17,-17,10224,290,62,-9999,0,-9999
7104,2017,11,16,17,17,-11,10224,290,46,-9999,0,-9999
7105,2017,11,16,18,22,-11,10221,270,57,-9999,0,-9999
7106,2017,11,16,19,22,-11,10223,270,62,-9999,0,-9999
7107,2017,11,16,20,33,-6,10226,280,57,-9999,0,-9999
7108,2017,11,16,21,33,-6,10230,300,41,-9999,0,-9999
7109,2017,11,16,22,33,-6,10234,300,46,-9999,0,-9999
7110,2017,11,16,23,28,-6,10242,290,31,-9999,0,-9999
7111,2017,11,17,0,28,-6,10247,290,26,-9999,0,-9999
7112,2017,11,17,1,28,-6,10250,300,31,-9999,0,-9999
7113,2017,11,17,2,33,-6,10254,310,26,-9999,0,-9999
7114,2017,11,17,3,28,-6,10257,320,26,-9999,0,-9999
7115,2017,11,17,4,28,0,10254,310,15,-9999,0,-9999
7116,2017,11,17,5,28,-6,10254,360,26,-9999,0,-9999
7117,2017,11,17,6,33,-11,10254,0,0,-9999,0,-9999
7118,2017,11,17,7,28,-11,10253,100,21,-9999,0,-9999
7119,2017,11,17,8,22,-11,10254,140,15,-9999,0,-9999
7120,2017,11,17,9,22,-11,10248,150,31,-9999,0,-9999
7121,2017,11,17,10,22,-11,10249,150,31,-9999,0,-9999
7122,2017,11,17,11,22,-11,10253,160,21,-9999,0,-9999
7123,2017,11,17,12,17,-11,10252,140,26,-9999,0,-9999
7124,2017,11,17,13,17,-11,10254,150,31,-9999,0,-9999
7125,2017,11,17,14,22,-11,10261,140,41,-9999,0,-9999
7126,2017,11,17,15,28,-11,10248,150,67,-9999,0,-9999
7127,2017,11,17,16,33,-6,10240,150,72,-9999,0,-9999
7128,2017,11,17,17,56,6,10227,130,62,0,0,-9999
7129,2017,11,17,18,72,11,10212,130,46,0,0,-9999
7130,2017,11,17,19,78,6,10199,140,62,0,0,-9999
7131,2017,11,17,20,78,6,10186,150,62,0,0,-9999
7132,2017,11,17,21,78,6,10173,140,51,0,0,-9999
7133,2017,11,17,22,72,6,10166,140,51,0,0,-9999
7134,2017,11,17,23,56,11,10162,140,36,0,0,-9999
7135,2017,11,18,0,50,6,10158,150,36,0,0,-9999
7136,2017,11,18,1,50,0,10149,150,41,0,0,-9999
7137,2017,11,18,2,56,0,10131,150,57,0,0,-9999
7138,2017,11,18,3,61,0,10117,150,62,-9999,0,-9999
7139,2017,11,18,4,61,6,10102,160,46,-9999,0,-9999
7140,2017,11,18,5,78,0,10079,160,67,-9999,0,-9999
7141,2017,11,18,6,89,22,10071,190,57,-9999,0,-1
7142,2017,11,18,7,89,39,10057,200,51,-9999,-1,-9999
7143,2017,11,18,8,89,50,10046,210,62,-9999,10,-9999
7144,2017,11,18,9,94,61,10041,210,77,-9999,8,-9999
7145,2017,11,18,10,100,67,10031,210,62,-9999,3,-9999
7146,2017,11,18,11,111,67,10025,210,67,-9999,0,-9999
7147,2017,11,18,12,122,72,10013,200,77,-9999,0,20
7148,2017,11,18,13,128,78,10001,200,82,-9999,0,-9999
7149,2017,11,18,14,133,89,9996,210,72,-9999,0,-9999
7150,2017,11,18,15,139,100,9987,210,82,-9999,0,-9999
7151,2017,11,18,16,150,106,9976,200,67,-9999,0,-9999
7152,2017,11,18,17,156,117,9951,210,72,-9999,0,-9999
7153,2017,11,18,18,167,128,9922,190,88,-9999,0,-9999
7154,2017,11,18,19,167,133,9914,210,93,-9999,0,-9999
7155,2017,11,18,20,172,133,9908,220,129,-9999,0,-9999
7156,2017,11,18,21,167,139,9900,220,103,-9999,0,-9999
7157,2017,11,18,22,161,144,9893,210,82,-9999,-1,-9999
7158,2017,11,18,23,156,144,9905,270,124,-9999,15,-9999
7159,2017,11,19,0,100,94,9915,310,88,-9999,157,224
7160,2017,11,19,1,72,61,9936,320,98,-9999,51,-9999
7161,2017,11,19,2,56,44,9957,320,113,-9999,-1,-9999
7162,2017,11,19,3,44,28,9989,310,93,-9999,3,-9999
7163,2017,11,19,4,33,22,10016,320,93,-9999,5,-9999
7164,2017,11,19,5,39,22,10038,300,82,-9999,5,-9999
7165,2017,11,19,6,44,28,10054,290,67,-9999,-1,13
7166,2017,11,19,7,44,22,10069,300,82,-9999,-1,-9999
7167,2017,11,19,8,44,22,10085,290,62,-9999,-1,-9999
7168,2017,11,19,9,39,11,10094,290,62,-9999,-1,-9999
7169,2017,11,19,10,33,6,10100,280,82,-9999,3,-9999
7170,2017,11,19,11,33,0,10111,280,67,-9999,0,-9999
7171,2017,11,19,12,28,0,10122,290,62,-9999,0,3
7172,2017,11,19,13,28,0,10132,280,62,-9999,0,-9999
7173,2017,11,19,14,28,0,10139,280,51,-9999,0,-9999
7174,2017,11,19,15,33,-6,10147,290,72,-9999,0,-9999
7175,2017,11,19,16,33,0,10153,270,67,-9999,0,-9999
7176,2017,11,19,17,22,0,10155,290,67,-9999,0,-9999
7177,2017,11,19,18,28,-6,10151,280,67,-9999,-1,-1
7178,2017,11,19,19,22,-17,10154,260,93,-9999,0,-9999
7179,2017,11,19,20,17,-22,10159,280,77,-9999,0,-9999
7180,2017,11,19,21,11,-50,10169,280,103,-9999,0,-9999
7181,2017,11,19,22,-6,-50,10181,290,77,-9999,0,-9999
7182,2017,11,19,23,-6,-44,10187,280,62,-9999,0,-9999
7183,2017,11,20,0,-11,-44,10196,270,62,-9999,0,-9999
7184,2017,11,20,1,-11,-50,10203,260,72,-9999,0,-9999
7185,2017,11,20,2,-17,-50,10204,290,62,-9999,0,-9999
7186,2017,11,20,3,-22,-50,10211,250,46,2,0,-9999
7187,2017,11,20,4,-28,-50,10213,250,41,0,0,-9999
7188,2017,11,20,5,-28,-50,10213,240,36,0,0,-9999
7189,2017,11,20,6,-33,-50,10217,240,26,0,0,-9999
7190,2017,11,20,7,-28,-50,10219,230,41,0,0,-9999
7191,2017,11,20,8,-33,-50,10222,240,36,0,0,-9999
7192,2017,11,20,9,-39,-56,10219,220,15,0,0,-9999
7193,2017,11,20,10,-50,-56,10225,220,26,0,0,-9999
7194,2017,11,20,11,-50,-56,10231,220,31,0,0,-9999
7195,2017,11,20,12,-50,-61,10231,210,26,0,0,-9999
7196,2017,11,20,13,-33,-44,10238,220,41,0,0,-9999
7197,2017,11,20,14,-11,-39,10234,220,67,0,0,-9999
7198,2017,11,20,15,11,-44,10236,220,57,0,0,-9999
7199,2017,11,20,16,22,-44,10234,210,51,0,0,-9999
7200,2017,11,20,18,50,-33,10206,210,77,0,0,-9999
7201,2017,11,20,19,67,-33,10195,220,77,0,0,-9999
7202,2017,11,20,20,72,-39,10190,210,72,0,0,-9999
7203,2017,11,20,21,72,-33,10187,180,46,0,0,-9999
7204,2017,11,20,22,56,-33,10188,180,41,0,0,-9999
7205,2017,11,20,23,39,-28,10187,190,36,0,0,-9999
7206,2017,11,21,0,39,-33,10186,190,36,0,0,-9999
7207,2017,11,21,1,33,-28,10183,190,36,0,0,-9999
7208,2017,11,21,2,28,-33,10174,190,31,0,0,-9999
7209,2017,11,21,3,33,-33,10168,190,36,0,0,-9999
7210,2017,11,21,4,28,-33,10160,190,41,0,0,-9999
7211,2017,11,21,5,33,-39,10155,190,46,0,0,-9999
7212,2017,11,21,6,33,-39,10148,190,46,0,0,-9999
7213,2017,11,21,7,33,-44,10142,200,46,0,0,-9999
7214,2017,11,21,8,33,-44,10143,210,62,0,0,-9999
7215,2017,11,21,9,33,-44,10140,210,67,0,0,-9999
7216,2017,11,21,10,33,-44,10136,210,67,0,0,-9999
7217,2017,11,21,11,33,-44,10136,220,72,0,0,-9999
7218,2017,11,21,12,39,-39,10136,220,77,0,0,-9999
7219,2017,11,21,13,44,-33,10138,220,67,0,0,-9999
7220,2017,11,21,14,50,-28,10138,210,62,0,0,-9999
7221,2017,11,21,15,56,-22,10137,210,72,0,0,-9999
7222,2017,11,21,16,78,-17,10137,220,88,0,0,-9999
7223,2017,11,21,17,94,-11,10130,220,98,0,0,-9999
7224,2017,11,21,18,106,0,10124,220,103,0,0,-9999
7225,2017,11,21,19,117,0,10123,230,82,0,0,-9999
7226,2017,11,21,20,122,6,10124,230,88,0,0,-9999
7227,2017,11,21,21,111,6,10133,230,72,0,0,-9999
7228,2017,11,21,22,106,6,10139,220,46,0,0,-9999
7229,2017,11,21,23,89,11,10141,250,36,0,0,-9999
7230,2017,11,22,0,78,11,10147,260,36,0,0,-9999
7231,2017,11,22,1,83,17,10153,280,51,-9999,0,-9999
7232,2017,11,22,2,72,22,10163,310,46,-9999,0,-9999
7233,2017,11,22,3,56,22,10169,290,67,-9999,0,-9999
7234,2017,11,22,4,22,11,10182,320,67,-9999,-1,-9999
7235,2017,11,22,5,17,0,10188,320,57,-9999,5,-9999
7236,2017,11,22,6,11,-6,10195,310,46,-9999,5,10
7237,2017,11,22,7,0,-17,10200,300,36,0,0,-9999
7238,2017,11,22,8,-6,-17,10208,310,36,-9999,0,-9999
7239,2017,11,22,9,-22,-33,10216,270,26,0,0,-9999
7240,2017,11,22,10,-28,-39,10222,290,31,2,0,-9999
7241,2017,11,22,11,-11,-22,10231,300,36,-9999,0,-9999
7242,2017,11,22,12,-6,-17,10237,280,31,-9999,0,-9999
7243,2017,11,22,13,-6,-39,10246,350,67,-9999,0,-9999
7244,2017,11,22,14,-6,-44,10258,330,67,-9999,0,-9999
7245,2017,11,22,15,0,-50,10263,350,51,-9999,0,-9999
7246,2017,11,22,16,11,-56,10268,330,46,-9999,0,-9999
7247,2017,11,22,17,11,-56,10265,330,51,-9999,0,-9999
7248,2017,11,22,18,17,-56,10261,300,46,4,0,-9999
7249,2017,11,22,19,11,-56,10260,330,31,-9999,0,-9999
7250,2017,11,22,20,22,-61,10256,0,0,4,0,-9999
7251,2017,11,22,21,22,-56,10258,310,21,0,0,-9999
7252,2017,11,22,22,6,-56,10261,350,36,0,0,-9999
7253,2017,11,22,23,-11,-56,10262,10,15,0,0,-9999
7254,2017,11,23,0,-22,-56,10266,10,21,-9999,0,-9999
7255,2017,11,23,1,-33,-61,10259,70,21,-9999,0,-9999
7256,2017,11,23,2,-28,-61,10254,0,0,0,0,-9999
7257,2017,11,23,3,-44,-61,10255,0,0,0,0,-9999
7258,2017,11,23,4,-44,-61,10255,0,0,0,0,-9999
7259,2017,11,23,5,-56,-67,10251,140,21,0,0,-9999
7260,2017,11,23,6,-56,-72,10243,0,0,0,0,-9999
7261,2017,11,23,7,-56,-67,10241,0,0,0,0,-9999
7262,2017,11,23,8,-61,-72,10239,130,15,0,0,-9999
7263,2017,11,23,9,-61,-72,10238,0,0,0,0,-9999
7264,2017,11,23,10,-67,-78,10234,0,0,0,0,-9999
7265,2017,11,23,11,-56,-67,10232,0,0,0,0,-9999
7266,2017,11,23,12,-39,-50,10226,180,15,4,0,-9999
7267,2017,11,23,13,-28,-39,10223,190,15,2,0,-9999
7268,2017,11,23,14,-11,-28,10222,200,26,-9999,0,-9999
7269,2017,11,23,15,6,-33,10220,210,26,-9999,0,-9999
7270,2017,11,23,16,17,-33,10215,220,36,4,0,-9999
7271,2017,11,23,17,28,-28,10204,190,36,2,0,-9999
7272,2017,11,23,18,33,-33,10198,200,21,-9999,0,-9999
7273,2017,11,23,19,44,-39,10189,230,41,-9999,0,-9999
7274,2017,11,23,20,50,-39,10178,190,31,2,0,-9999
7275,2017,11,23,21,44,-39,10180,230,31,4,0,-9999
7276,2017,11,23,22,44,-44,10176,200,41,-9999,0,-9999
7277,2017,11,23,23,22,-44,10176,190,26,0,0,-9999
7278,2017,11,24,0,11,-44,10173,170,21,0,0,-9999
7279,2017,11,24,1,11,-44,10177,170,21,0,0,-9999
7280,2017,11,24,2,17,-44,10173,180,26,0,0,-9999
7281,2017,11,24,3,6,-44,10176,220,26,0,0,-9999
7282,2017,11,24,4,-6,-39,10181,0,0,0,0,-9999
7283,2017,11,24,5,-17,-50,10173,180,15,0,0,-9999
7284,2017,11,24,6,-17,-44,10172,0,0,0,0,-9999
7285,2017,11,24,7,-28,-44,10170,0,0,0,0,-9999
7286,2017,11,24,8,-6,-39,10162,200,26,0,0,-9999
7287,2017,11,24,9,-6,-39,10160,180,21,0,0,-9999
7288,2017,11,24,10,0,-44,10157,180,31,0,0,-9999
7289,2017,11,24,11,0,-44,10156,190,31,0,0,-9999
7290,2017,11,24,12,0,-44,10154,180,21,0,0,-9999
7291,2017,11,24,13,0,-44,10156,180,26,0,0,-9999
7292,2017,11,24,14,28,-33,10159,200,31,0,0,-9999
7293,2017,11,24,15,50,-28,10153,210,46,0,0,-9999
7294,2017,11,24,16,72,-33,10146,210,46,0,0,-9999
7295,2017,11,24,17,89,-22,10136,200,46,0,0,-9999
7296,2017,11,24,18,106,-33,10120,220,57,0,0,-9999
7297,2017,11,24,19,117,-28,10110,210,67,0,0,-9999
7298,2017,11,24,20,117,-22,10099,220,67,0,0,-9999
7299,2017,11,24,21,122,-17,10096,200,46,0,0,-9999
7300,2017,11,24,22,106,-17,10093,190,46,0,0,-9999
7301,2017,11,24,23,89,-22,10093,180,31,0,0,-9999
7302,2017,11,25,0,83,-22,10091,190,36,0,0,-9999
7303,2017,11,25,1,83,-22,10089,200,36,0,0,-9999
7304,2017,11,25,2,94,-22,10076,200,67,0,0,-9999
7305,2017,11,25,3,94,-22,10070,200,57,0,0,-9999
7306,2017,11,25,4,94,-22,10070,220,51,0,0,-9999
7307,2017,11,25,5,94,-28,10071,230,62,4,0,-9999
7308,2017,11,25,6,94,-28,10061,210,62,0,0,-9999
7309,2017,11,25,7,94,-22,10055,210,72,0,0,-9999
7310,2017,11,25,8,89,-17,10059,220,62,0,0,-9999
7311,2017,11,25,9,89,-11,10062,230,72,0,0,-9999
7312,2017,11,25,10,89,-11,10065,240,67,2,0,-9999
7313,2017,11,25,11,78,-6,10072,240,57,0,0,-9999
7314,2017,11,25,12,67,0,10083,260,41,0,0,-9999
7315,2017,11,25,13,67,6,10091,250,46,2,0,-9999
7316,2017,11,25,14,78,17,10096,250,41,-9999,0,-9999
7317,2017,11,25,15,100,39,10106,290,62,0,0,-9999
7318,2017,11,25,16,111,56,10113,310,72,4,0,-9999
7319,2017,11,25,17,122,50,10116,300,88,2,0,-9999
7320,2017,11,25,18,122,22,10118,290,62,0,0,-9999
7321,2017,11,25,19,122,11,10119,280,72,0,0,-9999
7322,2017,11,25,20,122,6,10121,290,72,0,0,-9999
7323,2017,11,25,21,111,0,10127,290,88,0,0,-9999
7324,2017,11,25,22,94,0,10135,280,46,0,0,-9999
7325,2017,11,25,23,78,0,10151,300,51,0,0,-9999
7326,2017,11,26,0,61,0,10158,300,41,0,0,-9999
7327,2017,11,26,1,61,6,10167,320,51,0,0,-9999
7328,2017,11,26,2,44,0,10180,320,51,0,0,-9999
7329,2017,11,26,3,28,-11,10189,310,31,0,0,-9999
7330,2017,11,26,4,11,-17,10197,290,26,0,0,-9999
7331,2017,11,26,5,6,-17,10206,270,31,0,0,-9999
7332,2017,11,26,6,0,-22,10210,290,36,0,0,-9999
7333,2017,11,26,7,-6,-22,10212,290,31,0,0,-9999
7334,2017,11,26,8,-11,-28,10217,290,31,0,0,-9999
7335,2017,11,26,9,-28,-44,10220,290,21,-9999,0,-9999
7336,2017,11,26,10,-33,-44,10223,270,31,-9999,0,-9999
7337,2017,11,26,11,-28,-33,10230,310,26,-9999,0,-9999
7338,2017,11,26,12,-33,-39,10238,0,0,-9999,0,-9999
7339,2017,11,26,13,-33,-39,10239,240,21,-9999,0,-9999
7340,2017,11,26,14,0,-11,10237,240,26,-9999,0,-9999
7341,2017,11,26,15,28,-6,10246,280,26,0,0,-9999
7342,2017,11,26,16,44,-17,10247,260,41,0,0,-9999
7343,2017,11,26,17,61,-11,10241,280,57,-9999,0,-9999
7344,2017,11,26,18,67,-11,10232,260,51,-9999,0,-9999
7345,2017,11,26,19,72,-11,10225,260,51,0,0,-9999
7346,2017,11,26,20,78,-11,10222,270,46,0,0,-9999
7347,2017,11,26,21,78,-22,10217,250,41,0,0,-9999
7348,2017,11,26,22,61,-22,10216,250,36,0,0,-9999
7349,2017,11,26,23,28,-33,10219,260,31,0,0,-9999
7350,2017,11,27,0,33,-33,10220,230,31,0,0,-9999
7351,2017,11,27,1,22,-33,10219,240,31,0,0,-9999
7352,2017,11,27,2,11,-33,10217,240,36,0,0,-9999
7353,2017,11,27,3,17,-33,10217,240,31,0,0,-9999
7354,2017,11,27,4,17,-33,10211,220,31,0,0,-9999
7355,2017,11,27,5,6,-33,10210,230,36,0,0,-9999
7356,2017,11,27,6,11,-33,10207,220,31,0,0,-9999
7357,2017,11,27,7,6,-39,10211,230,36,0,0,-9999
7358,2017,11,27,8,11,-33,10213,220,36,0,0,-9999
7359,2017,11,27,9,11,-39,10213,220,31,0,0,-9999
7360,2017,11,27,10,6,-39,10214,230,36,0,0,-9999
7361,2017,11,27,11,11,-33,10217,220,36,0,0,-9999
7362,2017,11,27,12,6,-39,10223,210,21,0,0,-9999
7363,2017,11,27,13,11,-33,10226,210,21,0,0,-9999
7364,2017,11,27,14,39,-22,10226,220,41,0,0,-9999
7365,2017,11,27,15,67,-6,10225,230,41,0,0,-9999
7366,2017,11,27,16,106,6,10221,230,41,0,0,-9999
7367,2017,11,27,17,122,11,10216,250,46,0,0,-9999
7368,2017,11,27,18,139,11,10209,200,36,0,0,-9999
7369,2017,11,27,19,144,6,10207,210,36,0,0,-9999
7370,2017,11,27,20,150,6,10200,210,51,0,0,-9999
7371,2017,11,27,21,139,6,10200,210,51,0,0,-9999
7372,2017,11,27,22,122,0,10203,180,26,0,0,-9999
7373,2017,11,27,23,94,0,10204,170,26,0,0,-9999
7374,2017,11,28,0,94,6,10207,170,31,0,0,-9999
7375,2017,11,28,1,83,6,10211,170,21,0,0,-9999
7376,2017,11,28,2,89,11,10207,180,31,0,0,-9999
7377,2017,11,28,3,83,11,10204,190,46,0,0,-9999
7378,2017,11,28,4,89,11,10202,190,41,0,0,-9999
7379,2017,11,28,5,89,6,10205,190,36,0,0,-9999
7380,2017,11,28,6,78,6,10203,190,46,0,0,-9999
7381,2017,11,28,7,67,0,10204,170,36,0,0,-9999
7382,2017,11,28,8,67,-6,10208,180,31,0,0,-9999
7383,2017,11,28,9,61,-11,10209,170,31,0,0,-9999
7384,2017,11,28,10,67,-11,10212,180,31,0,0,-9999
7385,2017,11,28,11,67,-17,10216,180,26,0,0,-9999
7386,2017,11,28,12,72,-17,10218,180,36,0,0,-9999
7387,2017,11,28,13,72,-22,10223,210,36,0,0,-9999
7388,2017,11,28,14,94,-22,10222,210,46,0,0,-9999
7389,2017,11,28,15,111,-17,10222,210,46,0,0,-9999
7390,2017,11,28,16,128,-11,10222,210,51,0,0,-9999
7391,2017,11,28,17,144,-17,10208,210,77,0,0,-9999
7392,2017,11,28,18,156,-17,10198,200,57,0,0,-9999
7393,2017,11,28,19,161,-17,10193,210,67,0,0,-9999
7394,2017,11,28,20,167,-17,10191,200,51,0,0,-9999
7395,2017,11,28,21,161,-17,10193,200,62,0,0,-9999
7396,2017,11,28,22,144,-11,10197,220,46,0,0,-9999
7397,2017,11,29,0,111,-11,10202,190,31,0,0,-9999
7398,2017,11,29,1,111,0,10206,220,51,2,0,-9999
7399,2017,11,29,2,106,0,10213,220,51,2,0,-9999
7400,2017,11,29,3,100,0,10217,220,51,0,0,-9999
7401,2017,11,29,4,111,0,10213,220,57,-9999,0,-9999
7402,2017,11,29,5,100,6,10219,210,41,-9999,0,-9999
7403,2017,11,29,6,117,0,10218,240,51,-9999,0,-9999
7404,2017,11,29,7,111,0,10218,240,62,-9999,0,-9999
7405,2017,11,29,8,111,0,10223,260,57,-9999,0,-9999
7406,2017,11,29,9,100,6,10226,260,41,-9999,0,-9999
7407,2017,11,29,10,72,0,10232,270,31,0,0,-9999
7408,2017,11,29,11,67,6,10242,300,31,0,0,-9999
7409,2017,11,29,12,61,6,10249,350,21,0,0,-9999
7410,2017,11,29,13,56,0,10259,320,21,0,0,-9999
7411,2017,11,29,14,72,11,10270,340,21,0,0,-9999
7412,2017,11,29,16,100,-17,10277,10,15,0,0,-9999
7413,2017,11,29,17,106,-39,10270,0,0,0,0,-9999
7414,2017,11,29,18,117,-56,10264,0,0,0,0,-9999
7415,2017,11,29,19,128,-50,10257,0,0,0,0,-9999
7416,2017,11,29,20,128,-56,10253,0,0,0,0,-9999
7417,2017,11,29,21,122,-39,10251,100,21,0,0,-9999
7418,2017,11,29,22,83,-33,10251,100,26,0,-9999,-9999
7419,2017,11,29,23,44,-33,10249,80,31,0,-9999,-9999
7420,2017,11,30,0,44,-33,10250,60,26,0,-9999,-9999
7421,2017,11,30,1,44,-33,10248,90,26,0,0,-9999
7422,2017,11,30,2,44,-22,10241,110,31,0,0,-9999
7423,2017,11,30,3,39,-17,10237,110,31,0,0,-9999
7424,2017,11,30,4,50,-17,10234,110,26,-9999,0,-9999
7425,2017,11,30,5,44,-11,10231,100,26,-9999,0,-9999
7426,2017,11,30,6,50,-11,10221,110,31,-9999,-9999,-9999
7427,2017,11,30,7,61,-17,10216,130,26,-9999,0,-9999
7428,2017,11,30,8,67,-11,10210,130,26,-9999,0,-9999
7429,2017,11,30,9,72,-11,10204,160,31,-9999,0,-9999
7430,2017,11,30,10,72,-6,10196,170,41,-9999,0,-9999
7431,2017,11,30,11,72,11,10194,210,36,2,0,-9999
7432,2017,11,30,12,72,11,10188,180,26,-9999,0,-9999
7433,2017,11,30,13,83,22,10183,200,36,4,0,-9999
7434,2017,11,30,14,100,22,10183,220,57,-9999,0,-9999
7435,2017,11,30,15,89,44,10188,240,41,-9999,0,-9999
7436,2017,11,30,16,78,72,10184,230,21,-9999,-1,-9999
7437,2017,11,30,17,78,72,10177,220,36,-9999,5,-9999
7438,2017,11,30,18,83,78,10171,230,51,-9999,3,13
7439,2017,11,30,19,83,78,10166,260,46,-9999,5,-9999
7440,2017,11,30,20,89,78,10164,260,57,-9999,15,-9999
7441,2017,11,30,21,89,78,10172,280,41,-9999,-1,-9999
7442,2017,11,30,22,78,72,10177,220,36,0,-9999,-9999
7443,2017,11,30,23,50,39,10192,270,36,0,-9999,-9999
7444,2017,12,1,0,56,28,10201,280,36,0,-9999,15
7445,2017,12,1,1,39,17,10211,280,36,0,-9999,-9999
7446,2017,12,1,2,33,11,10215,260,31,0,-9999,-9999
7447,2017,12,1,3,33,6,10220,260,21,0,-9999,-9999
7448,2017,12,1,4,6,0,10226,220,21,0,-9999,-9999
7449,2017,12,1,5,6,-6,10229,250,21,0,-9999,-9999
7450,2017,12,1,6,-6,-11,10231,240,26,0,0,-9999
7451,2017,12,1,8,-10,-20,-9999,280,15,0,0,-9999
7452,2017,12,1,9,-20,-30,-9999,0,0,0,0,-9999
7453,2017,12,1,10,-33,-39,10243,0,0,0,0,-9999
7454,2017,12,1,11,-39,-44,10246,0,0,-9999,0,-9999
7455,2017,12,1,12,-44,-50,10252,0,0,9,0,-9999
7456,2017,12,1,13,-50,-56,10261,0,0,-9999,0,-9999
7457,2017,12,1,14,17,6,10263,0,0,0,-9999,-9999
7458,2017,12,1,15,22,11,10263,0,0,0,-9999,-9999
7459,2017,12,1,16,61,28,10262,100,21,0,0,-9999
7460,2017,12,1,17,83,22,10256,110,15,0,0,-9999
7461,2017,12,1,18,89,6,10252,150,26,0,0,-9999
7462,2017,12,1,19,100,6,10248,210,21,0,0,-9999
7463,2017,12,1,20,100,6,10244,0,0,0,0,-9999
7464,2017,12,1,21,94,0,10246,0,0,0,0,-9999
7465,2017,12,1,22,83,-6,10244,0,0,0,0,-9999
7466,2017,12,1,23,44,-6,10248,0,0,0,0,-9999
7467,2017,12,2,0,28,-6,10250,0,0,0,0,-9999
7468,2017,12,2,1,11,-11,10252,120,15,0,0,-9999
7469,2017,12,2,2,6,-11,10248,140,21,0,0,-9999
7470,2017,12,2,3,-11,-17,10246,120,21,0,0,-9999
7471,2017,12,2,4,-22,-39,10245,100,15,0,0,-9999
7472,2017,12,2,5,-22,-33,10241,120,26,0,0,-9999
7473,2017,12,2,6,-28,-39,10238,120,21,0,0,-9999
7474,2017,12,2,7,-39,-44,10235,120,21,0,0,-9999
7475,2017,12,2,8,-33,-39,10235,140,21,0,0,-9999
7476,2017,12,2,9,-33,-44,10237,130,15,0,0,-9999
7477,2017,12,2,10,-44,-56,10237,60,21,0,0,-9999
7478,2017,12,2,11,-33,-39,10236,80,26,0,0,-9999
7479,2017,12,2,12,-28,-33,10239,0,0,0,0,-9999
7480,2017,12,2,13,-22,-28,10240,100,15,0,0,-9999
7481,2017,12,2,14,0,-6,10244,0,0,0,0,-9999
7482,2017,12,2,15,33,6,10246,0,0,4,0,-9999
7483,2017,12,2,16,61,17,10244,0,0,-9999,0,-9999
7484,2017,12,2,17,78,22,10226,130,31,-9999,0,-9999
7485,2017,12,2,18,94,11,10221,-9999,21,0,0,-9999
7486,2017,12,2,19,106,6,10215,180,21,0,0,-9999
7487,2017,12,2,20,106,6,10207,180,31,-9999,0,-9999
7488,2017,12,2,21,106,6,10207,160,31,4,0,-9999
7489,2017,12,2,22,89,0,10211,160,15,2,0,-9999
7490,2017,12,2,23,56,0,10218,0,0,0,0,-9999
7491,2017,12,3,0,44,-6,10216,120,15,0,0,-9999
7492,2017,12,3,2,6,-22,10215,0,0,0,0,-9999
7493,2017,12,3,3,6,-17,10224,0,0,0,0,-9999
7494,2017,12,3,4,0,-22,10221,0,0,0,0,-9999
7495,2017,12,3,5,-11,-17,10221,0,0,0,0,-9999
7496,2017,12,3,6,-22,-33,10219,110,15,0,0,-9999
7497,2017,12,3,7,-22,-28,10223,0,0,0,0,-9999
7498,2017,12,3,8,-22,-33,10226,220,21,0,0,-9999
7499,2017,12,3,9,-28,-33,10224,210,15,0,0,-9999
7500,2017,12,3,10,-33,-39,10226,220,21,0,0,-9999
7501,2017,12,3,11,-33,-39,10230,0,0,0,0,-9999
7502,2017,12,3,12,-33,-39,10241,220,31,0,0,-9999
7503,2017,12,3,13,-22,-33,10244,210,15,0,0,-9999
7504,2017,12,3,14,17,0,10251,0,0,0,0,-9999
7505,2017,12,3,15,50,11,10255,0,0,0,0,-9999
7506,2017,12,3,16,72,11,10256,220,21,0,0,-9999
7507,2017,12,3,17,100,17,10248,0,0,0,0,-9999
7508,2017,12,3,18,117,22,10243,230,15,0,0,-9999
7509,2017,12,3,19,133,17,10239,240,21,0,0,-9999
7510,2017,12,3,20,128,11,10235,250,31,0,0,-9999
7511,2017,12,3,21,128,6,10233,0,0,0,0,-9999
7512,2017,12,3,22,111,6,10240,190,15,0,0,-9999
7513,2017,12,3,23,89,0,10243,190,15,0,0,-9999
7514,2017,12,4,1,11,-11,10247,130,15,0,0,-9999
7515,2017,12,4,2,6,-17,10244,150,26,0,0,-9999
7516,2017,12,4,3,11,-11,10240,160,26,0,0,-9999
7517,2017,12,4,4,50,0,10233,160,31,0,0,-9999
7518,2017,12,4,5,44,0,10233,150,31,0,0,-9999
7519,2017,12,4,6,33,0,10225,150,36,0,0,-9999
7520,2017,12,4,7,50,0,10220,150,46,0,0,-9999
7521,2017,12,4,8,50,0,10226,150,36,0,0,-9999
7522,2017,12,4,9,33,-6,10224,130,41,0,0,-9999
7523,2017,12,4,10,28,-6,10223,130,36,0,0,-9999
7524,2017,12,4,11,39,-6,10223,140,41,0,0,-9999
7525,2017,12,4,12,44,-6,10222,140,46,-9999,0,-9999
7526,2017,12,4,13,50,0,10225,140,46,-9999,0,-9999
7527,2017,12,4,14,56,6,10222,160,21,0,0,-9999
7528,2017,12,4,15,78,17,10215,150,41,2,0,-9999
7529,2017,12,4,16,106,28,10203,160,51,0,0,-9999
7530,2017,12,4,17,128,33,10191,170,46,0,0,-9999
7531,2017,12,4,18,139,33,10174,190,51,0,0,-9999
7532,2017,12,4,19,150,44,10165,190,46,0,0,-9999
7533,2017,12,4,20,156,50,10158,170,51,0,0,-9999
7534,2017,12,4,21,150,50,10155,170,51,0,0,-9999
7535,2017,12,4,22,139,50,10152,170,57,0,0,-9999
7536,2017,12,4,23,133,44,10154,170,36,2,0,-9999
7537,2017,12,5,0,133,44,10147,170,51,-9999,0,-9999
7538,2017,12,5,1,128,44,10140,160,51,4,0,-9999
7539,2017,12,5,2,139,39,10133,180,46,4,0,-9999
7540,2017,12,5,3,150,39,10130,190,72,-9999,0,-9999
7541,2017,12,5,4,128,67,10130,190,72,-9999,0,-9999
7542,2017,12,5,5,117,83,10123,190,72,-9999,3,-9999
7543,2017,12,5,6,117,83,10112,180,62,-9999,13,15
7544,2017,12,5,7,128,78,10102,190,77,-9999,-1,-9999
7545,2017,12,5,8,117,89,10105,200,57,-9999,0,-9999
7546,2017,12,5,9,111,94,10115,210,88,-9999,36,-9999
7547,2017,12,5,10,106,94,10112,210,67,-9999,28,-9999
7548,2017,12,5,11,111,100,10111,200,67,-9999,18,-9999
7549,2017,12,5,12,117,106,10116,220,72,-9999,20,104
7550,2017,12,5,13,117,111,10119,240,72,-9999,3,-9999
7551,2017,12,5,14,89,67,10129,290,62,-9999,-1,-9999
7552,2017,12,5,15,78,56,10135,290,46,-9999,0,-9999
7553,2017,12,5,16,61,28,10150,280,88,-9999,0,-9999
7554,2017,12,5,17,61,22,10143,270,72,0,0,-9999
7555,2017,12,5,18,56,17,10139,270,67,2,0,-9999
7556,2017,12,5,19,50,17,10135,270,77,2,0,-9999
7557,2017,12,5,20,33,-6,10144,260,118,-9999,0,-9999
7558,2017,12,5,21,28,-22,10153,260,93,-9999,0,-9999
7559,2017,12,5,22,17,-67,10166,270,93,0,0,-9999
7560,2017,12,5,23,11,-67,10172,260,82,0,0,-9999
7561,2017,12,6,0,0,-67,10179,260,82,0,0,-9999
7562,2017,12,6,1,-6,-56,10190,250,51,0,0,-9999
7563,2017,12,6,2,-11,-56,10196,250,46,0,0,-9999
7564,2017,12,6,3,-11,-61,10195,240,57,0,0,-9999
7565,2017,12,6,4,-11,-56,10201,250,62,0,0,-9999
7566,2017,12,6,5,-11,-56,10205,250,57,0,0,-9999
7567,2017,12,6,6,-11,-56,10202,240,67,0,0,-9999
7568,2017,12,6,7,-17,-56,10200,240,62,0,0,-9999
7569,2017,12,6,8,-17,-56,10202,230,62,0,0,-9999
7570,2017,12,6,9,-22,-56,10199,220,46,0,0,-9999
7571,2017,12,6,10,-17,-56,10198,220,51,0,0,-9999
7572,2017,12,6,11,-22,-56,10198,230,41,0,0,-9999
7573,2017,12,6,12,-28,-56,10195,220,41,0,0,-9999
7574,2017,12,6,13,-28,-56,10192,210,46,0,0,-9999
7575,2017,12,6,14,-11,-50,10192,210,46,0,0,-9999
7576,2017,12,6,15,6,-56,10186,210,57,2,0,-9999
7577,2017,12,6,16,22,-56,10180,210,72,-9999,0,-9999
7578,2017,12,6,17,39,-50,10173,240,108,-9999,0,-9999
7579,2017,12,6,18,44,-39,10172,240,72,0,0,-9999
7580,2017,12,6,19,44,-39,10174,260,103,-9999,0,-9999
7581,2017,12,6,20,50,-28,10172,240,77,2,0,-9999
7582,2017,12,6,21,44,-39,10171,250,103,4,0,-9999
7583,2017,12,6,22,33,-44,10175,260,82,2,0,-9999
7584,2017,12,6,23,22,-44,10182,260,46,2,0,-9999
7585,2017,12,7,0,17,-39,10189,260,46,-9999,0,-9999
7586,2017,12,7,1,6,-39,10197,260,41,2,0,-9999
7587,2017,12,7,2,6,-39,10200,260,46,2,0,-9999
7588,2017,12,7,3,6,-39,10201,260,62,0,0,-9999
7589,2017,12,7,4,0,-44,10198,250,57,0,0,-9999
7590,2017,12,7,5,6,-44,10195,250,46,-9999,0,-9999
7591,2017,12,7,6,-6,-44,10189,230,41,0,-9999,-9999
7592,2017,12,7,7,11,-44,10187,250,51,-9999,-9999,-9999
7593,2017,12,7,8,6,-44,10188,250,46,-9999,-9999,-9999
7594,2017,12,7,9,-6,-39,10187,250,41,0,-9999,-9999
7595,2017,12,7,10,-17,-44,10186,230,31,0,-9999,-9999
7596,2017,12,7,11,-6,-33,10186,240,41,-9999,-9999,-9999
7597,2017,12,7,12,-6,-33,10191,300,46,-9999,-9999,-9999
7598,2017,12,7,13,-11,-50,10197,290,41,-9999,-1,-9999
7599,2017,12,7,14,-11,-50,10200,280,57,-9999,-1,-9999
7600,2017,12,7,15,-6,-67,10203,280,88,-9999,-1,-9999
7601,2017,12,7,16,-11,-61,10209,290,77,-9999,-9999,-9999
7602,2017,12,7,17,-22,-67,10209,290,77,-9999,-9999,-9999
7603,2017,12,7,18,-33,-67,10208,290,72,-9999,-1,-1
7604,2017,12,7,19,-33,-72,10207,280,62,-9999,-1,-9999
7605,2017,12,7,20,-39,-78,10211,270,82,-9999,-1,-9999
7606,2017,12,7,21,-44,-83,10216,270,77,-9999,-1,-9999
7607,2017,12,7,22,-44,-89,10219,260,72,-9999,-1,-9999
7608,2017,12,7,23,-44,-89,10228,270,51,-9999,-1,-9999
7609,2017,12,8,0,-44,-89,10231,270,67,-9999,-9999,-1
7610,2017,12,8,1,-50,-94,10234,280,46,-9999,-9999,-9999
7611,2017,12,8,2,-56,-94,10231,260,36,-9999,-9999,-9999
7612,2017,12,8,3,-72,-100,10227,250,21,0,-9999,-9999
7613,2017,12,8,4,-72,-100,10226,200,26,0,-9999,-9999
7614,2017,12,8,5,-78,-100,10228,210,31,0,-9999,-9999
7615,2017,12,8,6,-78,-100,10222,210,26,0,0,-9999
7616,2017,12,8,7,-78,-100,10221,220,31,0,0,-9999
7617,2017,12,8,8,-78,-100,10218,220,31,0,0,-9999
7618,2017,12,8,9,-78,-100,10215,220,26,0,0,-9999
7619,2017,12,8,10,-78,-94,10213,230,31,0,0,-9999
7620,2017,12,8,11,-72,-94,10209,240,36,0,0,-9999
7621,2017,12,8,12,-89,-106,10215,220,31,0,0,-9999
7622,2017,12,8,13,-94,-106,10218,230,31,0,0,-9999
7623,2017,12,8,14,-72,-89,10216,240,36,0,0,-9999
7624,2017,12,8,15,-56,-89,10219,250,57,0,0,-9999
7625,2017,12,8,16,-44,-100,10208,240,41,0,0,-9999
7626,2017,12,8,17,-33,-111,10196,230,46,0,0,-9999
7627,2017,12,8,18,-28,-111,10192,220,41,0,0,-9999
7628,2017,12,8,19,-17,-106,10178,240,51,0,0,-9999
7629,2017,12,8,20,-22,-111,10184,220,51,0,0,-9999
7630,2017,12,8,21,-22,-117,10171,240,31,0,0,-9999
7631,2017,12,8,22,-28,-117,10171,210,41,0,0,-9999
7632,2017,12,8,23,-44,-122,10166,240,21,0,0,-9999
7633,2017,12,9,0,-50,-117,10172,190,26,0,-9999,-9999
7634,2017,12,9,1,-50,-117,10170,190,26,0,0,-9999
7635,2017,12,9,2,-50,-117,10165,200,26,0,0,-9999
7636,2017,12,9,3,-61,-111,10158,200,26,0,0,-9999
7637,2017,12,9,4,-56,-111,10153,200,26,0,0,-9999
7638,2017,12,9,5,-61,-106,10153,210,36,0,0,-9999
7639,2017,12,9,6,-61,-106,10145,240,31,0,0,-9999
7640,2017,12,9,7,-72,-111,10138,230,21,0,0,-9999
7641,2017,12,9,8,-72,-111,10137,210,31,0,0,-9999
7642,2017,12,9,9,-72,-111,10126,170,31,0,0,-9999
7643,2017,12,9,10,-67,-111,10119,190,21,4,0,-9999
7644,2017,12,9,11,-72,-111,10114,200,21,-9999,0,-9999
7645,2017,12,9,12,-61,-100,10112,190,21,-9999,0,-9999
7646,2017,12,9,13,-56,-94,10109,190,41,-9999,0,-9999
7647,2017,12,9,14,-44,-89,10102,180,46,-9999,0,-9999
7648,2017,12,9,15,-33,-83,10095,190,41,-9999,0,-9999
7649,2017,12,9,16,-28,-83,10092,190,41,-9999,0,-9999
7650,2017,12,9,17,-22,-67,10084,190,41,-9999,-1,-9999
7651,2017,12,9,18,-33,-56,10083,220,57,-9999,-1,-1
7652,2017,12,9,19,-33,-56,10084,230,57,-9999,-1,-9999
7653,2017,12,9,20,-33,-56,10089,230,51,-9999,-1,-9999
7654,2017,12,9,21,-33,-50,10099,240,46,-9999,-1,-9999
7655,2017,12,9,22,-33,-44,10106,230,51,-9999,-1,-9999
7656,2017,12,9,23,-33,-44,10115,230,51,-9999,-1,-9999
7657,2017,12,10,0,-28,-39,10121,250,62,-9999,-1,-1
7658,2017,12,10,1,-28,-39,10126,250,57,-9999,-1,-9999
7659,2017,12,10,2,-28,-39,10134,270,51,-9999,-1,-9999
7660,2017,12,10,3,-22,-33,10147,300,57,-9999,-1,-9999
7661,2017,12,10,4,-22,-50,10160,310,62,-9999,-1,-9999
7662,2017,12,10,5,-22,-44,10167,300,51,-9999,-1,-9999
7663,2017,12,10,6,-22,-50,10172,280,51,-9999,0,-1
7664,2017,12,10,7,-28,-44,10178,280,57,-9999,0,-9999
7665,2017,12,10,8,-33,-50,10186,270,46,-9999,-1,-9999
7666,2017,12,10,9,-33,-56,10189,250,46,-9999,-1,-9999
7667,2017,12,10,10,-39,-67,10189,260,46,-9999,0,-9999
7668,2017,12,10,11,-44,-72,10192,240,57,-9999,0,-9999
7669,2017,12,10,12,-67,-94,10200,240,46,2,0,-1
7670,2017,12,10,13,-67,-89,10200,230,46,-9999,0,-9999
7671,2017,12,10,14,-56,-89,10198,230,51,0,0,-9999
7672,2017,12,10,15,-50,-83,10200,220,51,-9999,0,-9999
7673,2017,12,10,16,-39,-83,10198,220,62,-9999,0,-9999
7674,2017,12,10,17,-28,-78,10183,220,72,-9999,-9999,-9999
7675,2017,12,10,18,-17,-72,10174,220,57,-9999,0,-9999
7676,2017,12,10,19,-11,-72,10160,220,88,-9999,0,-9999
7677,2017,12,10,20,-11,-67,10156,220,62,-9999,0,-9999
7678,2017,12,10,21,0,-72,10150,210,57,0,0,-9999
7679,2017,12,10,22,-11,-67,10156,220,51,0,0,-9999
7680,2017,12,10,23,-28,-67,10168,220,31,0,0,-9999
7681,2017,12,11,0,-17,-61,10174,230,26,-9999,0,-9999
7682,2017,12,11,1,-11,-61,10174,220,26,-9999,0,-9999
7683,2017,12,11,2,-6,-56,10169,230,51,-9999,0,-9999
7684,2017,12,11,3,-6,-56,10170,230,41,-9999,0,-9999
7685,2017,12,11,4,0,-56,10171,260,67,-9999,0,-9999
7686,2017,12,11,5,-17,-56,10174,270,46,-9999,-9999,-9999
7687,2017,12,11,6,-6,-44,10182,310,46,-9999,0,-9999
7688,2017,12,11,7,-11,-44,10190,330,57,-9999,0,-9999
7689,2017,12,11,8,-17,-50,10191,320,36,-9999,0,-9999
7690,2017,12,11,9,-17,-50,10191,310,21,-9999,0,-9999
7691,2017,12,11,10,-22,-56,10194,0,0,-9999,0,-9999
7692,2017,12,11,11,-22,-61,10194,0,0,-9999,0,-9999
7693,2017,12,11,12,-28,-61,10198,220,26,-9999,0,-9999
7694,2017,12,11,13,-33,-61,10194,180,15,-9999,0,-9999
7695,2017,12,11,14,-17,-50,10189,190,15,-9999,0,-9999
7696,2017,12,11,15,0,-44,10180,180,26,-9999,0,-9999
7697,2017,12,11,16,0,-44,10168,180,46,-9999,0,-9999
7698,2017,12,11,17,17,-39,10159,200,36,-9999,-9999,-9999
7699,2017,12,11,18,11,-39,10139,200,46,-9999,0,-9999
7700,2017,12,11,19,22,-33,10123,200,36,-9999,0,-9999
7701,2017,12,11,20,28,-28,10116,180,31,4,0,-9999
7702,2017,12,11,21,33,-22,10104,150,21,0,0,-9999
7703,2017,12,11,22,22,-22,10093,140,31,0,0,-9999
7704,2017,12,11,23,11,-22,10084,120,41,0,0,-9999
7705,2017,12,12,0,17,-22,10074,120,57,0,0,-9999
7706,2017,12,12,1,11,-28,10067,120,46,0,0,-9999
7707,2017,12,12,2,11,-28,10053,130,41,0,0,-9999
7708,2017,12,12,3,22,-22,10050,220,21,-9999,0,-9999
7709,2017,12,12,4,39,-17,10046,260,77,-9999,0,-9999
7710,2017,12,12,5,28,-28,10049,250,62,4,-9999,-9999
7711,2017,12,12,6,28,-28,10055,260,82,4,0,-9999
7712,2017,12,12,7,28,-22,10064,300,88,-9999,0,-9999
7713,2017,12,12,8,6,-17,10079,300,62,-9999,0,-9999
7714,2017,12,12,9,6,-11,10082,290,77,-9999,0,-9999
7715,2017,12,12,10,0,-11,10084,290,93,-9999,-1,-9999
7716,2017,12,12,11,0,-11,10091,290,82,-9999,-1,-9999
7717,2017,12,12,12,-11,-17,10103,300,62,-9999,-1,-1
7718,2017,12,12,13,-33,-44,10117,330,113,-9999,-1,-9999
7719,2017,12,12,14,-33,-67,10125,330,103,-9999,-1,-9999
7720,2017,12,12,15,-44,-106,10136,330,77,-9999,-1,-9999
7721,2017,12,12,16,-44,-106,10140,330,103,-9999,0,-9999
7722,2017,12,12,17,-33,-89,10139,340,72,-9999,-9999,-9999
7723,2017,12,12,18,-44,-100,10136,320,62,-9999,0,-1
7724,2017,12,12,19,-50,-70,-9999,310,57,-9999,0,-9999
7725,2017,12,12,20,-56,-94,10136,300,57,-9999,-1,-9999
7726,2017,12,12,21,-56,-83,10138,300,72,-9999,-1,-9999
7727,2017,12,12,22,-56,-89,10142,310,46,-9999,-1,-9999
7728,2017,12,12,23,-67,-111,10149,300,72,-9999,-1,-9999
7729,2017,12,13,0,-67,-111,10156,290,77,-9999,-1,-1
7730,2017,12,13,1,-67,-111,10159,300,82,-9999,-1,-9999
7731,2017,12,13,2,-72,-117,10159,290,57,-9999,-1,-9999
7732,2017,12,13,3,-72,-122,10159,300,67,-9999,-1,-9999
7733,2017,12,13,4,-72,-122,10158,280,62,-9999,0,-9999
7734,2017,12,13,5,-72,-122,10152,280,46,-9999,0,-9999
7735,2017,12,13,6,-72,-128,10151,270,51,-9999,0,-1
7736,2017,12,13,7,-83,-128,10150,270,46,-9999,0,-9999
7737,2017,12,13,8,-106,-139,10152,260,41,0,0,-9999
7738,2017,12,13,9,-111,-139,10150,250,31,0,0,-9999
7739,2017,12,13,10,-111,-133,10145,230,21,-9999,0,-9999
7740,2017,12,13,11,-89,-117,10143,230,36,-9999,0,-9999
7741,2017,12,13,12,-83,-117,10139,200,26,-9999,0,-9999
7742,2017,12,13,13,-78,-117,10134,200,26,-9999,0,-9999
7743,2017,12,13,14,-72,-117,10128,210,41,-9999,0,-9999
7744,2017,12,13,15,-61,-122,10113,190,36,-9999,0,-9999
7745,2017,12,13,16,-50,-111,10106,210,46,-9999,0,-9999
7746,2017,12,13,17,-39,-106,10076,190,57,-9999,0,-9999
7747,2017,12,13,18,-33,-111,10048,160,62,-9999,0,-9999
7748,2017,12,13,19,-28,-100,10024,170,72,-9999,0,-9999
7749,2017,12,13,20,-17,-94,10001,160,67,-9999,0,-9999
7750,2017,12,13,21,-11,-94,10000,170,62,0,0,-9999
7751,2017,12,13,22,-6,-89,9983,180,41,-9999,0,-9999
7752,2017,12,13,23,0,-61,9983,220,67,-9999,0,-9999
7753,2017,12,14,0,11,-78,9974,210,51,-9999,-1,-1
7754,2017,12,14,1,22,-67,9965,230,51,-9999,-1,-9999
7755,2017,12,14,2,28,-56,9961,230,72,-9999,-1,-9999
7756,2017,12,14,3,28,0,9973,270,113,-9999,-1,-9999
7757,2017,12,14,4,11,-17,9990,280,124,-9999,-1,-9999
7758,2017,12,14,5,6,-33,10003,290,124,-9999,-1,-9999
7759,2017,12,14,6,0,-39,10020,280,134,-9999,0,-1
7760,2017,12,14,7,-11,-50,10041,290,103,-9999,-1,-9999
7761,2017,12,14,8,-11,-44,10062,300,67,-9999,-1,-9999
7762,2017,12,14,9,-28,-72,10083,330,88,-9999,-1,-9999
7763,2017,12,14,10,-50,-78,10099,330,72,-9999,-1,-9999
7764,2017,12,14,11,-56,-83,10121,340,67,-9999,0,-9999
7765,2017,12,14,12,-61,-83,10134,340,36,-9999,0,-1
7766,2017,12,14,13,-61,-89,10151,330,46,-9999,0,-9999
7767,2017,12,14,14,-61,-89,10162,10,36,-9999,0,-9999
7768,2017,12,14,15,-61,-89,10168,350,31,-9999,-1,-9999
7769,2017,12,14,16,-56,-89,10177,350,51,-9999,-1,-9999
7770,2017,12,14,17,-56,-94,10181,40,21,-9999,-1,-9999
7771,2017,12,14,18,-56,-89,10181,330,21,-9999,-1,-1
7772,2017,12,14,19,-56,-94,10181,340,26,-9999,0,-9999
7773,2017,12,14,20,-50,-89,10180,10,21,-9999,0,-9999
7774,2017,12,14,21,-50,-89,10182,0,0,2,0,-9999
7775,2017,12,14,22,-56,-89,10190,0,0,0,0,-9999
7776,2017,12,14,23,-61,-94,10198,0,0,0,0,-9999
7777,2017,12,15,0,-67,-83,10200,0,0,0,0,-9999
7778,2017,12,15,1,-67,-89,10201,0,0,0,0,-9999
7779,2017,12,15,2,-67,-83,10195,0,0,0,0,-9999
7780,2017,12,15,3,-78,-94,10202,0,0,0,0,-9999
7781,2017,12,15,4,-78,-89,10201,10,15,0,0,-9999
7782,2017,12,15,5,-89,-100,10197,0,0,0,0,-9999
7783,2017,12,15,6,-89,-106,10193,0,0,0,0,-9999
7784,2017,12,15,7,-83,-94,10186,0,0,0,0,-9999
7785,2017,12,15,8,-89,-100,10184,0,0,0,0,-9999
7786,2017,12,15,9,-78,-89,10182,160,15,0,0,-9999
7787,2017,12,15,10,-83,-94,10180,0,0,0,0,-9999
7788,2017,12,15,11,-72,-83,10178,190,15,-9999,0,-9999
7789,2017,12,15,12,-72,-83,10175,200,15,-9999,0,-9999
7790,2017,12,15,13,-72,-83,10174,220,26,-9999,0,-9999
7791,2017,12,15,14,-61,-78,10171,220,36,-9999,0,-9999
7792,2017,12,15,15,-50,-72,10171,220,51,-9999,0,-9999
7793,2017,12,15,16,-39,-72,10172,230,46,-9999,0,-9999
7794,2017,12,15,17,-6,-61,10156,230,77,-9999,0,-9999
7795,2017,12,15,18,-17,-67,10153,250,82,-9999,-1,-1
7796,2017,12,15,19,-17,-61,10150,240,82,-9999,0,-9999
7797,2017,12,15,20,-17,-61,10152,250,67,-9999,-1,-9999
7798,2017,12,15,21,-17,-61,10156,250,67,-9999,0,-9999
7799,2017,12,15,22,-17,-61,10163,260,82,-9999,-1,-9999
7800,2017,12,15,23,-17,-67,10171,260,77,-9999,0,-9999
7801,2017,12,16,1,-22,-61,10187,240,51,-9999,0,-9999
7802,2017,12,16,2,-22,-61,10185,220,46,-9999,0,-9999
7803,2017,12,16,3,-22,-61,10191,240,57,-9999,0,-9999
7804,2017,12,16,4,-17,-56,10192,240,46,-9999,0,-9999
7805,2017,12,16,5,-17,-56,10191,210,31,-9999,0,-9999
7806,2017,12,16,6,-17,-50,10183,210,41,-9999,-1,-1
7807,2017,12,16,7,-11,-44,10181,210,46,-9999,0,-9999
7808,2017,12,16,8,-6,-44,10187,220,51,-9999,0,-9999
7809,2017,12,16,9,-6,-39,10187,220,51,-9999,0,-9999
7810,2017,12,16,10,-6,-39,10181,210,36,-9999,0,-9999
7811,2017,12,16,11,0,-39,10181,210,41,-9999,0,-9999
7812,2017,12,16,12,0,-39,10182,210,46,-9999,0,-9999
7813,2017,12,16,13,0,-33,10180,220,57,-9999,0,-9999
7814,2017,12,16,14,11,-33,10181,220,67,0,0,-9999
7815,2017,12,16,15,17,-33,10184,220,72,0,0,-9999
7816,2017,12,16,16,39,-28,10185,220,72,0,0,-9999
7817,2017,12,16,17,56,-28,10180,230,82,0,0,-9999
7818,2017,12,16,18,67,-22,10173,240,77,0,0,-9999
7819,2017,12,16,19,78,-28,10168,230,88,0,0,-9999
7820,2017,12,16,20,83,-22,10167,220,82,0,0,-9999
7821,2017,12,16,21,83,-22,10168,210,67,0,0,-9999
7822,2017,12,16,22,72,-28,10174,210,46,0,0,-9999
7823,2017,12,16,23,56,-28,10179,210,51,0,0,-9999
7824,2017,12,17,0,44,-28,10191,220,36,0,0,-9999
7825,2017,12,17,1,33,-28,10199,230,31,0,0,-9999
7826,2017,12,17,2,28,-33,10204,220,26,0,0,-9999
7827,2017,12,17,3,17,-33,10214,220,21,0,0,-9999
7828,2017,12,17,4,22,-33,10217,210,21,0,0,-9999
7829,2017,12,17,5,17,-33,10222,210,26,0,0,-9999
7830,2017,12,17,6,17,-28,10219,210,36,0,0,-9999
7831,2017,12,17,7,17,-22,10217,200,31,0,0,-9999
7832,2017,12,17,8,17,-22,10213,190,21,0,0,-9999
7833,2017,12,17,9,17,-17,10220,210,31,0,0,-9999
7834,2017,12,17,11,22,-17,10218,200,31,0,0,-9999
7835,2017,12,17,12,22,-17,10219,190,21,0,0,-9999
7836,2017,12,17,13,22,-17,10227,220,26,0,0,-9999
7837,2017,12,17,14,22,-17,10226,210,31,0,0,-9999
7838,2017,12,17,15,33,-11,10224,200,21,2,0,-9999
7839,2017,12,17,16,39,-6,10212,160,26,-9999,0,-9999
7840,2017,12,17,17,44,-11,10210,200,26,-9999,0,-9999
7841,2017,12,17,18,44,6,10206,210,26,-9999,-1,-1
7842,2017,12,17,19,44,0,10208,220,36,-9999,-1,-9999
7843,2017,12,17,20,50,11,10203,180,15,-9999,-1,-9999
7844,2017,12,17,21,44,22,10200,160,21,-9999,-1,-9999
7845,2017,12,17,22,39,17,10197,170,21,-9999,-1,-9999
7846,2017,12,17,23,33,11,10197,180,21,-9999,0,-9999
7847,2017,12,18,0,39,6,10198,180,15,-9999,0,-1
7848,2017,12,18,1,39,0,10198,180,26,-9999,0,-9999
7849,2017,12,18,2,44,0,10202,200,26,-9999,0,-9999
7850,2017,12,18,3,44,0,10202,200,36,-9999,0,-9999
7851,2017,12,18,4,44,6,10198,210,36,-9999,0,-9999
7852,2017,12,18,5,39,6,10200,220,36,-9999,0,-9999
7853,2017,12,18,6,39,11,10190,210,31,-9999,0,-9999
7854,2017,12,18,7,33,11,10189,210,31,-9999,0,-9999
7855,2017,12,18,8,33,17,10193,220,26,-9999,0,-9999
7856,2017,12,18,9,39,22,10186,200,26,-9999,0,-9999
7857,2017,12,18,10,39,28,10185,220,36,-9999,0,-9999
7858,2017,12,18,11,39,28,10185,200,36,-9999,0,-9999
7859,2017,12,18,12,39,33,10184,200,36,-9999,0,-9999
7860,2017,12,18,13,39,33,10185,220,41,-9999,0,-9999
7861,2017,12,18,14,44,39,10185,220,46,-9999,0,-9999
7862,2017,12,18,15,50,44,10187,230,41,-9999,-1,-9999
7863,2017,12,18,16,56,50,10185,230,67,-9999,-1,-9999
7864,2017,12,18,17,61,50,10180,250,62,-9999,-1,-9999
7865,2017,12,18,18,67,50,10170,240,72,-9999,0,-1
7866,2017,12,18,19,72,50,10166,240,77,-9999,0,-9999
7867,2017,12,18,20,72,50,10165,240,62,-9999,0,-9999
7868,2017,12,18,21,72,50,10161,250,51,-9999,0,-9999
7869,2017,12,18,22,67,56,10165,220,41,-9999,0,-9999
7870,2017,12,18,23,61,56,10169,230,31,-9999,-1,-9999
7871,2017,12,19,0,61,61,10173,230,51,-9999,-1,-1
7872,2017,12,19,1,67,56,10173,240,62,-9999,-1,-9999
7873,2017,12,19,2,67,50,10171,240,62,-9999,3,-9999
7874,2017,12,19,3,67,50,10169,230,62,-9999,0,-9999
7875,2017,12,19,4,67,50,10165,240,72,-9999,0,-9999
7876,2017,12,19,5,67,50,10169,230,67,-9999,0,-9999
7877,2017,12,19,6,67,39,10168,250,57,-9999,0,3
7878,2017,12,19,7,67,39,10168,230,57,-9999,0,-9999
7879,2017,12,19,8,67,44,10170,240,62,-9999,0,-9999
7880,2017,12,19,9,67,44,10170,240,67,-9999,0,-9999
7881,2017,12,19,10,67,44,10165,230,67,-9999,0,-9999
7882,2017,12,19,11,67,44,10166,230,46,-9999,0,-9999
7883,2017,12,19,12,67,44,10168,240,67,-9999,0,-9999
7884,2017,12,19,13,67,44,10171,240,51,-9999,0,-9999
7885,2017,12,19,14,67,44,10172,230,46,-9999,0,-9999
7886,2017,12,19,15,72,44,10169,230,67,-9999,0,-9999
7887,2017,12,19,16,72,44,10165,230,67,2,0,-9999
7888,2017,12,19,17,89,50,10157,220,77,-9999,0,-9999
7889,2017,12,19,18,83,44,10150,240,77,2,0,-9999
7890,2017,12,19,20,78,44,10150,230,82,-9999,0,-9999
7891,2017,12,19,21,72,44,10153,260,57,-9999,0,-9999
7892,2017,12,19,22,72,44,10156,260,62,-9999,0,-9999
7893,2017,12,19,23,72,44,10155,260,67,-9999,0,-9999
7894,2017,12,20,0,72,44,10168,270,57,-9999,0,-9999
7895,2017,12,20,1,67,44,10173,250,46,-9999,0,-9999
7896,2017,12,20,2,56,44,10174,250,46,2,0,-9999
7897,2017,12,20,3,50,39,10180,260,41,2,0,-9999
7898,2017,12,20,4,50,39,10180,260,46,0,0,-9999
7899,2017,12,20,5,44,39,10181,270,41,0,0,-9999
7900,2017,12,20,6,44,33,10181,290,36,0,0,-9999
7901,2017,12,20,7,39,22,10182,300,31,0,0,-9999
7902,2017,12,20,8,28,6,10186,300,31,0,0,-9999
7903,2017,12,20,9,22,-6,10183,320,31,0,0,-9999
7904,2017,12,20,10,6,-22,10184,340,26,0,0,-9999
7905,2017,12,20,11,6,-33,10188,340,21,0,0,-9999
7906,2017,12,20,12,6,-39,10194,340,15,0,0,-9999
7907,2017,12,20,13,6,-44,10194,0,0,0,0,-9999
7908,2017,12,20,14,6,-39,10198,20,21,0,0,-9999
7909,2017,12,20,15,6,-28,10205,0,0,0,0,-9999
7910,2017,12,20,16,17,-22,10201,50,31,0,0,-9999
7911,2017,12,20,17,39,-39,10193,0,0,0,0,-9999
7912,2017,12,20,18,56,-50,10183,-9999,21,0,0,-9999
7913,2017,12,20,19,67,-61,10176,20,21,0,0,-9999
7914,2017,12,20,21,61,-56,10177,50,31,0,0,-9999
7915,2017,12,20,22,39,-61,10184,50,26,0,0,-9999
7916,2017,12,20,23,22,-56,10190,20,36,0,0,-9999
7917,2017,12,21,0,0,-56,10193,60,31,0,0,-9999
7918,2017,12,21,1,-17,-50,10194,60,31,0,0,-9999
7919,2017,12,21,2,-22,-61,10194,30,41,0,0,-9999
7920,2017,12,21,3,-33,-61,10196,60,31,0,-1,-9999
7921,2017,12,21,4,-11,-44,10200,70,36,-9999,0,-9999
7922,2017,12,21,5,-11,-44,10196,70,31,-9999,0,-9999
7923,2017,12,21,6,-17,-44,10192,80,31,-9999,0,-1
7924,2017,12,21,7,-33,-56,10191,80,36,2,0,-9999
7925,2017,12,21,8,-22,-50,10191,100,41,-9999,0,-9999
7926,2017,12,21,9,-22,-50,10193,90,31,-9999,0,-9999
7927,2017,12,21,10,-28,-56,10191,90,41,0,0,-9999
7928,2017,12,21,11,-28,-56,10196,80,46,4,0,-9999
7929,2017,12,21,12,-28,-56,10200,100,51,0,0,-9999
7930,2017,12,21,13,-28,-56,10204,100,46,0,0,-9999
7931,2017,12,21,14,-17,-50,10208,90,41,4,0,-9999
7932,2017,12,21,15,6,-50,10205,100,51,0,0,-9999
7933,2017,12,21,16,22,-44,10207,100,57,0,0,-9999
7934,2017,12,21,17,39,-39,10196,100,51,0,0,-9999
7935,2017,12,21,18,72,-39,10176,120,82,0,0,-9999
7936,2017,12,21,19,78,-39,10174,120,46,0,0,-9999
7937,2017,12,21,20,83,-39,10165,130,57,0,0,-9999
7938,2017,12,21,21,83,-44,10164,120,36,2,0,-9999
7939,2017,12,21,22,78,-39,10163,90,31,-9999,0,-9999
7940,2017,12,21,23,50,-33,10167,100,36,-9999,0,-9999
7941,2017,12,22,0,28,-39,10164,90,36,2,0,-9999
7942,2017,12,22,1,28,-39,10160,110,36,0,0,-9999
7943,2017,12,22,2,44,-44,10151,130,51,0,0,-9999
7944,2017,12,22,3,56,-33,10148,200,15,-9999,0,-9999
7945,2017,12,22,4,72,17,10144,180,36,-9999,0,-9999
7946,2017,12,22,5,89,56,10140,200,36,-9999,0,-9999
7947,2017,12,22,6,89,61,10136,0,0,-9999,0,-9999
7948,2017,12,22,7,83,61,10133,150,15,-9999,0,-9999
7949,2017,12,22,8,100,83,10136,210,36,-9999,0,-9999
7950,2017,12,22,9,106,89,10131,220,51,-9999,0,-9999
7951,2017,12,22,10,106,89,10131,230,51,-9999,0,-9999
7952,2017,12,22,11,100,94,10137,240,62,-9999,0,-9999
7953,2017,12,22,12,100,89,10150,240,46,-9999,-1,-1
7954,2017,12,22,13,106,89,10149,220,41,-9999,-1,-9999
7955,2017,12,22,14,106,94,10156,210,31,-9999,0,-9999
7956,2017,12,22,15,100,100,10159,220,36,-9999,0,-9999
7957,2017,12,22,16,106,100,10163,210,36,-9999,0,-9999
7958,2017,12,22,17,106,106,10152,220,46,-9999,-1,-9999
7959,2017,12,22,18,111,106,10145,210,36,-9999,0,-1
7960,2017,12,22,19,111,106,10143,220,36,-9999,0,-9999
7961,2017,12,22,20,117,106,10144,210,41,-9999,-1,-9999
7962,2017,12,22,21,117,106,10148,200,31,-9999,0,-9999
7963,2017,12,22,22,117,106,10150,210,31,-9999,0,-9999
7964,2017,12,22,23,111,106,10150,200,26,-9999,0,-9999
7965,2017,12,23,0,111,106,10151,210,26,-9999,0,-1
7966,2017,12,23,1,111,106,10147,210,36,-9999,0,-9999
7967,2017,12,23,2,111,106,10144,200,26,-9999,0,-9999
7968,2017,12,23,3,106,106,10141,210,26,-9999,0,-9999
7969,2017,12,23,4,94,89,10143,330,26,-9999,0,-9999
7970,2017,12,23,5,83,78,10142,340,36,-9999,-1,-9999
7971,2017,12,23,6,72,72,10133,330,21,-9999,3,10
7972,2017,12,23,7,67,67,10127,10,31,-9999,10,-9999
7973,2017,12,23,8,61,56,10125,360,31,-9999,10,-9999
7974,2017,12,23,9,50,44,10121,350,46,-9999,38,-9999
7975,2017,12,23,10,39,33,10116,360,57,-9999,18,-9999
7976,2017,12,23,11,28,22,10119,350,62,-9999,33,-9999
7977,2017,12,23,12,22,17,10110,360,62,-9999,28,145
7978,2017,12,23,13,17,6,10104,10,82,-9999,18,-9999
7979,2017,12,23,14,11,6,10110,360,62,-9999,18,-9999
7980,2017,12,23,15,11,6,10117,360,67,-9999,3,-9999
7981,2017,12,23,16,6,0,10136,340,67,-9999,-1,-9999
7982,2017,12,23,17,0,-6,10138,340,51,-9999,5,-9999
7983,2017,12,23,18,0,-6,10135,350,51,-9999,5,36
7984,2017,12,23,19,10,0,-9999,350,51,-9999,3,-9999
7985,2017,12,23,20,6,-11,10166,320,51,-9999,3,-9999
7986,2017,12,23,21,6,-11,10180,330,51,-9999,-1,-9999
7987,2017,12,23,22,6,-17,10197,310,36,-9999,0,-9999
7988,2017,12,23,23,6,-28,10209,310,26,-9999,0,-9999
7989,2017,12,24,0,0,-17,10215,330,15,-9999,0,3
7990,2017,12,24,1,0,-22,10228,280,26,-9999,0,-9999
7991,2017,12,24,2,-6,-22,10231,260,26,2,0,-9999
7992,2017,12,24,3,-11,-28,10230,270,26,0,0,-9999
7993,2017,12,24,4,-11,-28,10230,300,26,0,0,-9999
7994,2017,12,24,5,-11,-28,10234,320,31,0,0,-9999
7995,2017,12,24,6,-11,-28,10238,320,21,0,0,-9999
7996,2017,12,24,7,-22,-33,10237,0,0,0,0,-9999
7997,2017,12,24,8,-22,-39,10239,10,21,0,0,-9999
7998,2017,12,24,9,-22,-39,10238,50,15,0,0,-9999
7999,2017,12,24,10,-22,-39,10233,40,21,0,0,-9999
8000,2017,12,24,11,-22,-39,10236,60,31,-9999,0,-9999
8001,2017,12,24,12,-22,-39,10234,90,31,-9999,0,-9999
8002,2017,12,24,13,-22,-39,10230,90,36,-9999,0,-9999
8003,2017,12,24,14,-22,-39,10216,80,36,-9999,0,-9999
8004,2017,12,24,15,-17,-33,10203,90,51,-9999,0,-9999
8005,2017,12,24,16,-6,-33,10201,130,36,-9999,0,-9999
8006,2017,12,24,17,0,-28,10186,130,31,-9999,0,-9999
8007,2017,12,24,18,6,-28,10175,-9999,21,-9999,0,-9999
8008,2017,12,24,19,6,-28,10151,0,0,-9999,0,-9999
8009,2017,12,24,20,6,-28,10142,200,26,-9999,0,-9999
8010,2017,12,24,21,6,-22,10138,240,26,-9999,0,-9999
8011,2017,12,24,22,0,-28,10130,250,21,-9999,0,-9999
8012,2017,12,24,23,-11,-17,10128,340,15,-9999,-1,-9999
8013,2017,12,25,0,-11,-22,10127,0,0,-9999,-1,-1
8014,2017,12,25,1,-11,-22,10126,290,57,-9999,-1,-9999
8015,2017,12,25,2,-17,-28,10136,290,88,-9999,5,-9999
8016,2017,12,25,3,-44,-67,10154,270,129,-9999,-1,-9999
8017,2017,12,25,4,-61,-83,10171,260,108,-9999,-1,-9999
8018,2017,12,25,5,-67,-89,10182,270,108,-9999,-1,-9999
8019,2017,12,25,6,-72,-94,10191,270,108,-9999,-1,5
8020,2017,12,25,7,-72,-100,10200,270,103,-9999,-1,-9999
8021,2017,12,25,8,-72,-100,10215,270,93,-9999,-1,-9999
8022,2017,12,25,9,-67,-106,10222,260,103,-9999,-1,-9999
8023,2017,12,25,10,-67,-111,10227,280,118,-9999,-1,-9999
8024,2017,12,25,11,-72,-100,10240,250,82,-9999,-1,-9999
8025,2017,12,25,12,-72,-100,10247,260,67,-9999,-1,-1
8026,2017,12,25,13,-72,-111,10252,260,67,-9999,-1,-9999
8027,2017,12,25,14,-61,-111,10252,260,93,-9999,-1,-9999
8028,2017,12,25,15,-56,-111,10257,260,88,2,-1,-9999
8029,2017,12,25,16,-50,-111,10257,260,88,2,0,-9999
8030,2017,12,25,17,-44,-111,10252,260,103,2,0,-9999
8031,2017,12,25,18,-44,-106,10249,270,129,-9999,0,-1
8032,2017,12,25,19,-39,-117,10251,260,98,4,0,-9999
8033,2017,12,25,20,-39,-128,10257,260,98,0,0,-9999
8034,2017,12,25,21,-56,-133,10268,260,108,0,0,-9999
8035,2017,12,25,22,-61,-139,10276,250,103,0,0,-9999
8036,2017,12,25,23,-72,-144,10286,260,77,0,0,-9999
8037,2017,12,26,0,-72,-139,10293,260,62,0,0,-9999
8038,2017,12,26,1,-72,-139,10295,260,62,0,0,-9999
8039,2017,12,26,2,-78,-144,10296,260,67,0,0,-9999
8040,2017,12,26,3,-78,-144,10303,260,67,0,0,-9999
8041,2017,12,26,4,-83,-144,10307,270,67,0,0,-9999
8042,2017,12,26,5,-94,-144,10311,260,46,2,0,-9999
8043,2017,12,26,6,-94,-139,10310,280,36,-9999,0,-9999
8044,2017,12,26,7,-94,-139,10312,290,46,-9999,0,-9999
8045,2017,12,26,9,-111,-144,10324,310,31,-9999,0,-9999
8046,2017,12,26,10,-106,-144,10325,290,31,-9999,0,-9999
8047,2017,12,26,11,-106,-150,10332,280,41,-9999,0,-9999
8048,2017,12,26,12,-106,-133,10338,270,46,-9999,-1,-1
8049,2017,12,26,13,-111,-133,10341,260,36,-9999,-1,-9999
8050,2017,12,26,14,-106,-133,10345,290,57,-9999,-1,-9999
8051,2017,12,26,15,-94,-144,10353,280,51,-9999,-1,-9999
8052,2017,12,26,16,-89,-133,10359,250,46,-9999,-1,-9999
8053,2017,12,26,17,-67,-133,10350,260,26,-9999,-1,-9999
8054,2017,12,26,18,-72,-144,10346,300,57,-9999,0,-1
8055,2017,12,26,19,-72,-150,10345,280,57,-9999,0,-9999
8056,2017,12,26,20,-83,-139,10345,300,46,-9999,0,-9999
8057,2017,12,26,21,-89,-133,10345,300,26,-9999,-1,-9999
8058,2017,12,26,22,-94,-133,10343,290,21,-9999,-1,-9999
8059,2017,12,26,23,-100,-133,10346,310,31,-9999,-1,-9999
8060,2017,12,27,0,-111,-133,10349,310,31,-9999,-1,-1
8061,2017,12,27,1,-111,-144,10353,310,36,-9999,-1,-9999
8062,2017,12,27,2,-111,-144,10348,320,41,-9999,-1,-9999
8063,2017,12,27,3,-117,-172,10354,320,31,-9999,-1,-9999
8064,2017,12,27,4,-122,-178,10360,320,51,-9999,-1,-9999
8065,2017,12,27,5,-128,-178,10362,330,46,-9999,0,-9999
8066,2017,12,27,6,-139,-189,10363,330,51,-9999,0,-1
8067,2017,12,27,7,-144,-194,10364,330,41,-9999,0,-9999
8068,2017,12,27,8,-161,-194,10370,330,31,0,0,-9999
8069,2017,12,27,9,-172,-200,10374,310,31,0,0,-9999
8070,2017,12,27,10,-172,-206,10376,310,31,0,0,-9999
8071,2017,12,27,11,-178,-206,10378,330,31,0,0,-9999
8072,2017,12,27,12,-183,-211,10381,320,26,0,0,-9999
8073,2017,12,27,13,-189,-217,10391,310,21,0,0,-9999
8074,2017,12,27,14,-156,-189,10393,300,26,0,0,-9999
8075,2017,12,27,15,-139,-189,10404,330,41,0,0,-9999
8076,2017,12,27,16,-128,-172,10404,340,31,0,0,-9999
8077,2017,12,27,17,-100,-161,10400,320,41,0,0,-9999
8078,2017,12,27,18,-100,-161,10395,340,41,-9999,0,-9999
8079,2017,12,27,19,-78,-144,10389,310,41,-9999,0,-9999
8080,2017,12,27,20,-94,-172,10394,330,46,4,0,-9999
8081,2017,12,27,21,-111,-172,10398,330,46,4,0,-9999
8082,2017,12,27,22,-122,-178,10401,320,36,0,0,-9999
8083,2017,12,27,23,-133,-172,10408,340,26,0,0,-9999
8084,2017,12,28,0,-139,-172,10408,360,21,0,0,-9999
8085,2017,12,28,1,-139,-172,10412,330,26,0,0,-9999
8086,2017,12,28,2,-139,-172,10408,340,15,0,0,-9999
8087,2017,12,28,3,-156,-183,10409,330,26,0,0,-9999
8088,2017,12,28,4,-161,-183,10408,330,15,0,0,-9999
8089,2017,12,28,5,-161,-183,10407,350,26,0,0,-9999
8090,2017,12,28,6,-167,-189,10401,0,0,0,0,-9999
8091,2017,12,28,7,-167,-189,10395,0,0,0,0,-9999
8092,2017,12,28,8,-167,-183,10398,0,0,0,0,-9999
8093,2017,12,28,9,-156,-178,10405,0,0,0,0,-9999
8094,2017,12,28,10,-156,-172,10394,40,31,0,0,-9999
8095,2017,12,28,11,-156,-178,10400,0,0,4,0,-9999
8096,2017,12,28,12,-144,-167,10406,330,15,-9999,0,-9999
8097,2017,12,28,13,-150,-167,10407,0,0,-9999,0,-9999
8098,2017,12,28,14,-139,-161,10403,80,31,-9999,0,-9999
8099,2017,12,28,15,-128,-156,10395,80,41,-9999,0,-9999
8100,2017,12,28,16,-122,-161,10402,90,41,-9999,0,-9999
8101,2017,12,28,17,-111,-161,10391,100,31,-9999,0,-9999
8102,2017,12,28,18,-106,-156,10372,120,46,-9999,0,-9999
8103,2017,12,28,19,-94,-156,10360,110,51,4,0,-9999
8104,2017,12,28,20,-89,-144,10348,140,51,-9999,0,-9999
8105,2017,12,28,21,-94,-156,10343,130,41,0,0,-9999
8106,2017,12,28,22,-106,-150,10336,110,36,4,0,-9999
8107,2017,12,28,23,-111,-156,10327,120,31,-9999,0,-9999
8108,2017,12,29,0,-111,-150,10330,140,21,-9999,0,-9999
8109,2017,12,29,1,-122,-150,10326,40,15,-9999,0,-9999
8110,2017,12,29,2,-106,-144,10327,10,21,-9999,0,-9999
8111,2017,12,29,3,-100,-144,10308,120,41,-9999,0,-9999
8112,2017,12,29,4,-111,-144,10301,130,31,-9999,0,-9999
8113,2017,12,29,5,-111,-144,10297,0,0,-9999,0,-9999
8114,2017,12,29,6,-122,-156,10295,0,0,-9999,0,-9999
8115,2017,12,29,7,-122,-144,10283,160,15,-9999,0,-9999
8116,2017,12,29,8,-106,-133,10288,230,21,-9999,0,-9999
8117,2017,12,29,9,-100,-133,10285,210,26,-9999,0,-9999
8118,2017,12,29,10,-94,-133,10285,230,31,-9999,0,-9999
8119,2017,12,29,11,-94,-128,10285,250,36,-9999,-1,-9999
8120,2017,12,29,12,-89,-128,10288,260,51,-9999,-1,-1
8121,2017,12,29,13,-89,-122,10291,270,46,-9999,-1,-9999
8122,2017,12,29,14,-83,-117,10292,270,57,-9999,-1,-9999
8123,2017,12,29,15,-78,-111,10294,290,46,-9999,-1,-9999
8124,2017,12,29,16,-67,-111,10298,290,67,-9999,-1,-9999
8125,2017,12,29,17,-61,-111,10292,260,57,-9999,-1,-9999
8126,2017,12,29,18,-56,-111,10284,280,51,-9999,-1,-1
8127,2017,12,29,19,-61,-106,10278,260,51,-9999,-1,-9999
8128,2017,12,29,20,-61,-111,10268,280,41,-9999,-1,-9999
8129,2017,12,29,21,-61,-106,10271,260,36,-9999,-1,-9999
8130,2017,12,29,22,-72,-106,10267,280,26,-9999,0,-9999
8131,2017,12,29,23,-78,-94,10258,0,0,-9999,-1,-9999
8132,2017,12,30,0,-78,-100,10265,290,21,-9999,-1,3
8133,2017,12,30,1,-83,-94,10259,330,15,-9999,3,-9999
8134,2017,12,30,2,-83,-94,10255,330,21,-9999,-1,-9999
8135,2017,12,30,3,-89,-100,10242,60,21,-9999,-1,-9999
8136,2017,12,30,4,-89,-100,10236,0,0,-9999,-1,-9999
8137,2017,12,30,5,-89,-106,10226,0,0,-9999,-1,-9999
8138,2017,12,30,6,-89,-106,10216,0,0,-9999,-1,3
8139,2017,12,30,7,-89,-106,10214,240,26,-9999,3,-9999
8140,2017,12,30,8,-94,-106,10215,260,21,-9999,-1,-9999
8141,2017,12,30,9,-89,-106,10214,270,36,-9999,-1,-9999
8142,2017,12,30,10,-94,-106,10215,310,36,-9999,-1,-9999
8143,2017,12,30,11,-100,-111,10215,290,41,-9999,-1,-9999
8144,2017,12,30,12,-100,-117,10217,280,36,-9999,-1,-9999
8145,2017,12,30,13,-100,-117,10211,260,46,-9999,-1,-9999
8146,2017,12,30,14,-100,-117,10217,270,51,-9999,-1,-9999
8147,2017,12,30,15,-89,-117,10222,270,57,-9999,-1,-9999
8148,2017,12,30,16,-83,-117,10228,270,62,-9999,-1,-9999
8149,2017,12,30,17,-78,-117,10222,290,72,-9999,-1,-9999
8150,2017,12,30,18,-83,-122,10220,290,88,-9999,-1,-1
8151,2017,12,30,19,-89,-128,10222,290,82,-9999,-1,-9999
8152,2017,12,30,20,-100,-150,10229,290,88,-9999,-1,-9999
8153,2017,12,30,21,-106,-150,10242,300,93,-9999,-1,-9999
8154,2017,12,30,22,-122,-167,10253,290,77,-9999,-1,-9999
8155,2017,12,30,23,-133,-178,10267,290,41,-9999,-1,-9999
8156,2017,12,31,0,-156,-189,10278,280,41,0,-9999,-1
8157,2017,12,31,1,-172,-194,10286,270,41,0,0,-9999
8158,2017,12,31,2,-183,-206,10295,280,36,0,0,-9999
8159,2017,12,31,3,-189,-211,10299,280,46,0,0,-9999
8160,2017,12,31,4,-178,-200,10303,290,57,0,0,-9999
8161,2017,12,31,5,-172,-200,10306,290,36,0,0,-9999
8162,2017,12,31,7,-172,-206,10308,320,31,4,0,-9999
8163,2017,12,31,8,-172,-206,10307,350,26,-9999,0,-9999
8164,2017,12,31,9,-172,-206,10306,330,21,-9999,0,-9999
8165,2017,12,31,10,-167,-200,10300,310,15,-9999,0,-9999
8166,2017,12,31,11,-167,-200,10308,300,26,-9999,0,-9999
8167,2017,12,31,12,-167,-200,10321,320,26,-9999,0,-9999
8168,2017,12,31,13,-170,-190,-9999,330,21,-9999,0,-9999
8169,2017,12,31,14,-161,-183,10326,330,26,-9999,-1,-9999
8170,2017,12,31,15,-156,-178,10330,360,21,-9999,-1,-9999
8171,2017,12,31,16,-139,-167,10337,320,15,-9999,-1,-9999
8172,2017,12,31,17,-83,-156,10328,340,21,-9999,-1,-9999
8173,2017,12,31,18,-33,-122,10321,300,15,0,3,3
8174,2017,12,31,19,-33,-133,10318,300,21,-9999,-1,-9999
8175,2017,12,31,20,-94,-144,10322,340,36,-9999,0,-9999
8176,2017,12,31,21,-106,-144,10328,320,31,-9999,-1,-9999
8177,2017,12,31,22,-117,-150,10332,330,41,-9999,-1,-9999
8178,2017,12,31,23,-144,-167,10338,330,36,4,-1,-9999
