,YEAR,MONTH,DAY,HOUR,AIR-TEMP,DEW-POINT-TEMP,SEA-LEVEL-PRESSURE,WIND-DIRECTION,WIND-SPEED,SKY-CONDITION,RAIN-1HR,RAIN-6HR
0,2017,1,1,1,242,183,10133,72,19,-9999,-9999,-9999
1,2017,1,1,2,240,180,10133,74,9,-9999,-9999,-9999
2,2017,1,1,3,240,173,10130,16,21,-9999,-9999,-9999
3,2017,1,1,4,240,169,10124,22,8,-9999,-9999,-9999
4,2017,1,1,5,235,171,10123,41,0,-9999,-9999,-9999
5,2017,1,1,6,227,177,10120,50,3,-9999,-9999,-9999
6,2017,1,1,7,227,180,10121,78,8,-9999,-9999,-9999
7,2017,1,1,8,225,180,10124,76,2,-9999,-9999,-9999
8,2017,1,1,9,230,169,10127,331,19,-9999,-9999,-9999
9,2017,1,1,10,232,173,10130,297,16,-9999,-9999,-9999
10,2017,1,1,11,257,175,10124,314,17,-9999,-9999,-9999
11,2017,1,1,12,262,172,10124,339,35,-9999,-9999,-9999
12,2017,1,1,13,275,166,10121,315,37,-9999,-9999,-9999
13,2017,1,1,14,290,165,10112,329,42,-9999,-9999,-9999
14,2017,1,1,15,290,163,10111,292,39,-9999,-9999,-9999
15,2017,1,1,16,302,162,10104,288,34,-9999,-9999,-9999
16,2017,1,1,17,302,144,10099,283,42,-9999,-9999,-9999
17,2017,1,1,18,310,152,10094,281,47,-9999,-9999,-9999
18,2017,1,1,19,195,174,10139,6,48,-9999,-9999,-9999
19,2017,1,1,20,242,179,10111,303,21,-9999,-9999,-9999
20,2017,1,1,21,257,181,10112,250,10,-9999,-9999,-9999
21,2017,1,1,22,255,183,10112,303,15,-9999,-9999,-9999
22,2017,1,1,23,255,186,10118,304,22,-9999,-9999,-9999
23,2017,1,2,0,247,190,10122,312,19,-9999,-9999,-9999
24,2017,1,2,1,247,172,10126,293,29,-9999,-9999,-9999
25,2017,1,2,2,242,167,10126,263,15,-9999,-9999,-9999
26,2017,1,2,3,240,164,10121,313,21,-9999,-9999,-9999
27,2017,1,2,4,237,160,10116,306,23,-9999,-9999,-9999
28,2017,1,2,5,235,165,10111,300,29,-9999,-9999,-9999
29,2017,1,2,7,230,168,10102,288,12,-9999,-9999,-9999
30,2017,1,2,8,232,171,10105,285,13,-9999,-9999,-9999
31,2017,1,2,9,232,173,10113,323,11,-9999,-9999,-9999
32,2017,1,2,10,235,177,10120,293,18,-9999,-9999,-9999
33,2017,1,2,11,240,178,10125,291,27,-9999,-9999,-9999
34,2017,1,2,12,250,184,10125,288,29,-9999,-9999,-9999
35,2017,1,2,13,265,182,10121,301,30,-9999,-9999,-9999
36,2017,1,2,14,271,173,10118,280,28,-9999,-9999,-9999
37,2017,1,2,15,285,164,10107,306,47,-9999,-9999,-9999
38,2017,1,2,16,295,155,10097,305,41,-9999,-9999,-9999
39,2017,1,2,17,297,152,10088,315,32,-9999,-9999,-9999
40,2017,1,2,18,305,154,10078,336,27,-9999,-9999,-9999
41,2017,1,2,19,297,152,10074,304,31,-9999,-9999,-9999
42,2017,1,2,20,247,174,10101,152,12,-9999,-9999,-9999
43,2017,1,2,21,227,177,10117,207,2,-9999,-9999,-9999
44,2017,1,2,22,221,190,10114,230,14,-9999,-9999,-9999
45,2017,1,2,23,220,187,10129,200,9,-9999,-9999,-9999
46,2017,1,3,0,222,189,10138,127,16,-9999,-9999,-9999
47,2017,1,3,1,217,188,10140,106,20,-9999,-9999,-9999
48,2017,1,3,2,211,184,10147,90,16,-9999,-9999,-9999
49,2017,1,3,3,210,183,10135,65,14,-9999,-9999,-9999
50,2017,1,3,4,210,180,10131,104,9,-9999,-9999,-9999
51,2017,1,3,5,210,181,10125,110,6,-9999,-9999,-9999
52,2017,1,3,7,211,178,10124,92,19,-9999,-9999,-9999
53,2017,1,3,8,207,176,10130,66,17,-9999,-9999,-9999
54,2017,1,3,9,207,178,10135,86,18,-9999,-9999,-9999
55,2017,1,3,10,220,177,10138,110,17,-9999,-9999,-9999
56,2017,1,3,11,242,173,10132,97,22,-9999,-9999,-9999
57,2017,1,3,12,250,173,10132,87,30,-9999,-9999,-9999
58,2017,1,3,13,265,154,10127,102,33,-9999,-9999,-9999
59,2017,1,3,14,280,170,10117,108,25,-9999,-9999,-9999
60,2017,1,3,15,290,168,10108,123,26,-9999,-9999,-9999
61,2017,1,3,16,300,163,10098,138,15,-9999,-9999,-9999
62,2017,1,3,17,307,153,10084,224,10,-9999,-9999,-9999
63,2017,1,3,18,295,192,10079,146,38,-9999,-9999,-9999
64,2017,1,3,19,270,190,10081,168,48,-9999,-9999,-9999
65,2017,1,3,20,257,191,10088,149,36,-9999,-9999,-9999
66,2017,1,3,21,221,176,10110,83,15,-9999,-9999,-9999
67,2017,1,3,22,197,167,10131,90,32,-9999,-9999,-9999
68,2017,1,3,23,201,173,10130,27,33,-9999,-9999,-9999
69,2017,1,4,0,202,174,10131,77,24,-9999,-9999,-9999
70,2017,1,4,1,210,178,10141,207,4,-9999,-9999,-9999
71,2017,1,4,2,210,170,10150,289,5,-9999,-9999,-9999
72,2017,1,4,3,210,175,10139,101,16,-9999,-9999,-9999
73,2017,1,4,4,207,176,10130,76,5,-9999,-9999,-9999
74,2017,1,4,5,207,176,10128,353,6,-9999,-9999,-9999
75,2017,1,4,6,205,174,10120,86,23,-9999,-9999,-9999
76,2017,1,4,7,197,172,10119,66,19,-9999,-9999,-9999
77,2017,1,4,8,197,174,10119,59,3,-9999,-9999,-9999
78,2017,1,4,9,205,175,10130,322,5,-9999,-9999,-9999
79,2017,1,4,10,210,175,10137,80,6,-9999,-9999,-9999
80,2017,1,4,11,222,156,10140,299,25,-9999,-9999,-9999
81,2017,1,4,12,232,156,10136,342,25,-9999,-9999,-9999
82,2017,1,4,13,261,152,10123,3,18,-9999,-9999,-9999
83,2017,1,4,14,260,154,10125,345,19,-9999,-9999,-9999
84,2017,1,4,15,272,160,10122,289,20,-9999,-9999,-9999
85,2017,1,4,16,275,167,10120,316,35,-9999,-9999,-9999
86,2017,1,4,17,282,176,10114,343,26,-9999,-9999,-9999
87,2017,1,4,18,301,157,10100,343,31,-9999,-9999,-9999
88,2017,1,4,19,291,161,10094,325,34,-9999,-9999,-9999
89,2017,1,4,20,277,169,10093,360,39,-9999,-9999,-9999
90,2017,1,4,21,277,162,10099,321,49,-9999,-9999,-9999
91,2017,1,4,22,270,165,10107,329,21,-9999,-9999,-9999
92,2017,1,4,23,262,166,10116,321,21,-9999,-9999,-9999
93,2017,1,5,0,260,171,10121,331,17,-9999,-9999,-9999
94,2017,1,5,1,257,174,10127,322,20,-9999,-9999,-9999
95,2017,1,5,2,252,174,10135,286,16,-9999,-9999,-9999
96,2017,1,5,3,247,174,10136,269,19,-9999,-9999,-9999
97,2017,1,5,4,245,175,10130,292,11,-9999,-9999,-9999
98,2017,1,5,5,240,176,10124,294,9,-9999,-9999,-9999
99,2017,1,5,7,232,177,10125,359,10,-9999,-9999,-9999
100,2017,1,5,8,235,181,10133,298,28,-9999,-9999,-9999
101,2017,1,5,9,232,181,10138,339,12,-9999,-9999,-9999
102,2017,1,5,10,235,182,10142,333,16,-9999,-9999,-9999
103,2017,1,5,11,252,185,10139,348,14,-9999,-9999,-9999
104,2017,1,5,12,267,168,10134,308,36,-9999,-9999,-9999
105,2017,1,5,13,275,168,10131,312,37,-9999,-9999,-9999
106,2017,1,5,15,295,171,10116,298,36,-9999,-9999,-9999
107,2017,1,5,16,300,162,10112,321,42,-9999,-9999,-9999
108,2017,1,5,17,300,165,10110,322,51,-9999,-9999,-9999
109,2017,1,5,18,272,171,10116,344,43,-9999,-9999,-9999
110,2017,1,5,19,257,178,10115,330,43,-9999,-9999,-9999
111,2017,1,5,20,255,169,10121,304,25,-9999,-9999,-9999
112,2017,1,5,21,257,161,10115,353,22,-9999,-9999,-9999
113,2017,1,5,22,252,155,10122,330,14,-9999,-9999,-9999
114,2017,1,5,23,252,155,10132,22,10,-9999,-9999,-9999
115,2017,1,6,0,245,163,10136,23,18,-9999,-9999,-9999
116,2017,1,6,1,241,163,10152,311,28,-9999,-9999,-9999
117,2017,1,6,2,237,165,10154,310,15,-9999,-9999,-9999
118,2017,1,6,3,231,166,10145,352,5,-9999,-9999,-9999
119,2017,1,6,4,230,165,10139,301,17,-9999,-9999,-9999
120,2017,1,6,5,225,163,10136,299,3,-9999,-9999,-9999
121,2017,1,6,6,230,161,10134,337,13,-9999,-9999,-9999
122,2017,1,6,7,222,169,10137,316,16,-9999,-9999,-9999
123,2017,1,6,8,225,170,10142,7,8,-9999,-9999,-9999
124,2017,1,6,9,225,173,10147,311,16,-9999,-9999,-9999
125,2017,1,6,10,231,175,10147,294,11,-9999,-9999,-9999
126,2017,1,6,11,237,174,10147,315,14,-9999,-9999,-9999
127,2017,1,6,12,255,174,10142,338,16,-9999,-9999,-9999
128,2017,1,6,13,277,175,10133,311,17,-9999,-9999,-9999
129,2017,1,6,14,281,171,10131,270,36,-9999,-9999,-9999
130,2017,1,6,15,292,159,10124,217,21,-9999,-9999,-9999
131,2017,1,6,16,300,145,10116,266,38,-9999,-9999,-9999
132,2017,1,6,17,272,174,10118,185,28,-9999,-9999,-9999
133,2017,1,6,18,272,181,10118,195,26,-9999,-9999,-9999
134,2017,1,6,19,265,180,10122,162,31,-9999,-9999,-9999
135,2017,1,6,20,256,181,10127,200,29,-9999,-9999,-9999
136,2017,1,6,21,250,187,10134,171,27,-9999,-9999,-9999
137,2017,1,6,22,245,185,10142,158,24,-9999,-9999,-9999
138,2017,1,6,23,232,190,10148,167,21,-9999,-9999,-9999
139,2017,1,7,0,225,193,10159,145,16,-9999,-9999,-9999
140,2017,1,7,1,225,192,10162,151,17,-9999,-9999,-9999
141,2017,1,7,2,222,191,10159,149,11,-9999,-9999,-9999
142,2017,1,7,3,221,183,10152,160,9,-9999,-9999,-9999
143,2017,1,7,4,220,183,10146,190,7,-9999,-9999,-9999
144,2017,1,7,5,220,184,10142,182,7,-9999,-9999,-9999
145,2017,1,7,7,217,181,10143,181,3,-9999,-9999,-9999
146,2017,1,7,8,215,180,10142,106,3,-9999,-9999,-9999
147,2017,1,7,9,217,178,10146,76,0,-9999,-9999,-9999
148,2017,1,7,10,225,186,10147,254,0,-9999,-9999,-9999
149,2017,1,7,11,245,187,10146,48,8,-9999,-9999,-9999
150,2017,1,7,12,247,184,10149,27,6,-9999,-9999,-9999
151,2017,1,7,13,265,178,10143,281,10,-9999,-9999,-9999
152,2017,1,7,14,290,176,10129,264,11,-9999,-9999,-9999
153,2017,1,7,15,285,173,10127,299,17,-9999,-9999,-9999
154,2017,1,7,16,296,168,10117,194,17,-9999,-9999,-9999
155,2017,1,7,17,292,189,10108,114,24,-9999,-9999,-9999
156,2017,1,7,18,192,173,10144,8,91,-9999,-9999,-9999
157,2017,1,7,19,202,187,10140,209,16,-9999,-9999,-9999
158,2017,1,7,20,217,204,10133,168,20,-9999,-9999,-9999
159,2017,1,7,21,222,209,10140,122,15,-9999,-9999,-9999
160,2017,1,7,22,217,203,10143,76,14,-9999,-9999,-9999
161,2017,1,7,23,215,200,10141,73,5,-9999,-9999,-9999
162,2017,1,8,0,220,199,10149,58,11,-9999,-9999,-9999
163,2017,1,8,1,220,197,10149,83,21,-9999,-9999,-9999
164,2017,1,8,2,221,198,10147,84,14,-9999,-9999,-9999
165,2017,1,8,3,216,193,10142,77,20,-9999,-9999,-9999
166,2017,1,8,4,216,194,10141,56,13,-9999,-9999,-9999
167,2017,1,8,5,215,195,10132,44,14,-9999,-9999,-9999
168,2017,1,8,6,215,192,10126,69,16,-9999,-9999,-9999
169,2017,1,8,7,211,192,10128,68,13,-9999,-9999,-9999
170,2017,1,8,8,206,189,10130,83,15,-9999,-9999,-9999
171,2017,1,8,9,205,188,10135,100,7,-9999,-9999,-9999
172,2017,1,8,10,225,196,10129,51,6,-9999,-9999,-9999
173,2017,1,8,11,235,190,10128,105,2,-9999,-9999,-9999
174,2017,1,8,12,252,196,10122,11,7,-9999,-9999,-9999
175,2017,1,8,13,277,192,10110,11,15,-9999,-9999,-9999
176,2017,1,8,14,285,183,10105,318,22,-9999,-9999,-9999
177,2017,1,8,15,300,173,10095,327,21,-9999,-9999,-9999
178,2017,1,8,16,292,172,10088,320,32,-9999,-9999,-9999
179,2017,1,8,17,257,193,10086,9,29,-9999,-9999,-9999
180,2017,1,8,18,270,198,10079,36,14,-9999,-9999,-9999
181,2017,1,8,19,232,198,10093,20,13,-9999,-9999,-9999
182,2017,1,8,20,232,187,10097,275,1,-9999,-9999,-9999
183,2017,1,8,21,236,199,10102,40,13,-9999,-9999,-9999
184,2017,1,8,22,232,197,10103,41,7,-9999,-9999,-9999
185,2017,1,8,23,231,198,10109,69,8,-9999,-9999,-9999
186,2017,1,9,0,227,200,10118,44,5,-9999,-9999,-9999
187,2017,1,9,1,227,199,10119,51,9,-9999,-9999,-9999
188,2017,1,9,2,222,194,10118,86,2,-9999,-9999,-9999
189,2017,1,9,3,222,195,10114,90,5,-9999,-9999,-9999
190,2017,1,9,4,221,194,10109,90,4,-9999,-9999,-9999
191,2017,1,9,5,222,193,10101,90,2,-9999,-9999,-9999
192,2017,1,9,6,220,192,10098,90,0,-9999,-9999,-9999
193,2017,1,9,7,220,193,10099,88,3,-9999,-9999,-9999
194,2017,1,9,8,220,187,10100,84,3,-9999,-9999,-9999
195,2017,1,9,9,230,178,10106,332,19,-9999,-9999,-9999
196,2017,1,9,10,235,174,10114,290,14,-9999,-9999,-9999
197,2017,1,9,11,237,174,10113,292,16,-9999,-9999,-9999
198,2017,1,9,12,247,176,10113,316,37,-9999,-9999,-9999
199,2017,1,9,13,257,182,10107,310,30,-9999,-9999,-9999
200,2017,1,9,14,280,187,10096,309,22,-9999,-9999,-9999
201,2017,1,9,15,296,184,10087,298,28,-9999,-9999,-9999
202,2017,1,9,16,295,177,10077,310,35,-9999,-9999,-9999
203,2017,1,9,17,305,167,10059,283,23,-9999,-9999,-9999
204,2017,1,9,18,295,171,10059,257,23,-9999,-9999,-9999
205,2017,1,9,19,295,172,10056,288,30,-9999,-9999,-9999
206,2017,1,9,20,300,172,10054,257,0,-9999,-9999,-9999
207,2017,1,9,21,257,189,10076,68,22,-9999,-9999,-9999
208,2017,1,9,22,211,186,10105,15,61,-9999,-9999,-9999
209,2017,1,9,23,215,182,10109,3,39,-9999,-9999,-9999
210,2017,1,10,0,215,187,10125,300,14,-9999,-9999,-9999
211,2017,1,10,1,210,185,10135,284,26,-9999,-9999,-9999
212,2017,1,10,2,215,181,10125,313,59,-9999,-9999,-9999
213,2017,1,10,3,212,180,10121,307,43,-9999,-9999,-9999
214,2017,1,10,4,211,174,10106,314,57,-9999,-9999,-9999
215,2017,1,10,5,212,179,10095,307,43,-9999,-9999,-9999
216,2017,1,10,6,211,183,10091,314,30,-9999,-9999,-9999
217,2017,1,10,7,212,179,10087,325,28,-9999,-9999,-9999
218,2017,1,10,8,210,175,10086,341,24,-9999,-9999,-9999
219,2017,1,10,9,210,176,10095,327,34,-9999,-9999,-9999
220,2017,1,10,10,215,179,10105,321,22,-9999,-9999,-9999
221,2017,1,10,11,230,181,10103,327,28,-9999,-9999,-9999
222,2017,1,10,12,240,179,10102,287,29,-9999,-9999,-9999
223,2017,1,10,13,250,182,10096,319,29,-9999,-9999,-9999
224,2017,1,10,14,266,182,10090,293,36,-9999,-9999,-9999
225,2017,1,10,15,277,182,10084,310,27,-9999,-9999,-9999
226,2017,1,10,16,291,177,10077,292,29,-9999,-9999,-9999
227,2017,1,10,17,286,164,10070,267,38,-9999,-9999,-9999
228,2017,1,10,18,295,164,10063,266,30,-9999,-9999,-9999
229,2017,1,10,19,292,174,10059,264,37,-9999,-9999,-9999
230,2017,1,10,20,302,175,10053,255,22,-9999,-9999,-9999
231,2017,1,10,21,282,182,10062,256,17,-9999,-9999,-9999
232,2017,1,10,22,270,184,10072,295,20,-9999,-9999,-9999
233,2017,1,10,23,266,184,10084,241,17,-9999,-9999,-9999
234,2017,1,11,0,262,187,10096,195,18,-9999,-9999,-9999
235,2017,1,11,1,250,193,10108,43,16,-9999,-9999,-9999
236,2017,1,11,2,242,191,10113,59,12,-9999,-9999,-9999
237,2017,1,11,3,237,194,10111,41,12,-9999,-9999,-9999
238,2017,1,11,4,230,189,10103,58,11,-9999,-9999,-9999
239,2017,1,11,5,225,186,10096,67,8,-9999,-9999,-9999
240,2017,1,11,6,222,186,10096,73,4,-9999,-9999,-9999
241,2017,1,11,7,220,186,10099,61,15,-9999,-9999,-9999
242,2017,1,11,8,215,187,10108,66,10,-9999,-9999,-9999
243,2017,1,11,9,217,190,10117,174,0,-9999,-9999,-9999
244,2017,1,11,10,225,188,10120,326,15,-9999,-9999,-9999
245,2017,1,11,11,237,182,10120,319,19,-9999,-9999,-9999
246,2017,1,11,12,242,184,10121,293,28,-9999,-9999,-9999
247,2017,1,11,13,241,185,10122,301,19,-9999,-9999,-9999
248,2017,1,11,14,256,182,10113,339,20,-9999,-9999,-9999
249,2017,1,11,15,275,186,10101,341,23,-9999,-9999,-9999
250,2017,1,11,16,295,173,10089,312,25,-9999,-9999,-9999
251,2017,1,11,17,287,171,10084,228,21,-9999,-9999,-9999
252,2017,1,11,18,226,197,10100,232,11,-9999,-9999,-9999
253,2017,1,11,19,235,202,10095,188,13,-9999,-9999,-9999
254,2017,1,11,20,250,201,10087,135,15,-9999,-9999,-9999
255,2017,1,11,21,245,194,10098,164,25,-9999,-9999,-9999
256,2017,1,11,22,237,195,10106,148,25,-9999,-9999,-9999
257,2017,1,11,23,225,192,10117,145,22,-9999,-9999,-9999
258,2017,1,12,0,217,189,10124,109,26,-9999,-9999,-9999
259,2017,1,12,1,215,187,10129,109,12,-9999,-9999,-9999
260,2017,1,12,2,215,191,10133,81,12,-9999,-9999,-9999
261,2017,1,12,3,216,189,10127,83,16,-9999,-9999,-9999
262,2017,1,12,4,215,187,10118,62,14,-9999,-9999,-9999
263,2017,1,12,5,212,184,10117,93,13,-9999,-9999,-9999
264,2017,1,12,6,210,183,10111,99,12,-9999,-9999,-9999
265,2017,1,12,7,210,184,10118,75,13,-9999,-9999,-9999
266,2017,1,12,8,210,184,10123,96,12,-9999,-9999,-9999
267,2017,1,12,9,211,183,10126,103,10,-9999,-9999,-9999
268,2017,1,12,10,217,183,10128,95,5,-9999,-9999,-9999
269,2017,1,12,11,232,192,10134,118,11,-9999,-9999,-9999
270,2017,1,12,12,245,190,10130,123,17,-9999,-9999,-9999
271,2017,1,12,13,257,188,10129,144,15,-9999,-9999,-9999
272,2017,1,12,14,255,185,10130,177,34,-9999,-9999,-9999
273,2017,1,12,15,232,173,10140,195,35,-9999,-9999,-9999
274,2017,1,12,16,235,183,10137,197,24,-9999,-9999,-9999
275,2017,1,12,17,256,177,10119,135,25,-9999,-9999,-9999
276,2017,1,12,18,247,172,10117,146,35,-9999,-9999,-9999
277,2017,1,12,19,230,176,10125,158,32,-9999,-9999,-9999
278,2017,1,12,20,226,182,10118,172,31,-9999,-9999,-9999
279,2017,1,12,21,231,176,10121,167,36,-9999,-9999,-9999
280,2017,1,12,22,222,178,10130,168,26,-9999,-9999,-9999
281,2017,1,12,23,210,186,10140,144,26,-9999,-9999,-9999
282,2017,1,13,0,207,179,10149,151,32,-9999,-9999,-9999
283,2017,1,13,1,205,177,10152,147,18,-9999,-9999,-9999
284,2017,1,13,2,201,172,10155,175,30,-9999,-9999,-9999
285,2017,1,13,3,202,161,10150,180,24,-9999,-9999,-9999
286,2017,1,13,5,197,162,10136,195,19,-9999,-9999,-9999
287,2017,1,13,6,195,167,10132,160,15,-9999,-9999,-9999
288,2017,1,13,7,192,168,10134,177,9,-9999,-9999,-9999
289,2017,1,13,8,192,169,10132,188,13,-9999,-9999,-9999
290,2017,1,13,9,195,170,10138,177,9,-9999,-9999,-9999
291,2017,1,13,10,205,172,10137,137,10,-9999,-9999,-9999
292,2017,1,13,11,215,175,10137,136,12,-9999,-9999,-9999
293,2017,1,13,12,216,177,10140,148,12,-9999,-9999,-9999
294,2017,1,13,13,225,171,10135,104,12,-9999,-9999,-9999
295,2017,1,13,14,235,170,10129,117,7,-9999,-9999,-9999
296,2017,1,13,15,252,172,10119,21,8,-9999,-9999,-9999
297,2017,1,13,16,247,180,10117,176,16,-9999,-9999,-9999
298,2017,1,13,17,255,175,10105,109,17,-9999,-9999,-9999
299,2017,1,13,18,275,175,10090,134,20,-9999,-9999,-9999
300,2017,1,13,19,272,177,10084,168,22,-9999,-9999,-9999
301,2017,1,13,20,257,180,10090,139,27,-9999,-9999,-9999
302,2017,1,13,21,245,179,10098,155,31,-9999,-9999,-9999
303,2017,1,13,22,232,177,10112,150,24,-9999,-9999,-9999
304,2017,1,13,23,230,181,10115,150,18,-9999,-9999,-9999
305,2017,1,14,0,225,181,10121,161,13,-9999,-9999,-9999
306,2017,1,14,1,222,182,10129,160,17,-9999,-9999,-9999
307,2017,1,14,2,221,178,10127,113,18,-9999,-9999,-9999
308,2017,1,14,3,220,180,10124,126,16,-9999,-9999,-9999
309,2017,1,14,4,215,177,10122,105,15,-9999,-9999,-9999
310,2017,1,14,5,212,178,10111,61,11,-9999,-9999,-9999
311,2017,1,14,6,215,178,10102,65,7,-9999,-9999,-9999
312,2017,1,14,7,212,175,10101,28,14,-9999,-9999,-9999
313,2017,1,14,8,210,172,10109,348,9,-9999,-9999,-9999
314,2017,1,14,9,207,171,10117,42,3,-9999,-9999,-9999
315,2017,1,14,10,215,171,10118,6,9,-9999,-9999,-9999
316,2017,1,14,11,221,171,10115,16,10,-9999,-9999,-9999
317,2017,1,14,12,241,167,10110,81,15,-9999,-9999,-9999
318,2017,1,14,13,251,172,10104,325,6,-9999,-9999,-9999
319,2017,1,14,14,282,165,10087,95,10,-9999,-9999,-9999
320,2017,1,14,15,282,148,10077,50,10,-9999,-9999,-9999
321,2017,1,14,16,282,152,10072,84,17,-9999,-9999,-9999
322,2017,1,14,17,295,144,10058,8,11,-9999,-9999,-9999
323,2017,1,14,18,320,131,10044,332,9,-9999,-9999,-9999
324,2017,1,14,19,292,187,10048,129,25,-9999,-9999,-9999
325,2017,1,14,20,262,192,10057,170,57,-9999,-9999,-9999
326,2017,1,14,21,241,186,10081,199,36,-9999,-9999,-9999
327,2017,1,14,22,237,181,10086,185,27,-9999,-9999,-9999
328,2017,1,14,23,240,182,10092,127,27,-9999,-9999,-9999
329,2017,1,15,0,235,175,10101,112,22,-9999,-9999,-9999
330,2017,1,15,1,230,182,10108,94,16,-9999,-9999,-9999
331,2017,1,15,2,227,179,10108,96,29,-9999,-9999,-9999
332,2017,1,15,3,222,177,10103,102,23,-9999,-9999,-9999
333,2017,1,15,4,220,180,10098,74,9,-9999,-9999,-9999
334,2017,1,15,5,215,181,10095,73,5,-9999,-9999,-9999
335,2017,1,15,7,211,181,10091,114,5,-9999,-9999,-9999
336,2017,1,15,8,207,179,10099,360,4,-9999,-9999,-9999
337,2017,1,15,9,211,182,10105,148,0,-9999,-9999,-9999
338,2017,1,15,10,220,184,10107,50,8,-9999,-9999,-9999
339,2017,1,15,11,230,183,10109,72,12,-9999,-9999,-9999
340,2017,1,15,12,245,178,10107,68,12,-9999,-9999,-9999
341,2017,1,15,13,270,176,10100,77,16,-9999,-9999,-9999
342,2017,1,15,14,280,177,10096,332,15,-9999,-9999,-9999
343,2017,1,15,15,287,172,10085,353,8,-9999,-9999,-9999
344,2017,1,15,16,295,166,10070,243,24,-9999,-9999,-9999
345,2017,1,15,17,287,168,10063,126,10,-9999,-9999,-9999
346,2017,1,15,18,255,176,10071,133,29,-9999,-9999,-9999
347,2017,1,15,19,252,199,10066,135,19,-9999,-9999,-9999
348,2017,1,15,20,252,195,10067,140,22,-9999,-9999,-9999
349,2017,1,15,21,246,191,10076,147,22,-9999,-9999,-9999
350,2017,1,15,22,237,190,10087,154,30,-9999,-9999,-9999
351,2017,1,15,23,232,188,10099,140,27,-9999,-9999,-9999
352,2017,1,16,0,227,172,10112,227,11,-9999,-9999,-9999
353,2017,1,16,1,202,185,10122,144,9,-9999,-9999,-9999
354,2017,1,16,2,192,180,10130,175,12,-9999,-9999,-9999
355,2017,1,16,3,192,179,10126,213,5,-9999,-9999,-9999
356,2017,1,16,4,192,181,10115,170,2,-9999,-9999,-9999
357,2017,1,16,5,200,188,10111,89,3,-9999,-9999,-9999
358,2017,1,16,7,201,190,10106,345,14,-9999,-9999,-9999
359,2017,1,16,8,205,192,10110,318,2,-9999,-9999,-9999
360,2017,1,16,9,207,196,10110,16,9,-9999,-9999,-9999
361,2017,1,16,10,225,207,10106,59,4,-9999,-9999,-9999
362,2017,1,16,11,237,196,10105,333,18,-9999,-9999,-9999
363,2017,1,16,12,245,187,10108,3,27,-9999,-9999,-9999
364,2017,1,16,13,270,185,10097,350,17,-9999,-9999,-9999
365,2017,1,16,14,265,181,10099,323,38,-9999,-9999,-9999
366,2017,1,16,15,285,176,10086,5,29,-9999,-9999,-9999
367,2017,1,16,16,281,176,10082,352,28,-9999,-9999,-9999
368,2017,1,16,17,272,195,10079,349,4,-9999,-9999,-9999
369,2017,1,16,18,257,184,10079,317,33,-9999,-9999,-9999
370,2017,1,16,19,261,180,10065,32,17,-9999,-9999,-9999
371,2017,1,16,20,252,183,10073,83,24,-9999,-9999,-9999
372,2017,1,16,21,242,195,10080,101,25,-9999,-9999,-9999
373,2017,1,16,23,231,196,10099,173,5,-9999,-9999,-9999
374,2017,1,17,0,210,185,10114,251,12,-9999,-9999,-9999
375,2017,1,17,1,207,187,10122,348,20,-9999,-9999,-9999
376,2017,1,17,2,197,181,10125,334,17,-9999,-9999,-9999
377,2017,1,17,3,205,185,10116,318,8,-9999,-9999,-9999
378,2017,1,17,4,202,183,10109,39,5,-9999,-9999,-9999
379,2017,1,17,5,210,182,10103,11,16,-9999,-9999,-9999
380,2017,1,17,9,216,173,10096,13,29,-9999,-9999,-9999
381,2017,1,17,10,212,174,10105,14,20,-9999,-9999,-9999
382,2017,1,17,11,212,174,10106,30,25,-9999,-9999,-9999
383,2017,1,17,12,217,174,10108,9,30,-9999,-9999,-9999
384,2017,1,17,13,212,176,10105,5,36,-9999,-9999,-9999
385,2017,1,17,14,210,173,10108,350,44,-9999,-9999,-9999
386,2017,1,17,15,197,171,10114,348,26,-9999,-9999,-9999
387,2017,1,17,16,212,177,10103,2,42,-9999,-9999,-9999
388,2017,1,17,17,222,179,10092,321,35,-9999,-9999,-9999
389,2017,1,17,18,237,180,10074,306,51,-9999,-9999,-9999
390,2017,1,17,19,232,178,10074,347,32,-9999,-9999,-9999
391,2017,1,17,20,230,181,10074,343,35,-9999,-9999,-9999
392,2017,1,17,21,230,182,10074,324,25,-9999,-9999,-9999
393,2017,1,17,22,227,183,10080,345,14,-9999,-9999,-9999
394,2017,1,17,23,230,181,10087,323,24,-9999,-9999,-9999
395,2017,1,18,0,227,181,10096,342,13,-9999,-9999,-9999
396,2017,1,18,1,226,183,10102,279,11,-9999,-9999,-9999
397,2017,1,18,2,205,186,10115,29,18,-9999,-9999,-9999
398,2017,1,18,3,202,184,10109,351,13,-9999,-9999,-9999
399,2017,1,18,4,202,179,10102,338,12,-9999,-9999,-9999
400,2017,1,18,5,205,179,10096,347,15,-9999,-9999,-9999
401,2017,1,18,6,207,178,10093,311,18,-9999,-9999,-9999
402,2017,1,18,7,205,177,10093,11,24,-9999,-9999,-9999
403,2017,1,18,8,205,177,10097,3,21,-9999,-9999,-9999
404,2017,1,18,10,212,178,10109,330,20,-9999,-9999,-9999
405,2017,1,18,11,221,179,10112,340,20,-9999,-9999,-9999
406,2017,1,18,12,211,183,10121,356,21,-9999,-9999,-9999
407,2017,1,18,13,210,185,10124,7,16,-9999,-9999,-9999
408,2017,1,18,15,222,187,10115,317,21,-9999,-9999,-9999
409,2017,1,18,16,202,183,10119,340,22,-9999,-9999,-9999
410,2017,1,18,17,217,185,10116,327,11,-9999,-9999,-9999
411,2017,1,18,18,225,184,10108,333,26,-9999,-9999,-9999
412,2017,1,18,20,210,189,10113,221,6,-9999,-9999,-9999
413,2017,1,18,21,211,191,10119,76,1,-9999,-9999,-9999
414,2017,1,18,22,211,190,10124,173,0,-9999,-9999,-9999
415,2017,1,18,23,212,194,10130,186,3,-9999,-9999,-9999
416,2017,1,19,0,210,185,10136,284,18,-9999,-9999,-9999
417,2017,1,19,1,212,183,10137,351,6,-9999,-9999,-9999
418,2017,1,19,2,212,182,10139,323,23,-9999,-9999,-9999
419,2017,1,19,3,207,182,10140,290,19,-9999,-9999,-9999
420,2017,1,19,4,210,180,10131,331,24,-9999,-9999,-9999
421,2017,1,19,5,205,181,10124,98,4,-9999,-9999,-9999
422,2017,1,19,6,206,186,10123,41,0,-9999,-9999,-9999
423,2017,1,19,7,207,177,10128,319,5,-9999,-9999,-9999
424,2017,1,19,8,207,175,10133,303,23,-9999,-9999,-9999
425,2017,1,19,9,206,178,10142,212,8,-9999,-9999,-9999
426,2017,1,19,10,212,179,10146,285,6,-9999,-9999,-9999
427,2017,1,19,11,215,180,10150,294,17,-9999,-9999,-9999
428,2017,1,19,12,217,185,10153,282,14,-9999,-9999,-9999
429,2017,1,19,13,232,185,10150,279,13,-9999,-9999,-9999
430,2017,1,19,14,237,183,10148,304,19,-9999,-9999,-9999
431,2017,1,19,15,255,171,10139,246,13,-9999,-9999,-9999
432,2017,1,19,16,231,168,10144,162,22,-9999,-9999,-9999
433,2017,1,19,17,211,175,10150,184,33,-9999,-9999,-9999
434,2017,1,19,18,210,180,10152,192,15,-9999,-9999,-9999
435,2017,1,19,19,200,179,10155,180,24,-9999,-9999,-9999
436,2017,1,19,20,201,178,10155,179,16,-9999,-9999,-9999
437,2017,1,19,21,197,174,10159,125,4,-9999,-9999,-9999
438,2017,1,19,22,197,169,10168,134,11,-9999,-9999,-9999
439,2017,1,19,23,195,171,10173,55,6,-9999,-9999,-9999
440,2017,1,20,0,195,170,10174,96,17,-9999,-9999,-9999
441,2017,1,20,1,192,171,10178,61,15,-9999,-9999,-9999
442,2017,1,20,2,191,169,10173,71,13,-9999,-9999,-9999
443,2017,1,20,3,190,164,10172,61,11,-9999,-9999,-9999
444,2017,1,20,4,187,164,10167,175,1,-9999,-9999,-9999
445,2017,1,20,5,186,164,10168,158,0,-9999,-9999,-9999
446,2017,1,20,6,187,164,10167,231,0,-9999,-9999,-9999
447,2017,1,20,7,187,166,10167,221,4,-9999,-9999,-9999
448,2017,1,20,8,187,170,10170,243,1,-9999,-9999,-9999
449,2017,1,20,9,190,173,10178,354,1,-9999,-9999,-9999
450,2017,1,20,10,191,173,10185,306,15,-9999,-9999,-9999
451,2017,1,20,11,192,174,10190,322,2,-9999,-9999,-9999
452,2017,1,20,12,192,175,10198,310,11,-9999,-9999,-9999
453,2017,1,20,13,202,181,10187,31,14,-9999,-9999,-9999
454,2017,1,20,14,205,182,10184,28,13,-9999,-9999,-9999
455,2017,1,20,15,207,173,10181,331,12,-9999,-9999,-9999
456,2017,1,20,16,215,175,10173,234,2,-9999,-9999,-9999
457,2017,1,20,17,232,176,10162,246,6,-9999,-9999,-9999
458,2017,1,20,18,227,170,10157,108,5,-9999,-9999,-9999
459,2017,1,20,19,235,174,10150,96,8,-9999,-9999,-9999
460,2017,1,20,20,230,177,10147,79,19,-9999,-9999,-9999
461,2017,1,20,21,226,179,10154,37,16,-9999,-9999,-9999
462,2017,1,20,22,195,170,10171,222,20,-9999,-9999,-9999
463,2017,1,20,23,197,180,10176,192,9,-9999,-9999,-9999
464,2017,1,21,0,197,181,10182,222,5,-9999,-9999,-9999
465,2017,1,21,1,201,185,10184,123,3,-9999,-9999,-9999
466,2017,1,21,2,200,182,10181,128,10,-9999,-9999,-9999
467,2017,1,21,3,200,182,10173,85,11,-9999,-9999,-9999
468,2017,1,21,4,200,182,10168,131,16,-9999,-9999,-9999
469,2017,1,21,5,197,178,10164,125,19,-9999,-9999,-9999
470,2017,1,21,6,195,171,10162,101,16,-9999,-9999,-9999
471,2017,1,21,7,192,171,10160,87,9,-9999,-9999,-9999
472,2017,1,21,8,192,171,10163,100,10,-9999,-9999,-9999
473,2017,1,21,9,195,173,10166,84,11,-9999,-9999,-9999
474,2017,1,21,10,196,175,10170,120,11,-9999,-9999,-9999
475,2017,1,21,11,201,179,10175,106,13,-9999,-9999,-9999
476,2017,1,21,12,207,175,10176,76,31,-9999,-9999,-9999
477,2017,1,21,13,187,169,10188,87,12,-9999,-9999,-9999
478,2017,1,21,14,201,183,10181,99,16,-9999,-9999,-9999
479,2017,1,21,15,212,179,10173,101,25,-9999,-9999,-9999
480,2017,1,21,16,217,177,10165,120,17,-9999,-9999,-9999
481,2017,1,21,17,205,184,10162,123,15,-9999,-9999,-9999
482,2017,1,21,18,207,188,10156,167,19,-9999,-9999,-9999
483,2017,1,21,19,206,186,10152,148,19,-9999,-9999,-9999
484,2017,1,21,20,185,170,10157,70,20,-9999,-9999,-9999
485,2017,1,21,21,180,165,10163,145,17,-9999,-9999,-9999
486,2017,1,21,22,182,166,10166,120,8,-9999,-9999,-9999
487,2017,1,21,23,181,164,10171,51,16,-9999,-9999,-9999
488,2017,1,22,0,180,162,10174,62,18,-9999,-9999,-9999
489,2017,1,22,1,176,155,10177,85,23,-9999,-9999,-9999
490,2017,1,22,2,175,153,10168,59,17,-9999,-9999,-9999
491,2017,1,22,3,175,155,10164,95,14,-9999,-9999,-9999
492,2017,1,22,4,171,152,10163,240,5,-9999,-9999,-9999
493,2017,1,22,5,172,153,10156,71,5,-9999,-9999,-9999
494,2017,1,22,6,171,153,10150,186,7,-9999,-9999,-9999
495,2017,1,22,7,172,154,10146,57,3,-9999,-9999,-9999
496,2017,1,22,8,172,155,10150,138,7,-9999,-9999,-9999
497,2017,1,22,9,175,157,10151,100,10,-9999,-9999,-9999
498,2017,1,22,10,180,161,10153,62,5,-9999,-9999,-9999
499,2017,1,22,11,186,165,10159,101,2,-9999,-9999,-9999
500,2017,1,22,12,192,164,10163,118,2,-9999,-9999,-9999
501,2017,1,22,13,202,164,10163,331,9,-9999,-9999,-9999
502,2017,1,22,14,220,172,10157,324,4,-9999,-9999,-9999
503,2017,1,22,15,207,170,10157,309,27,-9999,-9999,-9999
504,2017,1,22,16,202,173,10158,290,13,-9999,-9999,-9999
505,2017,1,22,17,205,169,10150,253,20,-9999,-9999,-9999
506,2017,1,22,18,196,174,10146,243,4,-9999,-9999,-9999
507,2017,1,22,19,192,171,10141,185,13,-9999,-9999,-9999
508,2017,1,22,20,200,170,10137,296,0,-9999,-9999,-9999
509,2017,1,22,21,210,165,10127,148,3,-9999,-9999,-9999
510,2017,1,22,22,202,175,10136,26,8,-9999,-9999,-9999
511,2017,1,22,23,200,178,10144,82,12,-9999,-9999,-9999
512,2017,1,23,0,200,176,10149,77,18,-9999,-9999,-9999
513,2017,1,23,1,197,175,10157,81,17,-9999,-9999,-9999
514,2017,1,23,2,197,174,10157,68,11,-9999,-9999,-9999
515,2017,1,23,3,197,173,10150,56,3,-9999,-9999,-9999
516,2017,1,23,4,195,169,10139,45,8,-9999,-9999,-9999
517,2017,1,23,5,190,167,10136,330,1,-9999,-9999,-9999
518,2017,1,23,7,187,167,10133,161,0,-9999,-9999,-9999
519,2017,1,23,8,186,167,10136,98,5,-9999,-9999,-9999
520,2017,1,23,9,186,168,10142,43,4,-9999,-9999,-9999
521,2017,1,23,10,192,172,10147,109,0,-9999,-9999,-9999
522,2017,1,23,11,202,173,10149,81,9,-9999,-9999,-9999
523,2017,1,23,12,216,172,10148,75,7,-9999,-9999,-9999
524,2017,1,23,13,230,165,10147,347,7,-9999,-9999,-9999
525,2017,1,23,14,235,171,10145,337,9,-9999,-9999,-9999
526,2017,1,23,15,245,171,10139,322,16,-9999,-9999,-9999
527,2017,1,23,16,192,170,10149,330,23,-9999,-9999,-9999
528,2017,1,23,17,250,178,10122,2,16,-9999,-9999,-9999
529,2017,1,23,18,247,174,10121,10,21,-9999,-9999,-9999
530,2017,1,23,19,247,172,10116,350,17,-9999,-9999,-9999
531,2017,1,23,20,240,174,10115,352,14,-9999,-9999,-9999
532,2017,1,23,21,232,172,10121,32,12,-9999,-9999,-9999
533,2017,1,23,22,222,182,10133,49,9,-9999,-9999,-9999
534,2017,1,23,23,215,185,10138,106,13,-9999,-9999,-9999
535,2017,1,24,0,212,186,10150,85,12,-9999,-9999,-9999
536,2017,1,24,1,210,183,10153,57,13,-9999,-9999,-9999
537,2017,1,24,2,210,181,10151,42,11,-9999,-9999,-9999
538,2017,1,24,3,210,171,10143,5,1,-9999,-9999,-9999
539,2017,1,24,4,210,171,10142,45,3,-9999,-9999,-9999
540,2017,1,24,5,206,174,10138,75,4,-9999,-9999,-9999
541,2017,1,24,7,200,181,10138,85,11,-9999,-9999,-9999
542,2017,1,24,8,197,181,10138,82,7,-9999,-9999,-9999
543,2017,1,24,9,200,181,10144,34,8,-9999,-9999,-9999
544,2017,1,24,10,211,175,10146,4,8,-9999,-9999,-9999
545,2017,1,24,11,240,174,10138,353,3,-9999,-9999,-9999
546,2017,1,24,12,245,168,10136,327,40,-9999,-9999,-9999
547,2017,1,24,13,261,172,10132,333,48,-9999,-9999,-9999
548,2017,1,24,14,275,173,10123,328,27,-9999,-9999,-9999
549,2017,1,24,15,281,162,10119,324,31,-9999,-9999,-9999
550,2017,1,24,16,290,163,10111,336,40,-9999,-9999,-9999
551,2017,1,24,17,277,162,10107,323,42,-9999,-9999,-9999
552,2017,1,24,18,285,173,10097,314,28,-9999,-9999,-9999
553,2017,1,24,19,296,167,10087,15,21,-9999,-9999,-9999
554,2017,1,24,20,206,175,10124,183,16,-9999,-9999,-9999
555,2017,1,24,21,227,181,10115,74,18,-9999,-9999,-9999
556,2017,1,24,22,232,189,10119,68,15,-9999,-9999,-9999
557,2017,1,24,23,230,186,10129,69,10,-9999,-9999,-9999
558,2017,1,25,0,230,185,10137,50,13,-9999,-9999,-9999
559,2017,1,25,1,225,186,10142,43,12,-9999,-9999,-9999
560,2017,1,25,2,222,182,10145,45,11,-9999,-9999,-9999
561,2017,1,25,3,217,181,10143,61,6,-9999,-9999,-9999
562,2017,1,25,4,215,180,10140,49,5,-9999,-9999,-9999
563,2017,1,25,5,217,178,10129,355,29,-9999,-9999,-9999
564,2017,1,25,6,215,174,10125,318,19,-9999,-9999,-9999
565,2017,1,25,7,217,178,10121,317,27,-9999,-9999,-9999
566,2017,1,25,8,217,177,10120,345,17,-9999,-9999,-9999
567,2017,1,25,9,216,175,10126,349,21,-9999,-9999,-9999
568,2017,1,25,10,222,175,10133,336,22,-9999,-9999,-9999
569,2017,1,25,11,227,175,10141,321,45,-9999,-9999,-9999
570,2017,1,25,12,241,183,10137,335,37,-9999,-9999,-9999
571,2017,1,25,13,256,182,10135,306,40,-9999,-9999,-9999
572,2017,1,25,14,226,179,10143,317,52,-9999,-9999,-9999
573,2017,1,25,15,246,179,10128,315,46,-9999,-9999,-9999
574,2017,1,25,16,251,177,10116,338,46,-9999,-9999,-9999
575,2017,1,25,17,262,178,10105,348,31,-9999,-9999,-9999
576,2017,1,25,18,272,179,10097,325,51,-9999,-9999,-9999
577,2017,1,25,19,277,174,10086,335,29,-9999,-9999,-9999
578,2017,1,25,20,275,171,10086,329,33,-9999,-9999,-9999
579,2017,1,25,21,275,153,10092,299,42,-9999,-9999,-9999
580,2017,1,25,22,261,163,10106,307,24,-9999,-9999,-9999
581,2017,1,25,23,242,175,10120,346,11,-9999,-9999,-9999
582,2017,1,26,0,242,176,10123,343,17,-9999,-9999,-9999
583,2017,1,26,1,237,176,10126,27,9,-9999,-9999,-9999
584,2017,1,26,2,235,177,10125,23,3,-9999,-9999,-9999
585,2017,1,26,3,231,175,10124,319,19,-9999,-9999,-9999
586,2017,1,26,4,227,176,10118,310,27,-9999,-9999,-9999
587,2017,1,26,5,220,178,10118,350,16,-9999,-9999,-9999
588,2017,1,26,6,217,181,10113,345,21,-9999,-9999,-9999
589,2017,1,26,7,216,182,10118,352,24,-9999,-9999,-9999
590,2017,1,26,8,217,180,10121,351,16,-9999,-9999,-9999
591,2017,1,26,9,220,176,10128,319,29,-9999,-9999,-9999
592,2017,1,26,10,227,179,10127,337,1,-9999,-9999,-9999
593,2017,1,26,11,231,179,10133,360,23,-9999,-9999,-9999
594,2017,1,26,12,232,179,10139,338,24,-9999,-9999,-9999
595,2017,1,26,14,237,189,10137,346,16,-9999,-9999,-9999
596,2017,1,26,15,192,166,10160,292,39,-9999,-9999,-9999
597,2017,1,26,16,196,167,10156,296,21,-9999,-9999,-9999
598,2017,1,26,17,206,171,10147,357,27,-9999,-9999,-9999
599,2017,1,26,18,212,176,10137,328,22,-9999,-9999,-9999
600,2017,1,26,19,221,180,10134,323,23,-9999,-9999,-9999
601,2017,1,26,20,222,175,10131,314,32,-9999,-9999,-9999
602,2017,1,26,21,225,176,10131,321,10,-9999,-9999,-9999
603,2017,1,26,22,220,176,10137,322,3,-9999,-9999,-9999
604,2017,1,26,23,217,180,10144,350,16,-9999,-9999,-9999
605,2017,1,27,1,212,184,10152,15,0,-9999,-9999,-9999
606,2017,1,27,2,215,180,10150,55,6,-9999,-9999,-9999
607,2017,1,27,3,212,179,10146,59,3,-9999,-9999,-9999
608,2017,1,27,9,206,184,10152,80,2,-9999,-9999,-9999
609,2017,1,27,10,217,188,10154,48,11,-9999,-9999,-9999
610,2017,1,27,11,227,182,10155,38,2,-9999,-9999,-9999
611,2017,1,27,12,241,182,10156,319,2,-9999,-9999,-9999
612,2017,1,27,13,252,181,10155,331,23,-9999,-9999,-9999
613,2017,1,27,14,241,178,10158,245,26,-9999,-9999,-9999
614,2017,1,27,15,222,177,10165,302,23,-9999,-9999,-9999
615,2017,1,27,16,217,190,10169,307,14,-9999,-9999,-9999
616,2017,1,27,17,216,190,10171,256,23,-9999,-9999,-9999
617,2017,1,27,18,207,184,10170,177,6,-9999,-9999,-9999
618,2017,1,27,19,225,185,10162,221,6,-9999,-9999,-9999
619,2017,1,27,20,232,187,10161,221,12,-9999,-9999,-9999
620,2017,1,27,21,225,177,10170,246,14,-9999,-9999,-9999
621,2017,1,27,22,221,175,10178,237,6,-9999,-9999,-9999
622,2017,1,27,23,217,184,10179,146,12,-9999,-9999,-9999
623,2017,1,28,0,212,183,10184,129,14,-9999,-9999,-9999
624,2017,1,28,1,210,181,10196,102,19,-9999,-9999,-9999
625,2017,1,28,2,210,180,10193,94,24,-9999,-9999,-9999
626,2017,1,28,11,222,181,10184,80,30,-9999,-9999,-9999
627,2017,1,28,12,252,191,10178,76,16,-9999,-9999,-9999
628,2017,1,28,13,251,181,10178,108,26,-9999,-9999,-9999
629,2017,1,28,14,277,185,10167,90,22,-9999,-9999,-9999
630,2017,1,28,15,292,186,10158,98,11,-9999,-9999,-9999
631,2017,1,28,16,300,175,10152,133,21,-9999,-9999,-9999
632,2017,1,28,17,285,183,10151,163,27,-9999,-9999,-9999
633,2017,1,28,18,260,192,10157,147,41,-9999,-9999,-9999
634,2017,1,28,19,255,196,10155,150,30,-9999,-9999,-9999
635,2017,1,28,20,240,191,10161,174,45,-9999,-9999,-9999
636,2017,1,28,21,231,191,10166,174,34,-9999,-9999,-9999
637,2017,1,28,22,227,192,10172,152,29,-9999,-9999,-9999
638,2017,1,28,23,227,187,10177,159,32,-9999,-9999,-9999
639,2017,1,29,0,227,189,10182,134,19,-9999,-9999,-9999
640,2017,1,29,1,230,188,10181,105,24,-9999,-9999,-9999
641,2017,1,29,3,226,186,10183,120,18,-9999,-9999,-9999
642,2017,1,29,4,225,187,10177,117,18,-9999,-9999,-9999
643,2017,1,29,5,220,185,10175,100,29,-9999,-9999,-9999
644,2017,1,29,6,217,182,10173,114,22,-9999,-9999,-9999
645,2017,1,29,7,215,182,10176,116,19,-9999,-9999,-9999
646,2017,1,29,8,212,182,10178,87,20,-9999,-9999,-9999
647,2017,1,29,9,210,182,10183,85,16,-9999,-9999,-9999
648,2017,1,29,10,222,183,10185,95,20,-9999,-9999,-9999
649,2017,1,29,11,236,187,10186,64,18,-9999,-9999,-9999
650,2017,1,29,12,242,183,10187,73,23,-9999,-9999,-9999
651,2017,1,29,13,272,186,10178,62,15,-9999,-9999,-9999
652,2017,1,29,14,275,173,10172,73,18,-9999,-9999,-9999
653,2017,1,29,15,287,144,10163,13,9,-9999,-9999,-9999
654,2017,1,29,16,296,154,10154,85,12,-9999,-9999,-9999
655,2017,1,29,17,306,98,10148,12,18,-9999,-9999,-9999
656,2017,1,29,18,305,157,10144,112,27,-9999,-9999,-9999
657,2017,1,29,19,287,185,10144,164,52,-9999,-9999,-9999
658,2017,1,29,20,265,180,10152,140,36,-9999,-9999,-9999
659,2017,1,29,21,247,178,10163,160,32,-9999,-9999,-9999
660,2017,1,29,22,240,178,10169,138,33,-9999,-9999,-9999
661,2017,1,29,23,236,178,10178,133,24,-9999,-9999,-9999
662,2017,1,30,0,232,177,10183,114,38,-9999,-9999,-9999
663,2017,1,30,1,230,180,10188,111,33,-9999,-9999,-9999
664,2017,1,30,2,226,180,10189,118,28,-9999,-9999,-9999
665,2017,1,30,3,225,180,10184,119,17,-9999,-9999,-9999
666,2017,1,30,4,222,181,10178,115,22,-9999,-9999,-9999
667,2017,1,30,5,220,183,10173,108,17,-9999,-9999,-9999
668,2017,1,30,6,217,183,10170,93,24,-9999,-9999,-9999
669,2017,1,30,7,217,184,10170,94,22,-9999,-9999,-9999
670,2017,1,30,8,215,182,10173,92,22,-9999,-9999,-9999
671,2017,1,30,9,216,182,10175,76,20,-9999,-9999,-9999
672,2017,1,30,10,220,182,10178,79,27,-9999,-9999,-9999
673,2017,1,30,11,237,183,10178,68,23,-9999,-9999,-9999
674,2017,1,30,12,251,179,10175,77,28,-9999,-9999,-9999
675,2017,1,30,13,265,176,10170,80,34,-9999,-9999,-9999
676,2017,1,30,14,276,180,10163,116,23,-9999,-9999,-9999
677,2017,1,30,15,285,166,10151,91,29,-9999,-9999,-9999
678,2017,1,30,16,285,153,10141,95,19,-9999,-9999,-9999
679,2017,1,30,17,282,164,10135,127,22,-9999,-9999,-9999
680,2017,1,30,18,262,170,10146,171,46,-9999,-9999,-9999
681,2017,1,30,19,245,181,10152,168,46,-9999,-9999,-9999
682,2017,1,30,20,237,180,10164,128,20,-9999,-9999,-9999
683,2017,1,30,21,202,166,10167,31,18,-9999,-9999,-9999
684,2017,1,30,22,202,177,10160,108,22,-9999,-9999,-9999
685,2017,1,30,23,211,177,10169,129,4,-9999,-9999,-9999
686,2017,1,31,0,210,177,10177,53,7,-9999,-9999,-9999
687,2017,1,31,1,215,181,10178,101,10,-9999,-9999,-9999
688,2017,1,31,2,211,180,10178,58,4,-9999,-9999,-9999
689,2017,1,31,3,215,183,10178,100,9,-9999,-9999,-9999
690,2017,1,31,4,215,185,10171,81,11,-9999,-9999,-9999
691,2017,1,31,5,215,182,10165,107,24,-9999,-9999,-9999
692,2017,1,31,6,212,184,10164,96,16,-9999,-9999,-9999
693,2017,1,31,7,210,182,10162,89,16,-9999,-9999,-9999
694,2017,1,31,8,210,182,10165,83,8,-9999,-9999,-9999
695,2017,1,31,9,207,179,10168,82,30,-9999,-9999,-9999
696,2017,1,31,10,210,178,10174,77,26,-9999,-9999,-9999
697,2017,1,31,11,220,176,10175,81,33,-9999,-9999,-9999
698,2017,1,31,12,236,176,10168,67,28,-9999,-9999,-9999
699,2017,1,31,13,247,180,10163,79,33,-9999,-9999,-9999
700,2017,1,31,14,260,168,10155,63,29,-9999,-9999,-9999
701,2017,1,31,15,265,171,10148,87,29,-9999,-9999,-9999
702,2017,1,31,16,272,149,10137,90,27,-9999,-9999,-9999
703,2017,1,31,17,282,146,10123,96,24,-9999,-9999,-9999
704,2017,1,31,18,285,139,10116,101,29,-9999,-9999,-9999
705,2017,1,31,19,267,172,10114,143,32,-9999,-9999,-9999
706,2017,1,31,20,247,177,10123,142,36,-9999,-9999,-9999
707,2017,1,31,21,237,182,10134,148,23,-9999,-9999,-9999
708,2017,1,31,22,231,173,10145,134,10,-9999,-9999,-9999
709,2017,1,31,23,201,162,10161,309,32,-9999,-9999,-9999
710,2017,2,1,0,200,164,10163,255,32,-9999,-9999,-9999
711,2017,2,1,1,196,156,10167,277,20,-9999,-9999,-9999
712,2017,2,1,2,197,163,10162,278,9,-9999,-9999,-9999
713,2017,2,1,3,197,158,10158,265,17,-9999,-9999,-9999
714,2017,2,1,4,197,159,10149,72,0,-9999,-9999,-9999
715,2017,2,1,5,200,160,10140,122,5,-9999,-9999,-9999
716,2017,2,1,6,200,164,10134,22,8,-9999,-9999,-9999
717,2017,2,1,7,197,165,10133,38,5,-9999,-9999,-9999
718,2017,2,1,8,197,166,10137,72,3,-9999,-9999,-9999
719,2017,2,1,9,200,167,10141,72,8,-9999,-9999,-9999
720,2017,2,1,10,206,171,10144,54,6,-9999,-9999,-9999
721,2017,2,1,11,215,175,10145,70,28,-9999,-9999,-9999
722,2017,2,1,12,231,180,10141,67,26,-9999,-9999,-9999
723,2017,2,1,13,235,174,10140,73,18,-9999,-9999,-9999
724,2017,2,1,14,245,175,10131,43,14,-9999,-9999,-9999
725,2017,2,1,15,272,179,10117,43,16,-9999,-9999,-9999
726,2017,2,1,16,267,163,10110,326,14,-9999,-9999,-9999
727,2017,2,1,17,267,165,10098,336,22,-9999,-9999,-9999
728,2017,2,1,18,237,167,10105,191,25,-9999,-9999,-9999
729,2017,2,1,19,220,168,10117,95,41,-9999,-9999,-9999
730,2017,2,1,20,195,177,10128,116,15,-9999,-9999,-9999
731,2017,2,1,21,196,177,10130,103,7,-9999,-9999,-9999
732,2017,2,1,22,196,178,10131,52,3,-9999,-9999,-9999
733,2017,2,1,23,197,178,10130,16,9,-9999,-9999,-9999
734,2017,2,2,0,197,179,10125,47,16,-9999,-9999,-9999
735,2017,2,2,1,200,177,10127,68,10,-9999,-9999,-9999
736,2017,2,2,2,200,176,10129,86,13,-9999,-9999,-9999
737,2017,2,2,3,196,174,10124,94,3,-9999,-9999,-9999
738,2017,2,2,4,195,174,10118,313,0,-9999,-9999,-9999
739,2017,2,2,5,195,170,10114,266,0,-9999,-9999,-9999
740,2017,2,2,7,205,166,10108,356,15,-9999,-9999,-9999
741,2017,2,2,8,205,165,10112,341,11,-9999,-9999,-9999
742,2017,2,2,9,202,166,10119,337,30,-9999,-9999,-9999
743,2017,2,2,10,217,168,10120,58,8,-9999,-9999,-9999
744,2017,2,2,11,235,174,10116,70,2,-9999,-9999,-9999
745,2017,2,2,12,232,166,10121,331,37,-9999,-9999,-9999
746,2017,2,2,13,245,171,10118,344,25,-9999,-9999,-9999
747,2017,2,2,14,255,168,10108,346,33,-9999,-9999,-9999
748,2017,2,2,15,271,163,10101,331,32,-9999,-9999,-9999
749,2017,2,2,16,255,159,10104,308,39,-9999,-9999,-9999
750,2017,2,2,17,225,170,10112,316,36,-9999,-9999,-9999
751,2017,2,2,18,240,181,10097,334,23,-9999,-9999,-9999
752,2017,2,2,19,262,183,10081,331,31,-9999,-9999,-9999
753,2017,2,2,20,260,172,10079,351,18,-9999,-9999,-9999
754,2017,2,2,21,250,169,10088,343,22,-9999,-9999,-9999
755,2017,2,2,22,242,171,10101,318,18,-9999,-9999,-9999
756,2017,2,2,23,215,172,10116,287,19,-9999,-9999,-9999
757,2017,2,3,0,210,174,10122,57,4,-9999,-9999,-9999
758,2017,2,3,1,210,174,10125,36,11,-9999,-9999,-9999
759,2017,2,3,2,211,181,10124,41,13,-9999,-9999,-9999
760,2017,2,3,3,210,182,10118,39,9,-9999,-9999,-9999
761,2017,2,3,4,211,179,10115,22,9,-9999,-9999,-9999
762,2017,2,3,5,212,171,10112,41,9,-9999,-9999,-9999
763,2017,2,3,6,210,160,10109,336,31,-9999,-9999,-9999
764,2017,2,3,7,207,161,10108,342,35,-9999,-9999,-9999
765,2017,2,3,8,206,161,10110,308,11,-9999,-9999,-9999
766,2017,2,3,9,212,160,10114,360,13,-9999,-9999,-9999
767,2017,2,3,10,207,160,10124,324,14,-9999,-9999,-9999
768,2017,2,3,11,216,161,10128,327,4,-9999,-9999,-9999
769,2017,2,3,12,220,162,10132,347,31,-9999,-9999,-9999
770,2017,2,3,13,232,165,10125,353,29,-9999,-9999,-9999
771,2017,2,3,14,237,176,10121,337,33,-9999,-9999,-9999
772,2017,2,3,15,255,181,10113,329,31,-9999,-9999,-9999
773,2017,2,3,16,270,177,10101,352,36,-9999,-9999,-9999
774,2017,2,3,17,275,177,10096,343,43,-9999,-9999,-9999
775,2017,2,3,18,275,177,10088,339,36,-9999,-9999,-9999
776,2017,2,3,19,282,164,10078,345,35,-9999,-9999,-9999
777,2017,2,3,20,282,163,10080,330,30,-9999,-9999,-9999
778,2017,2,3,21,265,165,10088,331,29,-9999,-9999,-9999
779,2017,2,3,22,257,172,10102,342,12,-9999,-9999,-9999
780,2017,2,3,23,207,164,10129,283,48,-9999,-9999,-9999
781,2017,2,4,0,205,174,10131,285,19,-9999,-9999,-9999
782,2017,2,4,1,211,180,10136,317,14,-9999,-9999,-9999
783,2017,2,4,2,215,185,10132,339,4,-9999,-9999,-9999
784,2017,2,4,3,215,182,10129,331,24,-9999,-9999,-9999
785,2017,2,4,4,211,182,10120,16,10,-9999,-9999,-9999
786,2017,2,4,5,212,183,10118,147,3,-9999,-9999,-9999
787,2017,2,4,6,210,178,10118,85,12,-9999,-9999,-9999
788,2017,2,4,7,207,179,10118,69,10,-9999,-9999,-9999
789,2017,2,4,8,202,177,10121,21,5,-9999,-9999,-9999
790,2017,2,4,9,202,178,10124,168,2,-9999,-9999,-9999
791,2017,2,4,10,231,182,10121,356,0,-9999,-9999,-9999
792,2017,2,4,11,231,179,10122,327,19,-9999,-9999,-9999
793,2017,2,4,12,245,183,10119,336,33,-9999,-9999,-9999
794,2017,2,4,13,247,183,10119,306,46,-9999,-9999,-9999
795,2017,2,4,14,260,180,10111,335,36,-9999,-9999,-9999
796,2017,2,4,15,216,190,10127,253,38,-9999,-9999,-9999
797,2017,2,4,16,232,191,10113,263,33,-9999,-9999,-9999
798,2017,2,4,17,255,193,10096,285,18,-9999,-9999,-9999
799,2017,2,4,18,275,179,10083,286,19,-9999,-9999,-9999
800,2017,2,4,19,275,179,10082,305,22,-9999,-9999,-9999
801,2017,2,4,20,207,175,10117,275,44,-9999,-9999,-9999
802,2017,2,4,21,217,187,10107,58,11,-9999,-9999,-9999
803,2017,2,4,22,220,187,10113,23,4,-9999,-9999,-9999
804,2017,2,4,23,215,185,10120,54,11,-9999,-9999,-9999
805,2017,2,5,0,215,183,10121,42,11,-9999,-9999,-9999
806,2017,2,5,1,215,185,10119,72,21,-9999,-9999,-9999
807,2017,2,5,2,211,182,10120,47,10,-9999,-9999,-9999
808,2017,2,5,3,210,177,10120,114,3,-9999,-9999,-9999
809,2017,2,5,4,206,181,10118,87,10,-9999,-9999,-9999
810,2017,2,5,5,201,180,10115,58,4,-9999,-9999,-9999
811,2017,2,5,6,200,181,10117,43,0,-9999,-9999,-9999
812,2017,2,5,7,200,180,10120,33,1,-9999,-9999,-9999
813,2017,2,5,8,197,180,10122,50,4,-9999,-9999,-9999
814,2017,2,5,9,197,180,10125,41,5,-9999,-9999,-9999
815,2017,2,5,10,222,181,10121,81,3,-9999,-9999,-9999
816,2017,2,5,11,240,183,10116,168,2,-9999,-9999,-9999
817,2017,2,5,12,252,179,10115,283,15,-9999,-9999,-9999
818,2017,2,5,13,265,177,10111,320,34,-9999,-9999,-9999
819,2017,2,5,14,272,177,10105,297,37,-9999,-9999,-9999
820,2017,2,5,15,285,180,10095,306,27,-9999,-9999,-9999
821,2017,2,5,16,282,180,10086,293,22,-9999,-9999,-9999
822,2017,2,5,17,296,187,10072,295,27,-9999,-9999,-9999
823,2017,2,5,18,301,169,10062,258,30,-9999,-9999,-9999
824,2017,2,5,19,310,180,10055,268,30,-9999,-9999,-9999
825,2017,2,5,20,305,175,10054,198,20,-9999,-9999,-9999
826,2017,2,5,21,291,182,10061,189,32,-9999,-9999,-9999
827,2017,2,5,22,272,200,10079,163,28,-9999,-9999,-9999
828,2017,2,5,23,260,203,10093,130,19,-9999,-9999,-9999
829,2017,2,6,0,251,198,10103,146,11,-9999,-9999,-9999
830,2017,2,6,1,246,198,10109,78,23,-9999,-9999,-9999
831,2017,2,6,2,241,182,10108,59,18,-9999,-9999,-9999
832,2017,2,6,3,235,184,10101,28,15,-9999,-9999,-9999
833,2017,2,6,4,227,178,10096,230,0,-9999,-9999,-9999
834,2017,2,6,5,225,179,10086,60,6,-9999,-9999,-9999
835,2017,2,6,6,220,177,10082,64,11,-9999,-9999,-9999
836,2017,2,6,7,210,176,10083,67,15,-9999,-9999,-9999
837,2017,2,6,8,205,176,10095,96,1,-9999,-9999,-9999
838,2017,2,6,9,210,178,10104,312,4,-9999,-9999,-9999
839,2017,2,6,10,225,164,10101,309,25,-9999,-9999,-9999
840,2017,2,6,11,242,167,10100,303,20,-9999,-9999,-9999
841,2017,2,6,12,257,154,10096,348,28,-9999,-9999,-9999
842,2017,2,6,13,275,163,10091,314,25,-9999,-9999,-9999
843,2017,2,6,14,287,165,10084,269,28,-9999,-9999,-9999
844,2017,2,6,15,282,160,10079,281,24,-9999,-9999,-9999
845,2017,2,6,16,300,172,10064,307,28,-9999,-9999,-9999
846,2017,2,6,17,305,161,10056,291,16,-9999,-9999,-9999
847,2017,2,6,18,292,166,10054,284,19,-9999,-9999,-9999
848,2017,2,6,19,277,204,10053,146,19,-9999,-9999,-9999
849,2017,2,6,20,202,168,10090,236,50,-9999,-9999,-9999
850,2017,2,6,21,216,200,10101,221,22,-9999,-9999,-9999
851,2017,2,6,22,202,181,10105,161,7,-9999,-9999,-9999
852,2017,2,6,23,206,183,10095,68,19,-9999,-9999,-9999
853,2017,2,7,0,207,186,10110,356,3,-9999,-9999,-9999
854,2017,2,7,1,210,187,10114,134,11,-9999,-9999,-9999
855,2017,2,7,2,207,182,10110,36,17,-9999,-9999,-9999
856,2017,2,7,3,205,177,10109,55,5,-9999,-9999,-9999
857,2017,2,7,4,202,176,10102,108,16,-9999,-9999,-9999
858,2017,2,7,5,197,174,10099,73,19,-9999,-9999,-9999
859,2017,2,7,6,195,174,10099,100,5,-9999,-9999,-9999
860,2017,2,7,7,195,174,10102,112,0,-9999,-9999,-9999
861,2017,2,7,8,195,173,10103,48,4,-9999,-9999,-9999
862,2017,2,7,9,195,176,10109,34,4,-9999,-9999,-9999
863,2017,2,7,10,215,182,10109,86,6,-9999,-9999,-9999
864,2017,2,7,11,226,180,10114,174,5,-9999,-9999,-9999
865,2017,2,7,12,245,174,10111,62,10,-9999,-9999,-9999
866,2017,2,7,13,257,180,10109,166,13,-9999,-9999,-9999
867,2017,2,7,14,270,178,10106,170,16,-9999,-9999,-9999
868,2017,2,7,15,282,175,10095,126,11,-9999,-9999,-9999
869,2017,2,7,16,282,173,10091,131,16,-9999,-9999,-9999
870,2017,2,7,17,290,185,10082,138,24,-9999,-9999,-9999
871,2017,2,7,18,266,183,10087,180,43,-9999,-9999,-9999
872,2017,2,7,19,257,185,10092,158,41,-9999,-9999,-9999
873,2017,2,7,20,250,181,10095,168,40,-9999,-9999,-9999
874,2017,2,7,21,241,182,10100,158,39,-9999,-9999,-9999
875,2017,2,7,22,232,184,10112,147,31,-9999,-9999,-9999
876,2017,2,7,23,232,184,10121,135,20,-9999,-9999,-9999
877,2017,2,8,0,225,183,10128,115,35,-9999,-9999,-9999
878,2017,2,8,1,225,181,10134,130,21,-9999,-9999,-9999
879,2017,2,8,2,220,181,10138,111,34,-9999,-9999,-9999
880,2017,2,8,3,216,179,10134,112,28,-9999,-9999,-9999
881,2017,2,8,4,215,180,10128,124,18,-9999,-9999,-9999
882,2017,2,8,5,212,175,10125,106,33,-9999,-9999,-9999
883,2017,2,8,6,207,176,10123,110,27,-9999,-9999,-9999
884,2017,2,8,7,210,177,10125,120,22,-9999,-9999,-9999
885,2017,2,8,8,210,177,10129,120,17,-9999,-9999,-9999
886,2017,2,8,9,207,172,10136,103,24,-9999,-9999,-9999
887,2017,2,8,10,215,175,10139,95,24,-9999,-9999,-9999
888,2017,2,8,11,232,175,10138,90,21,-9999,-9999,-9999
889,2017,2,8,12,240,172,10139,101,35,-9999,-9999,-9999
890,2017,2,8,13,257,163,10134,105,30,-9999,-9999,-9999
891,2017,2,8,14,262,157,10131,113,29,-9999,-9999,-9999
892,2017,2,8,15,281,138,10121,120,31,-9999,-9999,-9999
893,2017,2,8,16,277,173,10119,141,24,-9999,-9999,-9999
894,2017,2,8,17,277,176,10114,154,30,-9999,-9999,-9999
895,2017,2,8,18,272,178,10109,167,32,-9999,-9999,-9999
896,2017,2,8,19,262,170,10106,170,41,-9999,-9999,-9999
897,2017,2,8,20,260,160,10109,161,39,-9999,-9999,-9999
898,2017,2,8,21,240,158,10123,166,48,-9999,-9999,-9999
899,2017,2,8,22,226,163,10136,165,41,-9999,-9999,-9999
900,2017,2,8,23,215,153,10147,140,36,-9999,-9999,-9999
901,2017,2,9,0,212,156,10156,124,26,-9999,-9999,-9999
902,2017,2,9,1,212,154,10162,119,38,-9999,-9999,-9999
903,2017,2,9,2,210,154,10165,128,22,-9999,-9999,-9999
904,2017,2,9,3,206,156,10161,115,37,-9999,-9999,-9999
905,2017,2,9,4,202,153,10155,119,31,-9999,-9999,-9999
906,2017,2,9,5,197,155,10151,122,23,-9999,-9999,-9999
907,2017,2,9,6,197,159,10148,107,23,-9999,-9999,-9999
908,2017,2,9,7,195,153,10149,92,25,-9999,-9999,-9999
909,2017,2,9,8,195,152,10150,93,22,-9999,-9999,-9999
910,2017,2,9,9,192,146,10154,98,23,-9999,-9999,-9999
911,2017,2,9,10,207,132,10153,93,25,-9999,-9999,-9999
912,2017,2,9,11,230,131,10151,86,20,-9999,-9999,-9999
913,2017,2,9,12,242,129,10149,103,26,-9999,-9999,-9999
914,2017,2,9,13,250,133,10146,128,24,-9999,-9999,-9999
915,2017,2,9,14,256,135,10141,131,25,-9999,-9999,-9999
916,2017,2,9,15,270,145,10132,149,27,-9999,-9999,-9999
917,2017,2,9,16,257,138,10131,159,34,-9999,-9999,-9999
918,2017,2,9,17,275,150,10121,164,31,-9999,-9999,-9999
919,2017,2,9,18,257,149,10124,176,40,-9999,-9999,-9999
920,2017,2,9,19,255,152,10121,177,38,-9999,-9999,-9999
921,2017,2,9,20,241,149,10123,173,46,-9999,-9999,-9999
922,2017,2,9,21,232,150,10125,168,44,-9999,-9999,-9999
923,2017,2,9,22,217,153,10132,153,33,-9999,-9999,-9999
924,2017,2,9,23,215,156,10141,120,32,-9999,-9999,-9999
925,2017,2,10,0,211,157,10145,123,24,-9999,-9999,-9999
926,2017,2,10,1,205,155,10144,109,41,-9999,-9999,-9999
927,2017,2,10,2,206,158,10152,102,35,-9999,-9999,-9999
928,2017,2,10,3,202,156,10154,84,26,-9999,-9999,-9999
929,2017,2,10,4,205,157,10145,115,32,-9999,-9999,-9999
930,2017,2,10,5,205,157,10140,102,27,-9999,-9999,-9999
931,2017,2,10,6,202,154,10139,107,34,-9999,-9999,-9999
932,2017,2,10,7,201,153,10139,118,28,-9999,-9999,-9999
933,2017,2,10,8,200,150,10140,105,29,-9999,-9999,-9999
934,2017,2,10,9,197,152,10141,102,25,-9999,-9999,-9999
935,2017,2,10,10,201,154,10147,103,30,-9999,-9999,-9999
936,2017,2,10,11,206,157,10150,98,36,-9999,-9999,-9999
937,2017,2,10,12,225,159,10146,71,24,-9999,-9999,-9999
938,2017,2,10,13,231,157,10152,98,29,-9999,-9999,-9999
939,2017,2,10,14,246,154,10143,95,25,-9999,-9999,-9999
940,2017,2,10,15,257,155,10130,95,23,-9999,-9999,-9999
941,2017,2,10,16,275,161,10118,113,26,-9999,-9999,-9999
942,2017,2,10,17,287,160,10107,127,23,-9999,-9999,-9999
943,2017,2,10,18,287,162,10098,101,26,-9999,-9999,-9999
944,2017,2,10,19,271,172,10102,127,24,-9999,-9999,-9999
945,2017,2,10,20,247,183,10111,177,40,-9999,-9999,-9999
946,2017,2,10,21,242,181,10118,166,30,-9999,-9999,-9999
947,2017,2,10,22,231,178,10124,160,37,-9999,-9999,-9999
948,2017,2,10,23,230,180,10130,143,24,-9999,-9999,-9999
949,2017,2,11,0,227,175,10136,111,25,-9999,-9999,-9999
950,2017,2,11,1,226,177,10139,118,23,-9999,-9999,-9999
951,2017,2,11,2,225,174,10143,128,24,-9999,-9999,-9999
952,2017,2,11,3,225,174,10139,122,17,-9999,-9999,-9999
953,2017,2,11,4,222,177,10133,108,28,-9999,-9999,-9999
954,2017,2,11,5,220,179,10122,94,20,-9999,-9999,-9999
955,2017,2,11,6,217,180,10122,84,22,-9999,-9999,-9999
956,2017,2,11,7,215,180,10123,91,17,-9999,-9999,-9999
957,2017,2,11,8,212,180,10126,73,27,-9999,-9999,-9999
958,2017,2,11,9,210,179,10129,75,21,-9999,-9999,-9999
959,2017,2,11,10,222,179,10132,64,18,-9999,-9999,-9999
960,2017,2,11,11,231,175,10135,97,17,-9999,-9999,-9999
961,2017,2,11,12,257,171,10124,50,20,-9999,-9999,-9999
962,2017,2,11,13,276,156,10114,35,28,-9999,-9999,-9999
963,2017,2,11,14,300,161,10100,26,25,-9999,-9999,-9999
964,2017,2,11,15,297,145,10098,65,26,-9999,-9999,-9999
965,2017,2,11,16,286,155,10096,307,40,-9999,-9999,-9999
966,2017,2,11,17,302,132,10084,27,32,-9999,-9999,-9999
967,2017,2,11,18,311,142,10073,335,23,-9999,-9999,-9999
968,2017,2,11,19,305,135,10068,9,26,-9999,-9999,-9999
969,2017,2,11,20,300,138,10064,6,20,-9999,-9999,-9999
970,2017,2,11,21,267,198,10081,152,27,-9999,-9999,-9999
971,2017,2,11,22,252,199,10092,160,25,-9999,-9999,-9999
972,2017,2,11,23,242,196,10101,150,14,-9999,-9999,-9999
973,2017,2,12,0,247,168,10106,93,21,-9999,-9999,-9999
974,2017,2,12,1,242,185,10111,93,27,-9999,-9999,-9999
975,2017,2,12,2,235,182,10114,75,27,-9999,-9999,-9999
976,2017,2,12,3,227,181,10112,74,32,-9999,-9999,-9999
977,2017,2,12,4,225,182,10110,79,23,-9999,-9999,-9999
978,2017,2,12,5,222,182,10106,78,18,-9999,-9999,-9999
979,2017,2,12,6,221,182,10107,74,14,-9999,-9999,-9999
980,2017,2,12,7,217,180,10109,63,7,-9999,-9999,-9999
981,2017,2,12,8,216,176,10113,51,3,-9999,-9999,-9999
982,2017,2,12,9,216,178,10119,101,4,-9999,-9999,-9999
983,2017,2,12,10,245,184,10115,59,8,-9999,-9999,-9999
984,2017,2,12,11,261,163,10112,59,12,-9999,-9999,-9999
985,2017,2,12,12,267,162,10109,46,26,-9999,-9999,-9999
986,2017,2,12,13,285,158,10101,10,18,-9999,-9999,-9999
987,2017,2,12,14,295,155,10095,334,26,-9999,-9999,-9999
988,2017,2,12,15,306,167,10083,318,24,-9999,-9999,-9999
989,2017,2,12,16,311,144,10076,22,18,-9999,-9999,-9999
990,2017,2,12,17,297,145,10071,103,28,-9999,-9999,-9999
991,2017,2,12,18,302,134,10059,96,24,-9999,-9999,-9999
992,2017,2,12,19,297,146,10056,21,30,-9999,-9999,-9999
993,2017,2,12,20,265,186,10066,219,24,-9999,-9999,-9999
994,2017,2,12,21,261,181,10071,177,29,-9999,-9999,-9999
995,2017,2,12,22,252,175,10081,193,16,-9999,-9999,-9999
996,2017,2,12,23,252,178,10090,162,11,-9999,-9999,-9999
997,2017,2,13,0,255,175,10095,107,25,-9999,-9999,-9999
998,2017,2,13,1,255,176,10098,80,30,-9999,-9999,-9999
999,2017,2,13,2,251,175,10103,71,28,-9999,-9999,-9999
1000,2017,2,13,3,245,174,10106,58,20,-9999,-9999,-9999
1001,2017,2,13,4,236,173,10107,40,6,-9999,-9999,-9999
1002,2017,2,13,5,241,157,10102,41,15,-9999,-9999,-9999
1003,2017,2,13,6,236,148,10102,42,14,-9999,-9999,-9999
1004,2017,2,13,7,231,150,10104,61,6,-9999,-9999,-9999
1005,2017,2,13,8,227,147,10108,26,14,-9999,-9999,-9999
1006,2017,2,13,9,225,147,10116,27,13,-9999,-9999,-9999
1007,2017,2,13,10,245,150,10117,37,13,-9999,-9999,-9999
1008,2017,2,13,11,246,149,10122,33,19,-9999,-9999,-9999
1009,2017,2,13,12,267,154,10120,30,16,-9999,-9999,-9999
1010,2017,2,13,13,280,154,10116,47,25,-9999,-9999,-9999
1011,2017,2,13,14,280,143,10112,353,21,-9999,-9999,-9999
1012,2017,2,13,15,300,147,10101,2,25,-9999,-9999,-9999
1013,2017,2,13,16,310,137,10093,352,27,-9999,-9999,-9999
1014,2017,2,13,17,312,144,10086,29,28,-9999,-9999,-9999
1015,2017,2,13,18,302,132,10086,2,32,-9999,-9999,-9999
1016,2017,2,13,19,305,120,10083,350,27,-9999,-9999,-9999
1017,2017,2,13,20,302,117,10081,5,21,-9999,-9999,-9999
1018,2017,2,13,21,292,139,10087,58,24,-9999,-9999,-9999
1019,2017,2,13,22,272,174,10099,119,27,-9999,-9999,-9999
1020,2017,2,13,23,270,176,10109,117,19,-9999,-9999,-9999
1021,2017,2,14,0,260,181,10122,97,20,-9999,-9999,-9999
1022,2017,2,14,1,252,179,10131,87,27,-9999,-9999,-9999
1023,2017,2,14,2,247,168,10134,61,23,-9999,-9999,-9999
1024,2017,2,14,3,240,168,10135,69,13,-9999,-9999,-9999
1025,2017,2,14,4,235,169,10136,70,12,-9999,-9999,-9999
1026,2017,2,14,5,230,169,10137,81,15,-9999,-9999,-9999
1027,2017,2,14,6,226,169,10138,74,14,-9999,-9999,-9999
1028,2017,2,14,7,217,168,10145,68,9,-9999,-9999,-9999
1029,2017,2,14,8,216,169,10151,74,15,-9999,-9999,-9999
1030,2017,2,14,9,212,169,10161,93,13,-9999,-9999,-9999
1031,2017,2,14,10,222,170,10167,82,14,-9999,-9999,-9999
1032,2017,2,14,11,242,166,10166,83,21,-9999,-9999,-9999
1033,2017,2,14,12,257,156,10165,42,30,-9999,-9999,-9999
1034,2017,2,14,13,275,157,10161,36,26,-9999,-9999,-9999
1035,2017,2,14,14,282,148,10156,2,22,-9999,-9999,-9999
1036,2017,2,14,15,305,153,10147,21,21,-9999,-9999,-9999
1037,2017,2,14,16,302,141,10142,37,23,-9999,-9999,-9999
1038,2017,2,14,17,311,134,10134,13,19,-9999,-9999,-9999
1039,2017,2,14,18,317,124,10128,21,22,-9999,-9999,-9999
1040,2017,2,14,19,320,119,10124,355,17,-9999,-9999,-9999
1041,2017,2,14,20,310,95,10127,331,25,-9999,-9999,-9999
1042,2017,2,14,21,312,107,10131,110,6,-9999,-9999,-9999
1043,2017,2,14,22,275,179,10149,165,25,-9999,-9999,-9999
1044,2017,2,14,23,262,176,10164,146,19,-9999,-9999,-9999
1045,2017,2,15,0,260,168,10174,136,9,-9999,-9999,-9999
1046,2017,2,15,1,257,179,10178,110,21,-9999,-9999,-9999
1047,2017,2,15,2,252,175,10179,89,24,-9999,-9999,-9999
1048,2017,2,15,3,250,176,10178,68,28,-9999,-9999,-9999
1049,2017,2,15,4,241,176,10178,70,20,-9999,-9999,-9999
1050,2017,2,15,5,236,175,10176,64,19,-9999,-9999,-9999
1051,2017,2,15,6,235,173,10178,83,17,-9999,-9999,-9999
1052,2017,2,15,7,227,173,10181,77,18,-9999,-9999,-9999
1053,2017,2,15,8,225,171,10186,80,28,-9999,-9999,-9999
1054,2017,2,15,9,220,172,10193,78,24,-9999,-9999,-9999
1055,2017,2,15,10,236,177,10196,77,14,-9999,-9999,-9999
1056,2017,2,15,11,250,175,10196,139,7,-9999,-9999,-9999
1057,2017,2,15,12,270,166,10195,295,10,-9999,-9999,-9999
1058,2017,2,15,13,277,158,10192,264,9,-9999,-9999,-9999
1059,2017,2,15,14,285,144,10186,79,21,-9999,-9999,-9999
1060,2017,2,15,15,301,146,10174,72,12,-9999,-9999,-9999
1061,2017,2,15,16,305,150,10167,71,11,-9999,-9999,-9999
1062,2017,2,15,17,322,135,10155,220,15,-9999,-9999,-9999
1063,2017,2,15,18,305,157,10154,162,28,-9999,-9999,-9999
1064,2017,2,15,19,310,130,10147,134,27,-9999,-9999,-9999
1065,2017,2,15,20,295,151,10152,150,28,-9999,-9999,-9999
1066,2017,2,15,21,276,152,10160,144,32,-9999,-9999,-9999
1067,2017,2,15,22,260,166,10169,144,24,-9999,-9999,-9999
1068,2017,2,15,23,250,173,10178,167,23,-9999,-9999,-9999
1069,2017,2,16,0,245,173,10184,144,12,-9999,-9999,-9999
1070,2017,2,16,1,246,163,10185,114,14,-9999,-9999,-9999
1071,2017,2,16,2,240,168,10185,85,16,-9999,-9999,-9999
1072,2017,2,16,3,236,162,10183,92,14,-9999,-9999,-9999
1073,2017,2,16,4,232,163,10180,122,17,-9999,-9999,-9999
1074,2017,2,16,5,230,166,10174,93,12,-9999,-9999,-9999
1075,2017,2,16,6,225,170,10171,99,19,-9999,-9999,-9999
1076,2017,2,16,7,220,172,10175,72,17,-9999,-9999,-9999
1077,2017,2,16,8,212,172,10180,58,9,-9999,-9999,-9999
1078,2017,2,16,9,212,174,10181,56,7,-9999,-9999,-9999
1079,2017,2,16,10,236,175,10182,65,2,-9999,-9999,-9999
1080,2017,2,16,11,250,175,10181,96,11,-9999,-9999,-9999
1081,2017,2,16,12,265,161,10177,313,20,-9999,-9999,-9999
1082,2017,2,16,13,285,166,10167,332,22,-9999,-9999,-9999
1083,2017,2,16,14,291,166,10160,310,21,-9999,-9999,-9999
1084,2017,2,16,15,300,151,10153,326,20,-9999,-9999,-9999
1085,2017,2,16,16,312,158,10142,330,35,-9999,-9999,-9999
1086,2017,2,16,17,307,148,10135,291,21,-9999,-9999,-9999
1087,2017,2,16,18,287,190,10132,142,33,-9999,-9999,-9999
1088,2017,2,16,19,265,196,10146,130,26,-9999,-9999,-9999
1089,2017,2,16,20,257,188,10141,145,18,-9999,-9999,-9999
1090,2017,2,16,21,260,178,10135,154,24,-9999,-9999,-9999
1091,2017,2,16,22,256,172,10135,158,19,-9999,-9999,-9999
1092,2017,2,16,23,256,160,10137,115,25,-9999,-9999,-9999
1093,2017,2,17,0,251,156,10142,109,23,-9999,-9999,-9999
1094,2017,2,17,1,242,154,10148,107,22,-9999,-9999,-9999
1095,2017,2,17,2,240,167,10151,107,21,-9999,-9999,-9999
1096,2017,2,17,3,235,170,10150,99,12,-9999,-9999,-9999
1097,2017,2,17,4,230,167,10145,52,8,-9999,-9999,-9999
1098,2017,2,17,5,226,162,10139,85,17,-9999,-9999,-9999
1099,2017,2,17,6,222,159,10138,76,14,-9999,-9999,-9999
1100,2017,2,17,7,216,163,10138,76,12,-9999,-9999,-9999
1101,2017,2,17,8,212,164,10143,66,10,-9999,-9999,-9999
1102,2017,2,17,9,210,166,10150,55,7,-9999,-9999,-9999
1103,2017,2,17,10,230,167,10149,63,4,-9999,-9999,-9999
1104,2017,2,17,11,247,166,10146,84,7,-9999,-9999,-9999
1105,2017,2,17,12,266,162,10143,356,14,-9999,-9999,-9999
1106,2017,2,17,13,290,166,10132,10,20,-9999,-9999,-9999
1107,2017,2,17,14,305,163,10122,22,28,-9999,-9999,-9999
1108,2017,2,17,15,312,116,10116,248,33,-9999,-9999,-9999
1109,2017,2,17,16,315,139,10108,294,21,-9999,-9999,-9999
1110,2017,2,17,17,315,142,10102,322,28,-9999,-9999,-9999
1111,2017,2,17,18,322,116,10096,252,33,-9999,-9999,-9999
1112,2017,2,17,19,317,164,10093,181,30,-9999,-9999,-9999
1113,2017,2,17,20,296,175,10100,163,32,-9999,-9999,-9999
1114,2017,2,17,21,282,164,10111,145,24,-9999,-9999,-9999
1115,2017,2,17,22,270,165,10119,136,17,-9999,-9999,-9999
1116,2017,2,17,23,262,136,10131,191,1,-9999,-9999,-9999
1117,2017,2,18,0,261,140,10138,94,15,-9999,-9999,-9999
1118,2017,2,18,1,255,150,10145,81,16,-9999,-9999,-9999
1119,2017,2,18,2,250,142,10146,81,14,-9999,-9999,-9999
1120,2017,2,18,3,242,149,10147,17,0,-9999,-9999,-9999
1121,2017,2,18,4,240,147,10140,352,1,-9999,-9999,-9999
1122,2017,2,18,5,235,134,10133,351,6,-9999,-9999,-9999
1123,2017,2,18,6,227,132,10134,335,9,-9999,-9999,-9999
1124,2017,2,18,7,221,129,10130,32,10,-9999,-9999,-9999
1125,2017,2,18,8,217,135,10135,323,8,-9999,-9999,-9999
1126,2017,2,18,9,210,128,10140,293,4,-9999,-9999,-9999
1127,2017,2,18,10,245,144,10133,298,0,-9999,-9999,-9999
1128,2017,2,18,11,257,150,10135,138,1,-9999,-9999,-9999
1129,2017,2,18,12,266,142,10137,312,11,-9999,-9999,-9999
1130,2017,2,18,13,287,77,10131,342,20,-9999,-9999,-9999
1131,2017,2,18,14,296,100,10125,214,20,-9999,-9999,-9999
1132,2017,2,18,15,315,86,10117,276,23,-9999,-9999,-9999
1133,2017,2,18,16,312,107,10113,299,28,-9999,-9999,-9999
1134,2017,2,18,17,322,102,10102,262,27,-9999,-9999,-9999
1135,2017,2,18,18,330,115,10094,332,23,-9999,-9999,-9999
1136,2017,2,18,19,321,115,10096,310,21,-9999,-9999,-9999
1137,2017,2,18,20,300,161,10101,134,24,-9999,-9999,-9999
1138,2017,2,18,21,282,150,10111,153,31,-9999,-9999,-9999
1139,2017,2,18,22,272,118,10128,136,17,-9999,-9999,-9999
1140,2017,2,18,23,265,137,10137,117,20,-9999,-9999,-9999
1141,2017,2,19,0,262,87,10148,87,30,-9999,-9999,-9999
1142,2017,2,19,1,260,113,10155,107,4,-9999,-9999,-9999
1143,2017,2,19,2,255,146,10156,112,11,-9999,-9999,-9999
1144,2017,2,19,3,247,160,10154,70,5,-9999,-9999,-9999
1145,2017,2,19,4,247,145,10150,5,1,-9999,-9999,-9999
1146,2017,2,19,5,240,146,10147,68,3,-9999,-9999,-9999
1147,2017,2,19,6,232,153,10149,65,5,-9999,-9999,-9999
1148,2017,2,19,7,230,161,10147,69,3,-9999,-9999,-9999
1149,2017,2,19,8,230,165,10147,66,1,-9999,-9999,-9999
1150,2017,2,19,9,225,167,10154,77,8,-9999,-9999,-9999
1151,2017,2,19,10,242,169,10155,55,4,-9999,-9999,-9999
1152,2017,2,19,11,252,175,10156,207,6,-9999,-9999,-9999
1153,2017,2,19,12,271,169,10154,45,8,-9999,-9999,-9999
1154,2017,2,19,13,285,164,10151,345,12,-9999,-9999,-9999
1155,2017,2,19,14,310,153,10139,7,18,-9999,-9999,-9999
1156,2017,2,19,15,321,138,10133,13,19,-9999,-9999,-9999
1157,2017,2,19,16,325,133,10125,315,31,-9999,-9999,-9999
1158,2017,2,19,17,335,136,10115,311,19,-9999,-9999,-9999
1159,2017,2,19,18,322,136,10112,237,18,-9999,-9999,-9999
1160,2017,2,19,19,306,174,10114,165,28,-9999,-9999,-9999
1161,2017,2,19,20,305,179,10111,169,40,-9999,-9999,-9999
1162,2017,2,19,21,285,181,10122,155,24,-9999,-9999,-9999
1163,2017,2,19,22,260,168,10136,141,25,-9999,-9999,-9999
1164,2017,2,19,23,247,156,10148,144,22,-9999,-9999,-9999
1165,2017,2,20,0,250,162,10156,135,15,-9999,-9999,-9999
1166,2017,2,20,1,245,172,10163,119,24,-9999,-9999,-9999
1167,2017,2,20,2,242,169,10167,125,13,-9999,-9999,-9999
1168,2017,2,20,3,237,164,10166,121,19,-9999,-9999,-9999
1169,2017,2,20,4,236,162,10163,107,18,-9999,-9999,-9999
1170,2017,2,20,5,231,161,10160,106,20,-9999,-9999,-9999
1171,2017,2,20,6,226,160,10163,118,25,-9999,-9999,-9999
1172,2017,2,20,7,216,164,10166,93,19,-9999,-9999,-9999
1173,2017,2,20,8,215,168,10170,85,10,-9999,-9999,-9999
1174,2017,2,20,9,212,171,10175,85,13,-9999,-9999,-9999
1175,2017,2,20,10,232,177,10173,81,15,-9999,-9999,-9999
1176,2017,2,20,11,242,177,10174,99,21,-9999,-9999,-9999
1177,2017,2,20,12,272,176,10168,57,28,-9999,-9999,-9999
1178,2017,2,20,13,275,178,10172,105,26,-9999,-9999,-9999
1179,2017,2,20,14,297,169,10159,83,18,-9999,-9999,-9999
1180,2017,2,20,15,311,127,10148,59,18,-9999,-9999,-9999
1181,2017,2,20,16,325,85,10137,85,16,-9999,-9999,-9999
1182,2017,2,20,17,331,84,10128,152,22,-9999,-9999,-9999
1183,2017,2,20,18,282,182,10145,156,47,-9999,-9999,-9999
1184,2017,2,20,19,270,190,10152,134,26,-9999,-9999,-9999
1185,2017,2,20,20,261,183,10155,179,36,-9999,-9999,-9999
1186,2017,2,20,21,241,179,10162,170,35,-9999,-9999,-9999
1187,2017,2,20,22,232,174,10165,147,29,-9999,-9999,-9999
1188,2017,2,20,23,232,166,10171,122,34,-9999,-9999,-9999
1189,2017,2,21,0,230,164,10175,113,43,-9999,-9999,-9999
1190,2017,2,21,1,225,157,10177,105,38,-9999,-9999,-9999
1191,2017,2,21,2,221,157,10180,102,39,-9999,-9999,-9999
1192,2017,2,21,3,216,158,10180,98,26,-9999,-9999,-9999
1193,2017,2,21,4,212,160,10177,104,21,-9999,-9999,-9999
1194,2017,2,21,5,210,160,10170,106,22,-9999,-9999,-9999
1195,2017,2,21,6,205,162,10171,68,21,-9999,-9999,-9999
1196,2017,2,21,7,202,162,10169,96,25,-9999,-9999,-9999
1197,2017,2,21,8,200,164,10176,84,21,-9999,-9999,-9999
1198,2017,2,21,9,200,164,10180,97,19,-9999,-9999,-9999
1199,2017,2,21,10,217,169,10183,67,14,-9999,-9999,-9999
1200,2017,2,21,11,237,170,10184,92,15,-9999,-9999,-9999
1201,2017,2,21,12,247,167,10183,87,24,-9999,-9999,-9999
1202,2017,2,21,13,270,169,10175,71,21,-9999,-9999,-9999
1203,2017,2,21,14,285,156,10165,44,25,-9999,-9999,-9999
1204,2017,2,21,15,297,146,10155,59,25,-9999,-9999,-9999
1205,2017,2,21,16,306,133,10142,72,28,-9999,-9999,-9999
1206,2017,2,21,17,312,133,10135,65,24,-9999,-9999,-9999
1207,2017,2,21,18,305,172,10129,142,29,-9999,-9999,-9999
1208,2017,2,21,19,286,179,10134,157,42,-9999,-9999,-9999
1209,2017,2,21,20,280,179,10137,146,25,-9999,-9999,-9999
1210,2017,2,21,21,252,183,10148,150,27,-9999,-9999,-9999
1211,2017,2,21,22,237,179,10157,156,26,-9999,-9999,-9999
1212,2017,2,21,23,232,173,10160,124,22,-9999,-9999,-9999
1213,2017,2,22,0,225,175,10162,135,22,-9999,-9999,-9999
1214,2017,2,22,1,222,174,10166,117,25,-9999,-9999,-9999
1215,2017,2,22,2,220,174,10164,105,19,-9999,-9999,-9999
1216,2017,2,22,3,217,174,10164,104,22,-9999,-9999,-9999
1217,2017,2,22,5,212,170,10158,64,10,-9999,-9999,-9999
1218,2017,2,22,6,210,170,10156,76,13,-9999,-9999,-9999
1219,2017,2,22,7,207,171,10156,72,14,-9999,-9999,-9999
1220,2017,2,22,8,205,171,10159,74,13,-9999,-9999,-9999
1221,2017,2,22,9,207,172,10165,57,7,-9999,-9999,-9999
1222,2017,2,22,10,212,172,10170,81,14,-9999,-9999,-9999
1223,2017,2,22,11,237,171,10168,63,8,-9999,-9999,-9999
1224,2017,2,22,12,252,162,10166,73,11,-9999,-9999,-9999
1225,2017,2,22,13,276,162,10155,11,20,-9999,-9999,-9999
1226,2017,2,22,14,272,143,10153,308,22,-9999,-9999,-9999
1227,2017,2,22,15,295,136,10138,300,24,-9999,-9999,-9999
1228,2017,2,22,16,302,119,10127,225,19,-9999,-9999,-9999
1229,2017,2,22,17,317,122,10115,53,15,-9999,-9999,-9999
1230,2017,2,22,18,311,113,10109,96,15,-9999,-9999,-9999
1231,2017,2,22,19,296,144,10109,61,24,-9999,-9999,-9999
1232,2017,2,22,20,235,159,10136,254,29,-9999,-9999,-9999
1233,2017,2,22,21,222,172,10142,272,6,-9999,-9999,-9999
1234,2017,2,22,22,231,161,10139,84,9,-9999,-9999,-9999
1235,2017,2,22,23,235,168,10137,80,17,-9999,-9999,-9999
1236,2017,2,23,0,240,167,10142,76,13,-9999,-9999,-9999
1237,2017,2,23,1,235,165,10147,38,5,-9999,-9999,-9999
1238,2017,2,23,2,235,168,10149,107,6,-9999,-9999,-9999
1239,2017,2,23,3,235,169,10145,75,13,-9999,-9999,-9999
1240,2017,2,23,4,230,172,10146,359,1,-9999,-9999,-9999
1241,2017,2,23,5,225,166,10142,42,1,-9999,-9999,-9999
1242,2017,2,23,6,222,169,10140,29,4,-9999,-9999,-9999
1243,2017,2,23,7,220,171,10143,69,1,-9999,-9999,-9999
1244,2017,2,23,8,217,170,10147,38,0,-9999,-9999,-9999
1245,2017,2,23,9,217,164,10153,116,8,-9999,-9999,-9999
1246,2017,2,23,10,245,160,10150,75,10,-9999,-9999,-9999
1247,2017,2,23,11,265,154,10148,339,7,-9999,-9999,-9999
1248,2017,2,23,12,262,148,10153,323,28,-9999,-9999,-9999
1249,2017,2,23,13,282,152,10145,345,23,-9999,-9999,-9999
1250,2017,2,23,14,290,147,10138,342,32,-9999,-9999,-9999
1251,2017,2,23,15,311,144,10125,301,25,-9999,-9999,-9999
1252,2017,2,23,16,306,126,10118,322,32,-9999,-9999,-9999
1253,2017,2,23,17,321,121,10105,286,27,-9999,-9999,-9999
1254,2017,2,23,18,315,125,10095,360,21,-9999,-9999,-9999
1255,2017,2,23,19,320,122,10080,338,31,-9999,-9999,-9999
1256,2017,2,23,20,315,123,10078,333,28,-9999,-9999,-9999
1257,2017,2,23,21,295,144,10090,83,26,-9999,-9999,-9999
1258,2017,2,23,22,275,162,10104,121,17,-9999,-9999,-9999
1259,2017,2,23,23,266,164,10110,107,24,-9999,-9999,-9999
1260,2017,2,24,0,262,168,10119,117,23,-9999,-9999,-9999
1261,2017,2,24,1,260,177,10124,142,14,-9999,-9999,-9999
1262,2017,2,24,2,256,177,10125,113,18,-9999,-9999,-9999
1263,2017,2,24,3,252,179,10128,132,8,-9999,-9999,-9999
1264,2017,2,24,4,235,159,10129,171,35,-9999,-9999,-9999
1265,2017,2,24,5,227,171,10132,217,9,-9999,-9999,-9999
1266,2017,2,24,6,222,176,10124,169,23,-9999,-9999,-9999
1267,2017,2,24,7,221,179,10123,125,9,-9999,-9999,-9999
1268,2017,2,24,8,217,178,10126,80,15,-9999,-9999,-9999
1269,2017,2,24,9,217,178,10129,80,13,-9999,-9999,-9999
1270,2017,2,24,10,231,181,10130,81,18,-9999,-9999,-9999
1271,2017,2,24,11,250,175,10126,41,22,-9999,-9999,-9999
1272,2017,2,24,12,270,165,10125,14,16,-9999,-9999,-9999
1273,2017,2,24,13,282,151,10120,347,33,-9999,-9999,-9999
1274,2017,2,24,14,281,154,10119,305,40,-9999,-9999,-9999
1275,2017,2,24,15,290,160,10111,310,30,-9999,-9999,-9999
1276,2017,2,24,16,287,155,10109,312,30,-9999,-9999,-9999
1277,2017,2,24,17,276,183,10111,182,27,-9999,-9999,-9999
1278,2017,2,24,18,275,180,10099,206,21,-9999,-9999,-9999
1279,2017,2,24,19,282,164,10087,170,8,-9999,-9999,-9999
1280,2017,2,24,20,190,170,10139,357,46,-9999,-9999,-9999
1281,2017,2,24,21,186,168,10142,20,23,-9999,-9999,-9999
1282,2017,2,24,22,190,165,10151,233,11,-9999,-9999,-9999
1283,2017,2,24,23,187,166,10150,240,3,-9999,-9999,-9999
1284,2017,2,25,0,192,163,10149,358,17,-9999,-9999,-9999
1285,2017,2,25,1,195,159,10147,66,9,-9999,-9999,-9999
1286,2017,2,25,2,195,158,10146,54,11,-9999,-9999,-9999
1287,2017,2,25,3,197,157,10142,34,17,-9999,-9999,-9999
1288,2017,2,25,4,197,153,10135,227,1,-9999,-9999,-9999
1289,2017,2,25,5,201,154,10126,310,6,-9999,-9999,-9999
1290,2017,2,25,6,205,145,10119,281,13,-9999,-9999,-9999
1291,2017,2,25,7,201,150,10119,319,21,-9999,-9999,-9999
1292,2017,2,25,8,200,152,10121,327,24,-9999,-9999,-9999
1293,2017,2,25,9,202,152,10124,353,17,-9999,-9999,-9999
1294,2017,2,25,10,205,151,10131,330,18,-9999,-9999,-9999
1295,2017,2,25,11,210,154,10138,329,31,-9999,-9999,-9999
1296,2017,2,25,12,211,159,10143,325,32,-9999,-9999,-9999
1297,2017,2,25,13,216,167,10144,323,31,-9999,-9999,-9999
1298,2017,2,25,14,212,171,10146,329,26,-9999,-9999,-9999
1299,2017,2,25,15,222,173,10140,333,26,-9999,-9999,-9999
1300,2017,2,25,16,227,170,10133,331,29,-9999,-9999,-9999
1301,2017,2,25,17,217,167,10131,1,33,-9999,-9999,-9999
1302,2017,2,25,18,220,171,10123,358,17,-9999,-9999,-9999
1303,2017,2,25,19,226,160,10116,340,19,-9999,-9999,-9999
1304,2017,2,25,20,232,163,10107,30,9,-9999,-9999,-9999
1305,2017,2,25,21,227,163,10108,358,18,-9999,-9999,-9999
1306,2017,2,25,22,220,170,10115,22,2,-9999,-9999,-9999
1307,2017,2,25,23,217,173,10121,33,14,-9999,-9999,-9999
1308,2017,2,26,0,215,175,10129,30,11,-9999,-9999,-9999
1309,2017,2,26,1,212,175,10137,35,5,-9999,-9999,-9999
1310,2017,2,26,2,211,173,10138,30,12,-9999,-9999,-9999
1311,2017,2,26,3,210,173,10133,50,8,-9999,-9999,-9999
1312,2017,2,26,4,210,175,10130,46,4,-9999,-9999,-9999
1313,2017,2,26,5,210,176,10121,48,1,-9999,-9999,-9999
1314,2017,2,26,6,207,176,10118,45,6,-9999,-9999,-9999
1315,2017,2,26,7,202,175,10122,31,0,-9999,-9999,-9999
1316,2017,2,26,8,201,173,10126,341,0,-9999,-9999,-9999
1317,2017,2,26,10,227,178,10131,208,0,-9999,-9999,-9999
1318,2017,2,26,11,225,161,10138,319,0,-9999,-9999,-9999
1319,2017,2,26,12,231,157,10143,320,14,-9999,-9999,-9999
1320,2017,2,26,13,252,162,10133,15,25,-9999,-9999,-9999
1321,2017,2,26,14,255,160,10127,318,24,-9999,-9999,-9999
1322,2017,2,26,15,252,159,10123,334,28,-9999,-9999,-9999
1323,2017,2,26,16,262,160,10116,312,19,-9999,-9999,-9999
1324,2017,2,26,17,262,162,10108,279,12,-9999,-9999,-9999
1325,2017,2,26,18,225,184,10117,72,17,-9999,-9999,-9999
1326,2017,2,26,19,247,187,10108,140,29,-9999,-9999,-9999
1327,2017,2,26,20,222,164,10123,90,32,-9999,-9999,-9999
1328,2017,2,26,21,220,177,10127,41,20,-9999,-9999,-9999
1329,2017,2,26,22,217,176,10135,107,27,-9999,-9999,-9999
1330,2017,2,26,23,215,176,10137,319,3,-9999,-9999,-9999
1331,2017,2,27,0,215,176,10145,157,6,-9999,-9999,-9999
1332,2017,2,27,1,215,174,10146,99,12,-9999,-9999,-9999
1333,2017,2,27,2,210,178,10145,88,13,-9999,-9999,-9999
1334,2017,2,27,3,205,178,10142,43,3,-9999,-9999,-9999
1335,2017,2,27,4,202,177,10134,19,10,-9999,-9999,-9999
1336,2017,2,27,5,201,174,10128,68,1,-9999,-9999,-9999
1337,2017,2,27,6,205,174,10128,141,3,-9999,-9999,-9999
1338,2017,2,27,7,202,173,10127,141,0,-9999,-9999,-9999
1339,2017,2,27,8,200,169,10128,143,0,-9999,-9999,-9999
1340,2017,2,27,9,201,164,10128,292,11,-9999,-9999,-9999
1341,2017,2,27,10,215,169,10133,318,0,-9999,-9999,-9999
1342,2017,2,27,11,222,164,10132,301,17,-9999,-9999,-9999
1343,2017,2,27,12,237,161,10129,326,30,-9999,-9999,-9999
1344,2017,2,27,13,252,165,10127,322,21,-9999,-9999,-9999
1345,2017,2,27,14,260,168,10122,313,31,-9999,-9999,-9999
1346,2017,2,27,15,261,159,10114,312,29,-9999,-9999,-9999
1347,2017,2,27,16,270,160,10100,321,34,-9999,-9999,-9999
1348,2017,2,27,17,275,155,10092,288,28,-9999,-9999,-9999
1349,2017,2,27,18,252,181,10092,180,42,-9999,-9999,-9999
1350,2017,2,27,19,240,189,10096,184,28,-9999,-9999,-9999
1351,2017,2,27,20,236,183,10095,170,40,-9999,-9999,-9999
1352,2017,2,27,21,232,182,10099,129,20,-9999,-9999,-9999
1353,2017,2,27,22,225,178,10105,151,19,-9999,-9999,-9999
1354,2017,2,27,23,225,178,10114,122,22,-9999,-9999,-9999
1355,2017,2,28,0,221,175,10121,103,29,-9999,-9999,-9999
1356,2017,2,28,1,215,163,10129,99,18,-9999,-9999,-9999
1357,2017,2,28,2,212,168,10130,92,17,-9999,-9999,-9999
1358,2017,2,28,3,210,169,10124,86,17,-9999,-9999,-9999
1359,2017,2,28,4,206,172,10121,80,18,-9999,-9999,-9999
1360,2017,2,28,5,200,173,10117,74,20,-9999,-9999,-9999
1361,2017,2,28,6,200,174,10114,63,10,-9999,-9999,-9999
1362,2017,2,28,7,195,171,10113,76,9,-9999,-9999,-9999
1363,2017,2,28,8,192,172,10112,102,2,-9999,-9999,-9999
1364,2017,2,28,9,195,172,10114,117,1,-9999,-9999,-9999
1365,2017,2,28,10,212,178,10111,264,0,-9999,-9999,-9999
1366,2017,2,28,11,227,156,10113,328,28,-9999,-9999,-9999
1367,2017,2,28,12,252,169,10106,352,26,-9999,-9999,-9999
1368,2017,2,28,13,261,173,10101,303,22,-9999,-9999,-9999
1369,2017,2,28,14,257,167,10097,322,41,-9999,-9999,-9999
1370,2017,2,28,15,275,169,10085,309,44,-9999,-9999,-9999
1371,2017,2,28,16,275,162,10076,322,37,-9999,-9999,-9999
1372,2017,2,28,17,282,166,10066,335,42,-9999,-9999,-9999
1373,2017,2,28,18,292,159,10057,317,33,-9999,-9999,-9999
1374,2017,2,28,19,292,164,10047,315,43,-9999,-9999,-9999
1375,2017,2,28,20,290,166,10041,329,33,-9999,-9999,-9999
1376,2017,2,28,21,277,174,10044,354,23,-9999,-9999,-9999
1377,2017,2,28,22,267,175,10055,334,19,-9999,-9999,-9999
1378,2017,2,28,23,240,160,10075,69,17,-9999,-9999,-9999
1379,2017,3,1,0,240,170,10080,360,6,-9999,-9999,-9999
1380,2017,3,1,1,241,174,10087,333,1,-9999,-9999,-9999
1381,2017,3,1,2,237,177,10092,45,4,-9999,-9999,-9999
1382,2017,3,1,3,235,176,10091,37,13,-9999,-9999,-9999
1383,2017,3,1,4,235,174,10086,56,7,-9999,-9999,-9999
1384,2017,3,1,5,235,177,10080,41,12,-9999,-9999,-9999
1385,2017,3,1,6,230,176,10076,41,3,-9999,-9999,-9999
1386,2017,3,1,7,225,179,10080,103,14,-9999,-9999,-9999
1387,2017,3,1,8,215,180,10083,82,7,-9999,-9999,-9999
1388,2017,3,1,9,212,177,10089,82,12,-9999,-9999,-9999
1389,2017,3,1,10,232,186,10091,237,2,-9999,-9999,-9999
1390,2017,3,1,11,242,155,10095,309,24,-9999,-9999,-9999
1391,2017,3,1,12,256,165,10096,340,29,-9999,-9999,-9999
1392,2017,3,1,13,265,172,10094,338,52,-9999,-9999,-9999
1393,2017,3,1,14,275,175,10092,307,54,-9999,-9999,-9999
1394,2017,3,1,15,285,174,10087,327,48,-9999,-9999,-9999
1395,2017,3,1,16,287,169,10080,312,46,-9999,-9999,-9999
1396,2017,3,1,17,302,165,10066,360,35,-9999,-9999,-9999
1397,2017,3,1,18,297,162,10060,350,29,-9999,-9999,-9999
1398,2017,3,1,19,292,158,10056,357,29,-9999,-9999,-9999
1399,2017,3,1,20,287,167,10056,335,19,-9999,-9999,-9999
1400,2017,3,1,21,285,173,10062,347,14,-9999,-9999,-9999
1401,2017,3,1,22,276,175,10071,4,18,-9999,-9999,-9999
1402,2017,3,1,23,271,177,10084,10,17,-9999,-9999,-9999
1403,2017,3,2,0,256,174,10094,5,24,-9999,-9999,-9999
1404,2017,3,2,1,251,171,10107,338,28,-9999,-9999,-9999
1405,2017,3,2,2,245,173,10109,345,18,-9999,-9999,-9999
1406,2017,3,2,3,245,167,10109,342,31,-9999,-9999,-9999
1407,2017,3,2,4,237,171,10111,302,12,-9999,-9999,-9999
1408,2017,3,2,5,240,170,10108,325,14,-9999,-9999,-9999
1409,2017,3,2,6,241,168,10106,15,15,-9999,-9999,-9999
1410,2017,3,2,7,237,167,10108,334,15,-9999,-9999,-9999
1411,2017,3,2,8,232,169,10113,334,12,-9999,-9999,-9999
1412,2017,3,2,9,230,171,10117,14,12,-9999,-9999,-9999
1413,2017,3,2,10,235,172,10120,10,22,-9999,-9999,-9999
1414,2017,3,2,11,237,172,10124,324,17,-9999,-9999,-9999
1415,2017,3,2,12,250,176,10125,332,35,-9999,-9999,-9999
1416,2017,3,2,13,267,184,10123,331,24,-9999,-9999,-9999
1417,2017,3,2,14,262,178,10123,318,47,-9999,-9999,-9999
1418,2017,3,2,15,270,184,10116,314,43,-9999,-9999,-9999
1419,2017,3,2,16,276,172,10104,314,34,-9999,-9999,-9999
1420,2017,3,2,17,267,174,10104,334,41,-9999,-9999,-9999
1421,2017,3,2,18,276,171,10092,318,43,-9999,-9999,-9999
1422,2017,3,2,19,281,176,10093,327,14,-9999,-9999,-9999
1423,2017,3,2,20,272,182,10097,352,15,-9999,-9999,-9999
1424,2017,3,2,21,265,188,10103,16,18,-9999,-9999,-9999
1425,2017,3,2,22,257,179,10113,13,21,-9999,-9999,-9999
1426,2017,3,2,23,231,171,10128,27,36,-9999,-9999,-9999
1427,2017,3,3,0,217,177,10147,89,17,-9999,-9999,-9999
1428,2017,3,3,1,217,177,10154,71,8,-9999,-9999,-9999
1429,2017,3,3,2,220,174,10154,69,14,-9999,-9999,-9999
1430,2017,3,3,3,220,168,10152,42,11,-9999,-9999,-9999
1431,2017,3,3,4,212,178,10151,66,25,-9999,-9999,-9999
1432,2017,3,3,5,207,181,10149,32,9,-9999,-9999,-9999
1433,2017,3,3,6,205,185,10143,51,12,-9999,-9999,-9999
1434,2017,3,3,7,205,184,10147,36,13,-9999,-9999,-9999
1435,2017,3,3,8,202,185,10144,60,14,-9999,-9999,-9999
1436,2017,3,3,9,206,187,10144,35,11,-9999,-9999,-9999
1437,2017,3,3,10,212,188,10146,35,7,-9999,-9999,-9999
1438,2017,3,3,11,222,192,10149,141,0,-9999,-9999,-9999
1439,2017,3,3,12,230,183,10153,331,24,-9999,-9999,-9999
1440,2017,3,3,13,236,181,10152,309,34,-9999,-9999,-9999
1441,2017,3,3,14,225,184,10156,336,26,-9999,-9999,-9999
1442,2017,3,3,15,230,190,10150,319,17,-9999,-9999,-9999
1443,2017,3,3,16,257,197,10129,316,8,-9999,-9999,-9999
1444,2017,3,3,17,265,189,10122,304,39,-9999,-9999,-9999
1445,2017,3,3,18,265,184,10111,290,25,-9999,-9999,-9999
1446,2017,3,3,19,260,182,10113,286,16,-9999,-9999,-9999
1447,2017,3,3,20,272,178,10112,6,17,-9999,-9999,-9999
1448,2017,3,3,21,222,191,10130,313,37,-9999,-9999,-9999
1449,2017,3,3,22,220,193,10133,45,18,-9999,-9999,-9999
1450,2017,3,3,23,215,187,10142,41,21,-9999,-9999,-9999
1451,2017,3,4,0,215,185,10147,67,13,-9999,-9999,-9999
1452,2017,3,4,1,215,185,10150,20,4,-9999,-9999,-9999
1453,2017,3,4,2,215,183,10149,52,12,-9999,-9999,-9999
1454,2017,3,4,3,212,183,10149,290,12,-9999,-9999,-9999
1455,2017,3,4,4,210,186,10142,293,17,-9999,-9999,-9999
1456,2017,3,4,5,212,187,10127,31,13,-9999,-9999,-9999
1457,2017,3,4,6,210,183,10124,129,0,-9999,-9999,-9999
1458,2017,3,4,7,212,182,10118,2,10,-9999,-9999,-9999
1459,2017,3,4,8,211,180,10117,332,27,-9999,-9999,-9999
1460,2017,3,4,9,210,182,10121,333,21,-9999,-9999,-9999
1461,2017,3,4,10,215,181,10124,320,30,-9999,-9999,-9999
1462,2017,3,4,11,222,185,10125,336,19,-9999,-9999,-9999
1463,2017,3,4,12,230,182,10124,321,38,-9999,-9999,-9999
1464,2017,3,4,13,242,184,10120,319,38,-9999,-9999,-9999
1465,2017,3,4,14,255,179,10108,322,56,-9999,-9999,-9999
1466,2017,3,4,15,272,181,10096,318,36,-9999,-9999,-9999
1467,2017,3,4,16,272,180,10090,310,41,-9999,-9999,-9999
1468,2017,3,4,17,277,176,10079,324,33,-9999,-9999,-9999
1469,2017,3,4,18,282,176,10072,287,43,-9999,-9999,-9999
1470,2017,3,4,19,266,183,10071,288,38,-9999,-9999,-9999
1471,2017,3,4,20,265,182,10072,346,37,-9999,-9999,-9999
1472,2017,3,4,21,255,178,10074,321,24,-9999,-9999,-9999
1473,2017,3,4,22,246,181,10084,308,34,-9999,-9999,-9999
1474,2017,3,4,23,232,177,10099,305,45,-9999,-9999,-9999
1475,2017,3,5,0,230,172,10104,314,23,-9999,-9999,-9999
1476,2017,3,5,1,230,182,10103,325,25,-9999,-9999,-9999
1477,2017,3,5,2,226,188,10105,26,7,-9999,-9999,-9999
1478,2017,3,5,3,226,186,10105,348,10,-9999,-9999,-9999
1479,2017,3,5,4,226,186,10102,9,10,-9999,-9999,-9999
1480,2017,3,5,5,222,182,10094,344,17,-9999,-9999,-9999
1481,2017,3,5,6,221,180,10088,300,35,-9999,-9999,-9999
1482,2017,3,5,7,220,181,10087,307,40,-9999,-9999,-9999
1483,2017,3,5,8,217,181,10088,309,39,-9999,-9999,-9999
1484,2017,3,5,9,216,180,10091,307,37,-9999,-9999,-9999
1485,2017,3,5,10,217,184,10096,320,31,-9999,-9999,-9999
1486,2017,3,5,11,222,185,10100,317,31,-9999,-9999,-9999
1487,2017,3,5,12,230,187,10102,327,27,-9999,-9999,-9999
1488,2017,3,5,13,235,188,10104,299,34,-9999,-9999,-9999
1489,2017,3,5,14,237,191,10104,295,40,-9999,-9999,-9999
1490,2017,3,5,15,252,190,10094,300,34,-9999,-9999,-9999
1491,2017,3,5,16,272,187,10077,311,32,-9999,-9999,-9999
1492,2017,3,5,17,280,188,10066,314,36,-9999,-9999,-9999
1493,2017,3,5,18,252,191,10069,310,55,-9999,-9999,-9999
1494,2017,3,5,19,251,191,10066,320,33,-9999,-9999,-9999
1495,2017,3,5,20,245,186,10078,300,23,-9999,-9999,-9999
1496,2017,3,5,21,245,186,10082,129,12,-9999,-9999,-9999
1497,2017,3,5,22,225,189,10100,215,28,-9999,-9999,-9999
1498,2017,3,5,23,202,187,10112,240,5,-9999,-9999,-9999
1499,2017,3,6,0,211,195,10115,256,12,-9999,-9999,-9999
1500,2017,3,6,1,211,193,10116,159,6,-9999,-9999,-9999
1501,2017,3,6,2,210,188,10110,112,5,-9999,-9999,-9999
1502,2017,3,6,3,211,189,10111,99,8,-9999,-9999,-9999
1503,2017,3,6,4,212,190,10112,47,6,-9999,-9999,-9999
1504,2017,3,6,5,212,193,10104,89,5,-9999,-9999,-9999
1505,2017,3,6,6,212,193,10104,202,2,-9999,-9999,-9999
1506,2017,3,6,7,215,193,10102,197,0,-9999,-9999,-9999
1507,2017,3,6,8,215,192,10108,156,4,-9999,-9999,-9999
1508,2017,3,6,9,215,193,10114,124,2,-9999,-9999,-9999
1509,2017,3,6,10,221,196,10117,48,5,-9999,-9999,-9999
1510,2017,3,6,11,230,194,10119,81,19,-9999,-9999,-9999
1511,2017,3,6,12,241,198,10122,87,17,-9999,-9999,-9999
1512,2017,3,6,13,255,201,10122,68,11,-9999,-9999,-9999
1513,2017,3,6,14,262,187,10119,107,16,-9999,-9999,-9999
1514,2017,3,6,15,272,188,10107,64,15,-9999,-9999,-9999
1515,2017,3,6,16,217,196,10125,187,23,-9999,-9999,-9999
1516,2017,3,6,17,217,203,10119,349,14,-9999,-9999,-9999
1517,2017,3,6,18,220,202,10125,94,17,-9999,-9999,-9999
1518,2017,3,6,19,217,199,10123,82,7,-9999,-9999,-9999
1519,2017,3,6,20,220,200,10120,73,5,-9999,-9999,-9999
1520,2017,3,6,21,220,198,10132,80,11,-9999,-9999,-9999
1521,2017,3,6,22,217,195,10132,100,15,-9999,-9999,-9999
1522,2017,3,6,23,216,193,10137,99,24,-9999,-9999,-9999
1523,2017,3,7,0,210,184,10144,69,15,-9999,-9999,-9999
1524,2017,3,7,1,210,184,10151,76,9,-9999,-9999,-9999
1525,2017,3,7,2,210,184,10149,61,5,-9999,-9999,-9999
1526,2017,3,7,3,207,185,10151,98,8,-9999,-9999,-9999
1527,2017,3,7,4,207,184,10149,67,0,-9999,-9999,-9999
1528,2017,3,7,5,210,186,10140,121,1,-9999,-9999,-9999
1529,2017,3,7,6,207,186,10136,63,10,-9999,-9999,-9999
1530,2017,3,7,7,205,183,10137,61,7,-9999,-9999,-9999
1531,2017,3,7,8,205,183,10135,51,8,-9999,-9999,-9999
1532,2017,3,7,9,205,181,10139,108,15,-9999,-9999,-9999
1533,2017,3,7,10,206,183,10145,111,22,-9999,-9999,-9999
1534,2017,3,7,11,217,186,10148,86,19,-9999,-9999,-9999
1535,2017,3,7,12,237,188,10147,82,16,-9999,-9999,-9999
1536,2017,3,7,13,252,190,10145,82,14,-9999,-9999,-9999
1537,2017,3,7,14,262,188,10140,97,20,-9999,-9999,-9999
1538,2017,3,7,15,272,178,10132,97,17,-9999,-9999,-9999
1539,2017,3,7,16,295,174,10117,68,19,-9999,-9999,-9999
1540,2017,3,7,17,282,194,10113,165,36,-9999,-9999,-9999
1541,2017,3,7,18,275,195,10111,136,32,-9999,-9999,-9999
1542,2017,3,7,19,256,185,10119,138,34,-9999,-9999,-9999
1543,2017,3,7,20,255,188,10124,141,26,-9999,-9999,-9999
1544,2017,3,7,23,195,183,10167,199,20,-9999,-9999,-9999
1545,2017,3,8,0,196,185,10165,124,14,-9999,-9999,-9999
1546,2017,3,8,1,206,194,10161,83,23,-9999,-9999,-9999
1547,2017,3,8,2,206,194,10163,124,23,-9999,-9999,-9999
1548,2017,3,8,3,200,184,10166,127,11,-9999,-9999,-9999
1549,2017,3,8,4,202,189,10156,63,9,-9999,-9999,-9999
1550,2017,3,8,5,206,193,10151,101,20,-9999,-9999,-9999
1551,2017,3,8,6,207,195,10144,101,15,-9999,-9999,-9999
1552,2017,3,8,7,210,196,10145,114,21,-9999,-9999,-9999
1553,2017,3,8,8,210,193,10145,118,19,-9999,-9999,-9999
1554,2017,3,8,9,210,191,10148,107,24,-9999,-9999,-9999
1555,2017,3,8,10,211,188,10154,103,26,-9999,-9999,-9999
1556,2017,3,8,11,215,187,10158,95,32,-9999,-9999,-9999
1557,2017,3,8,12,217,188,10162,93,27,-9999,-9999,-9999
1558,2017,3,8,13,240,192,10157,80,30,-9999,-9999,-9999
1559,2017,3,8,14,252,190,10146,78,27,-9999,-9999,-9999
1560,2017,3,8,15,255,191,10139,96,19,-9999,-9999,-9999
1561,2017,3,8,16,276,189,10123,97,22,-9999,-9999,-9999
1562,2017,3,8,17,276,178,10116,123,21,-9999,-9999,-9999
1563,2017,3,8,18,271,177,10109,111,29,-9999,-9999,-9999
1564,2017,3,8,19,257,191,10115,128,29,-9999,-9999,-9999
1565,2017,3,8,20,250,194,10121,147,26,-9999,-9999,-9999
1566,2017,3,8,21,236,192,10128,154,31,-9999,-9999,-9999
1567,2017,3,8,22,232,190,10139,115,32,-9999,-9999,-9999
1568,2017,3,8,23,227,187,10143,113,33,-9999,-9999,-9999
1569,2017,3,9,0,227,187,10150,106,24,-9999,-9999,-9999
1570,2017,3,9,1,225,187,10149,91,28,-9999,-9999,-9999
1571,2017,3,9,2,221,185,10147,79,31,-9999,-9999,-9999
1572,2017,3,9,3,217,185,10145,93,28,-9999,-9999,-9999
1573,2017,3,9,4,216,184,10143,100,33,-9999,-9999,-9999
1574,2017,3,9,5,215,183,10142,96,34,-9999,-9999,-9999
1575,2017,3,9,6,212,185,10134,88,29,-9999,-9999,-9999
1576,2017,3,9,7,212,183,10131,69,32,-9999,-9999,-9999
1577,2017,3,9,8,210,184,10133,66,22,-9999,-9999,-9999
1578,2017,3,9,9,207,181,10135,72,22,-9999,-9999,-9999
1579,2017,3,9,10,212,181,10139,77,29,-9999,-9999,-9999
1580,2017,3,9,11,220,180,10145,77,32,-9999,-9999,-9999
1581,2017,3,9,12,235,181,10139,92,29,-9999,-9999,-9999
1582,2017,3,9,13,247,181,10137,99,29,-9999,-9999,-9999
1583,2017,3,9,14,261,184,10127,87,25,-9999,-9999,-9999
1584,2017,3,9,15,282,189,10112,71,21,-9999,-9999,-9999
1585,2017,3,9,16,290,164,10103,338,20,-9999,-9999,-9999
1586,2017,3,9,17,291,173,10097,14,20,-9999,-9999,-9999
1587,2017,3,9,18,310,164,10080,5,27,-9999,-9999,-9999
1588,2017,3,9,19,302,160,10077,307,32,-9999,-9999,-9999
1589,2017,3,9,20,302,167,10077,325,19,-9999,-9999,-9999
1590,2017,3,9,21,275,203,10094,168,26,-9999,-9999,-9999
1591,2017,3,9,22,251,201,10103,166,19,-9999,-9999,-9999
1592,2017,3,9,23,250,192,10107,107,6,-9999,-9999,-9999
1593,2017,3,10,0,247,195,10116,47,4,-9999,-9999,-9999
1594,2017,3,10,1,246,195,10121,56,1,-9999,-9999,-9999
1595,2017,3,10,2,242,198,10123,79,3,-9999,-9999,-9999
1596,2017,3,10,3,237,198,10121,57,4,-9999,-9999,-9999
1597,2017,3,10,4,235,197,10121,70,14,-9999,-9999,-9999
1598,2017,3,10,5,230,196,10116,41,7,-9999,-9999,-9999
1599,2017,3,10,6,225,195,10121,52,2,-9999,-9999,-9999
1600,2017,3,10,7,222,195,10121,63,1,-9999,-9999,-9999
1601,2017,3,10,8,220,194,10128,62,4,-9999,-9999,-9999
1602,2017,3,10,9,217,190,10133,164,5,-9999,-9999,-9999
1603,2017,3,10,10,235,189,10137,108,6,-9999,-9999,-9999
1604,2017,3,10,11,255,181,10137,77,3,-9999,-9999,-9999
1605,2017,3,10,12,277,181,10130,48,4,-9999,-9999,-9999
1606,2017,3,10,13,280,170,10132,342,29,-9999,-9999,-9999
1607,2017,3,10,14,287,173,10128,294,26,-9999,-9999,-9999
1608,2017,3,10,15,296,170,10121,305,38,-9999,-9999,-9999
1609,2017,3,10,16,301,174,10112,321,32,-9999,-9999,-9999
1610,2017,3,10,17,302,174,10105,308,24,-9999,-9999,-9999
1611,2017,3,10,18,302,179,10099,328,22,-9999,-9999,-9999
1612,2017,3,10,19,305,178,10090,360,18,-9999,-9999,-9999
1613,2017,3,10,20,255,173,10110,107,57,-9999,-9999,-9999
1614,2017,3,10,22,225,184,10150,33,18,-9999,-9999,-9999
1615,2017,3,10,23,227,184,10149,337,0,-9999,-9999,-9999
1616,2017,3,11,0,236,187,10158,237,23,-9999,-9999,-9999
1617,2017,3,11,1,235,188,10146,3,6,-9999,-9999,-9999
1618,2017,3,11,2,232,183,10142,30,6,-9999,-9999,-9999
1619,2017,3,11,3,230,186,10136,75,11,-9999,-9999,-9999
1620,2017,3,11,4,222,187,10132,84,9,-9999,-9999,-9999
1621,2017,3,11,5,221,190,10133,213,0,-9999,-9999,-9999
1622,2017,3,11,6,230,187,10130,183,4,-9999,-9999,-9999
1623,2017,3,11,7,230,197,10130,172,16,-9999,-9999,-9999
1624,2017,3,11,8,226,196,10136,190,8,-9999,-9999,-9999
1625,2017,3,11,9,225,194,10144,194,8,-9999,-9999,-9999
1626,2017,3,11,10,227,194,10147,263,0,-9999,-9999,-9999
1627,2017,3,11,11,242,199,10147,71,8,-9999,-9999,-9999
1628,2017,3,11,12,252,189,10150,98,16,-9999,-9999,-9999
1629,2017,3,11,13,275,190,10144,99,14,-9999,-9999,-9999
1630,2017,3,11,14,285,182,10141,69,16,-9999,-9999,-9999
1631,2017,3,11,15,287,174,10132,108,23,-9999,-9999,-9999
1632,2017,3,11,16,300,167,10122,97,19,-9999,-9999,-9999
1633,2017,3,11,17,300,148,10114,125,22,-9999,-9999,-9999
1634,2017,3,11,18,296,163,10109,135,18,-9999,-9999,-9999
1635,2017,3,11,19,265,209,10122,123,30,-9999,-9999,-9999
1636,2017,3,11,20,251,195,10130,186,33,-9999,-9999,-9999
1637,2017,3,11,21,247,194,10133,170,36,-9999,-9999,-9999
1638,2017,3,11,22,241,191,10141,143,24,-9999,-9999,-9999
1639,2017,3,11,23,236,190,10151,171,26,-9999,-9999,-9999
1640,2017,3,12,0,237,189,10158,130,20,-9999,-9999,-9999
1641,2017,3,12,1,237,191,10161,133,16,-9999,-9999,-9999
1642,2017,3,12,2,232,189,10158,119,28,-9999,-9999,-9999
1643,2017,3,12,3,227,186,10155,97,21,-9999,-9999,-9999
1644,2017,3,12,4,222,188,10150,94,29,-9999,-9999,-9999
1645,2017,3,12,5,220,186,10142,100,28,-9999,-9999,-9999
1646,2017,3,12,6,217,185,10135,100,19,-9999,-9999,-9999
1647,2017,3,12,7,216,185,10134,75,20,-9999,-9999,-9999
1648,2017,3,12,8,211,185,10134,85,20,-9999,-9999,-9999
1649,2017,3,12,9,210,185,10135,88,10,-9999,-9999,-9999
1650,2017,3,12,10,225,191,10137,52,6,-9999,-9999,-9999
1651,2017,3,12,11,235,185,10138,86,11,-9999,-9999,-9999
1652,2017,3,12,12,267,178,10124,34,19,-9999,-9999,-9999
1653,2017,3,12,13,277,163,10118,345,25,-9999,-9999,-9999
1654,2017,3,12,14,292,153,10113,357,29,-9999,-9999,-9999
1655,2017,3,12,15,302,158,10107,298,27,-9999,-9999,-9999
1656,2017,3,12,16,302,145,10104,302,44,-9999,-9999,-9999
1657,2017,3,12,17,306,149,10098,296,42,-9999,-9999,-9999
1658,2017,3,12,18,302,143,10086,308,37,-9999,-9999,-9999
1659,2017,3,12,19,300,151,10081,303,41,-9999,-9999,-9999
1660,2017,3,12,20,306,149,10078,303,29,-9999,-9999,-9999
1661,2017,3,12,21,296,149,10086,311,24,-9999,-9999,-9999
1662,2017,3,12,22,282,158,10092,329,13,-9999,-9999,-9999
1663,2017,3,12,23,275,162,10100,341,16,-9999,-9999,-9999
1664,2017,3,13,0,267,167,10110,342,10,-9999,-9999,-9999
1665,2017,3,13,1,266,172,10117,281,10,-9999,-9999,-9999
1666,2017,3,13,2,261,176,10116,305,17,-9999,-9999,-9999
1667,2017,3,13,3,222,186,10140,187,37,-9999,-9999,-9999
1668,2017,3,13,4,221,185,10132,167,12,-9999,-9999,-9999
1669,2017,3,13,5,221,185,10124,67,18,-9999,-9999,-9999
1670,2017,3,13,6,217,187,10112,43,24,-9999,-9999,-9999
1671,2017,3,13,7,217,184,10109,47,9,-9999,-9999,-9999
1672,2017,3,13,8,217,183,10118,118,12,-9999,-9999,-9999
1673,2017,3,13,9,215,181,10126,97,18,-9999,-9999,-9999
1674,2017,3,13,10,220,182,10137,121,15,-9999,-9999,-9999
1675,2017,3,13,11,222,180,10144,122,15,-9999,-9999,-9999
1676,2017,3,13,12,235,181,10146,150,12,-9999,-9999,-9999
1677,2017,3,13,13,242,172,10145,150,18,-9999,-9999,-9999
1678,2017,3,13,14,250,166,10142,140,19,-9999,-9999,-9999
1679,2017,3,13,15,251,165,10138,114,21,-9999,-9999,-9999
1680,2017,3,13,16,246,176,10134,169,29,-9999,-9999,-9999
1681,2017,3,13,17,252,169,10127,154,23,-9999,-9999,-9999
1682,2017,3,13,18,250,171,10123,166,24,-9999,-9999,-9999
1683,2017,3,13,19,235,181,10127,139,27,-9999,-9999,-9999
1684,2017,3,13,20,230,181,10132,137,22,-9999,-9999,-9999
1685,2017,3,13,21,217,179,10141,142,30,-9999,-9999,-9999
1686,2017,3,13,22,215,176,10147,149,26,-9999,-9999,-9999
1687,2017,3,13,23,212,175,10154,156,34,-9999,-9999,-9999
1688,2017,3,14,0,210,173,10164,156,28,-9999,-9999,-9999
1689,2017,3,14,1,212,171,10167,130,19,-9999,-9999,-9999
1690,2017,3,14,2,210,171,10167,119,28,-9999,-9999,-9999
1691,2017,3,14,3,207,174,10166,123,26,-9999,-9999,-9999
1692,2017,3,14,4,202,179,10162,126,23,-9999,-9999,-9999
1693,2017,3,14,5,200,171,10157,119,35,-9999,-9999,-9999
1694,2017,3,14,6,200,171,10153,112,32,-9999,-9999,-9999
1695,2017,3,14,7,200,170,10152,99,35,-9999,-9999,-9999
1696,2017,3,14,8,200,168,10155,118,35,-9999,-9999,-9999
1697,2017,3,14,9,197,169,10158,159,30,-9999,-9999,-9999
1698,2017,3,14,10,200,170,10163,116,21,-9999,-9999,-9999
1699,2017,3,14,11,207,170,10167,108,32,-9999,-9999,-9999
1700,2017,3,14,12,211,174,10170,121,24,-9999,-9999,-9999
1701,2017,3,14,13,220,176,10169,124,21,-9999,-9999,-9999
1702,2017,3,14,14,235,177,10160,103,24,-9999,-9999,-9999
1703,2017,3,14,15,247,176,10151,103,21,-9999,-9999,-9999
1704,2017,3,14,16,242,184,10147,153,31,-9999,-9999,-9999
1705,2017,3,14,17,247,179,10139,160,27,-9999,-9999,-9999
1706,2017,3,14,18,257,186,10129,148,25,-9999,-9999,-9999
1707,2017,3,14,19,237,180,10132,161,35,-9999,-9999,-9999
1708,2017,3,14,20,227,178,10145,144,28,-9999,-9999,-9999
1709,2017,3,14,21,216,151,10149,100,34,-9999,-9999,-9999
1710,2017,3,14,22,207,161,10157,100,21,-9999,-9999,-9999
1711,2017,3,14,23,210,170,10162,99,17,-9999,-9999,-9999
1712,2017,3,15,0,205,177,10168,92,18,-9999,-9999,-9999
1713,2017,3,15,1,202,181,10170,92,14,-9999,-9999,-9999
1714,2017,3,15,2,205,182,10171,144,7,-9999,-9999,-9999
1715,2017,3,15,3,202,181,10169,99,19,-9999,-9999,-9999
1716,2017,3,15,4,207,186,10165,96,20,-9999,-9999,-9999
1717,2017,3,15,5,207,185,10160,105,25,-9999,-9999,-9999
1718,2017,3,15,6,207,182,10153,96,27,-9999,-9999,-9999
1719,2017,3,15,7,206,177,10153,81,34,-9999,-9999,-9999
1720,2017,3,15,8,202,174,10158,69,24,-9999,-9999,-9999
1721,2017,3,15,9,200,174,10164,83,16,-9999,-9999,-9999
1722,2017,3,15,10,202,172,10170,65,23,-9999,-9999,-9999
1723,2017,3,15,11,207,173,10173,84,33,-9999,-9999,-9999
1724,2017,3,15,12,215,172,10172,80,33,-9999,-9999,-9999
1725,2017,3,15,13,237,176,10163,97,30,-9999,-9999,-9999
1726,2017,3,15,14,252,174,10156,92,29,-9999,-9999,-9999
1727,2017,3,15,15,276,176,10145,79,23,-9999,-9999,-9999
1728,2017,3,15,16,275,170,10137,92,24,-9999,-9999,-9999
1729,2017,3,15,17,270,166,10134,93,29,-9999,-9999,-9999
1730,2017,3,15,18,275,160,10125,97,31,-9999,-9999,-9999
1731,2017,3,15,19,270,163,10125,91,27,-9999,-9999,-9999
1732,2017,3,15,20,262,147,10128,108,24,-9999,-9999,-9999
1733,2017,3,15,21,247,189,10131,163,19,-9999,-9999,-9999
1734,2017,3,15,22,235,191,10142,142,22,-9999,-9999,-9999
1735,2017,3,15,23,230,190,10149,151,17,-9999,-9999,-9999
1736,2017,3,16,0,226,188,10155,122,15,-9999,-9999,-9999
1737,2017,3,16,1,221,184,10162,129,15,-9999,-9999,-9999
1738,2017,3,16,2,217,184,10163,107,16,-9999,-9999,-9999
1739,2017,3,16,3,216,186,10159,94,18,-9999,-9999,-9999
1740,2017,3,16,4,215,185,10154,74,15,-9999,-9999,-9999
1741,2017,3,16,5,210,181,10146,77,22,-9999,-9999,-9999
1742,2017,3,16,6,206,177,10145,69,21,-9999,-9999,-9999
1743,2017,3,16,7,202,175,10149,82,16,-9999,-9999,-9999
1744,2017,3,16,8,200,175,10150,80,16,-9999,-9999,-9999
1745,2017,3,16,9,196,173,10155,81,12,-9999,-9999,-9999
1746,2017,3,16,10,197,171,10157,74,24,-9999,-9999,-9999
1747,2017,3,16,11,215,172,10155,90,21,-9999,-9999,-9999
1748,2017,3,16,12,247,165,10146,55,18,-9999,-9999,-9999
1749,2017,3,16,13,260,168,10142,309,14,-9999,-9999,-9999
1750,2017,3,16,14,280,159,10132,308,32,-9999,-9999,-9999
1751,2017,3,16,15,285,156,10123,335,23,-9999,-9999,-9999
1752,2017,3,16,16,295,149,10115,324,30,-9999,-9999,-9999
1753,2017,3,16,17,292,152,10106,338,41,-9999,-9999,-9999
1754,2017,3,16,18,297,141,10098,339,28,-9999,-9999,-9999
1755,2017,3,16,19,290,143,10094,318,41,-9999,-9999,-9999
1756,2017,3,16,20,295,141,10091,310,21,-9999,-9999,-9999
1757,2017,3,16,21,277,144,10099,299,22,-9999,-9999,-9999
1758,2017,3,16,22,267,163,10106,357,14,-9999,-9999,-9999
1759,2017,3,16,23,265,160,10113,301,15,-9999,-9999,-9999
1760,2017,3,17,0,262,163,10121,304,13,-9999,-9999,-9999
1761,2017,3,17,1,255,169,10129,29,3,-9999,-9999,-9999
1762,2017,3,17,2,247,171,10131,28,1,-9999,-9999,-9999
1763,2017,3,17,3,235,172,10132,40,13,-9999,-9999,-9999
1764,2017,3,17,4,232,174,10127,66,7,-9999,-9999,-9999
1765,2017,3,17,5,235,176,10120,29,10,-9999,-9999,-9999
1766,2017,3,17,6,226,177,10119,101,2,-9999,-9999,-9999
1767,2017,3,17,7,222,176,10123,137,0,-9999,-9999,-9999
1768,2017,3,17,8,221,177,10127,112,0,-9999,-9999,-9999
1769,2017,3,17,9,217,177,10132,65,0,-9999,-9999,-9999
1770,2017,3,17,10,231,181,10133,35,4,-9999,-9999,-9999
1771,2017,3,17,11,251,180,10134,78,8,-9999,-9999,-9999
1772,2017,3,17,12,265,178,10132,61,10,-9999,-9999,-9999
1773,2017,3,17,13,277,163,10126,305,19,-9999,-9999,-9999
1774,2017,3,17,14,277,151,10122,256,14,-9999,-9999,-9999
1775,2017,3,17,15,280,192,10119,157,35,-9999,-9999,-9999
1776,2017,3,17,16,227,176,10135,169,41,-9999,-9999,-9999
1777,2017,3,17,17,237,199,10127,148,19,-9999,-9999,-9999
1778,2017,3,17,18,236,191,10121,144,21,-9999,-9999,-9999
1779,2017,3,17,19,220,191,10132,190,24,-9999,-9999,-9999
1780,2017,3,17,20,217,190,10139,192,29,-9999,-9999,-9999
1781,2017,3,17,21,210,184,10140,169,38,-9999,-9999,-9999
1782,2017,3,17,22,207,178,10157,178,34,-9999,-9999,-9999
1783,2017,3,17,23,202,175,10165,176,24,-9999,-9999,-9999
1784,2017,3,18,0,196,173,10175,187,22,-9999,-9999,-9999
1785,2017,3,18,1,195,173,10173,146,11,-9999,-9999,-9999
1786,2017,3,18,2,197,173,10170,144,24,-9999,-9999,-9999
1787,2017,3,18,3,196,170,10171,135,20,-9999,-9999,-9999
1788,2017,3,18,4,197,166,10166,122,22,-9999,-9999,-9999
1789,2017,3,18,5,197,167,10162,110,23,-9999,-9999,-9999
1790,2017,3,18,6,196,166,10162,98,25,-9999,-9999,-9999
1791,2017,3,18,7,195,161,10159,110,27,-9999,-9999,-9999
1792,2017,3,18,8,192,161,10160,99,16,-9999,-9999,-9999
1793,2017,3,18,9,195,161,10164,120,20,-9999,-9999,-9999
1794,2017,3,18,10,196,162,10168,116,21,-9999,-9999,-9999
1795,2017,3,18,11,200,162,10175,111,28,-9999,-9999,-9999
1796,2017,3,18,12,205,166,10177,102,20,-9999,-9999,-9999
1797,2017,3,18,13,210,167,10179,112,25,-9999,-9999,-9999
1798,2017,3,18,14,216,172,10179,143,11,-9999,-9999,-9999
1799,2017,3,18,15,206,171,10179,174,37,-9999,-9999,-9999
1800,2017,3,18,16,200,161,10177,166,41,-9999,-9999,-9999
1801,2017,3,18,17,202,158,10170,155,43,-9999,-9999,-9999
1802,2017,3,18,18,196,158,10168,174,50,-9999,-9999,-9999
1803,2017,3,18,19,192,151,10175,160,32,-9999,-9999,-9999
1804,2017,3,18,20,187,150,10181,139,28,-9999,-9999,-9999
1805,2017,3,18,21,187,152,10181,151,32,-9999,-9999,-9999
1806,2017,3,18,22,187,151,10189,145,25,-9999,-9999,-9999
1807,2017,3,18,23,185,154,10193,146,22,-9999,-9999,-9999
1808,2017,3,19,0,185,155,10199,115,29,-9999,-9999,-9999
1809,2017,3,19,1,167,146,10209,153,29,-9999,-9999,-9999
1810,2017,3,19,2,170,141,10207,148,27,-9999,-9999,-9999
1811,2017,3,19,3,167,145,10201,137,14,-9999,-9999,-9999
1812,2017,3,19,4,170,147,10197,155,15,-9999,-9999,-9999
1813,2017,3,19,5,166,145,10189,123,24,-9999,-9999,-9999
1814,2017,3,19,6,166,148,10182,134,11,-9999,-9999,-9999
1815,2017,3,19,7,170,148,10178,121,15,-9999,-9999,-9999
1816,2017,3,19,8,166,150,10179,122,20,-9999,-9999,-9999
1817,2017,3,19,9,171,155,10180,124,14,-9999,-9999,-9999
1818,2017,3,19,10,175,152,10184,115,18,-9999,-9999,-9999
1819,2017,3,19,11,175,151,10190,121,22,-9999,-9999,-9999
1820,2017,3,19,12,181,150,10188,123,24,-9999,-9999,-9999
1821,2017,3,19,13,190,152,10185,101,37,-9999,-9999,-9999
1822,2017,3,19,14,192,152,10188,130,20,-9999,-9999,-9999
1823,2017,3,19,15,195,155,10181,151,20,-9999,-9999,-9999
1824,2017,3,19,16,182,156,10180,160,23,-9999,-9999,-9999
1825,2017,3,19,17,182,158,10172,165,20,-9999,-9999,-9999
1826,2017,3,19,18,185,152,10171,168,26,-9999,-9999,-9999
1827,2017,3,19,19,186,148,10172,181,31,-9999,-9999,-9999
1828,2017,3,19,20,182,149,10174,144,25,-9999,-9999,-9999
1829,2017,3,19,21,181,151,10173,161,21,-9999,-9999,-9999
1830,2017,3,19,22,182,152,10181,139,21,-9999,-9999,-9999
1831,2017,3,19,23,181,153,10188,160,23,-9999,-9999,-9999
1832,2017,3,20,0,182,152,10194,135,17,-9999,-9999,-9999
1833,2017,3,20,1,181,150,10194,139,22,-9999,-9999,-9999
1834,2017,3,20,2,181,149,10193,130,29,-9999,-9999,-9999
1835,2017,3,20,3,181,147,10191,130,21,-9999,-9999,-9999
1836,2017,3,20,4,180,146,10188,125,14,-9999,-9999,-9999
1837,2017,3,20,5,177,149,10182,133,14,-9999,-9999,-9999
1838,2017,3,20,6,177,150,10179,123,16,-9999,-9999,-9999
1839,2017,3,20,7,177,149,10179,112,25,-9999,-9999,-9999
1840,2017,3,20,8,177,148,10183,122,19,-9999,-9999,-9999
1841,2017,3,20,9,177,145,10190,116,31,-9999,-9999,-9999
1842,2017,3,20,10,181,144,10195,105,16,-9999,-9999,-9999
1843,2017,3,20,11,186,143,10201,108,25,-9999,-9999,-9999
1844,2017,3,20,12,195,133,10202,105,53,-9999,-9999,-9999
1845,2017,3,20,13,205,130,10199,115,30,-9999,-9999,-9999
1846,2017,3,20,14,212,138,10196,137,19,-9999,-9999,-9999
1847,2017,3,20,15,215,130,10190,124,33,-9999,-9999,-9999
1848,2017,3,20,16,242,126,10171,122,34,-9999,-9999,-9999
1849,2017,3,20,17,230,131,10171,150,32,-9999,-9999,-9999
1850,2017,3,20,18,235,135,10167,153,32,-9999,-9999,-9999
1851,2017,3,20,19,225,131,10173,156,43,-9999,-9999,-9999
1852,2017,3,20,20,212,129,10181,135,35,-9999,-9999,-9999
1853,2017,3,20,21,191,125,10193,148,40,-9999,-9999,-9999
1854,2017,3,20,22,185,125,10201,146,37,-9999,-9999,-9999
1855,2017,3,20,23,182,132,10211,131,27,-9999,-9999,-9999
1856,2017,3,21,0,181,132,10218,149,22,-9999,-9999,-9999
1857,2017,3,21,1,177,133,10219,144,26,-9999,-9999,-9999
1858,2017,3,21,3,180,132,10214,153,23,-9999,-9999,-9999
1859,2017,3,21,4,170,126,10212,148,16,-9999,-9999,-9999
1860,2017,3,21,5,166,128,10206,157,13,-9999,-9999,-9999
1861,2017,3,21,6,161,127,10203,151,13,-9999,-9999,-9999
1862,2017,3,21,7,161,130,10200,118,10,-9999,-9999,-9999
1863,2017,3,21,8,160,130,10205,107,15,-9999,-9999,-9999
1864,2017,3,21,9,155,131,10210,88,15,-9999,-9999,-9999
1865,2017,3,21,10,166,135,10214,102,10,-9999,-9999,-9999
1866,2017,3,21,11,182,134,10214,145,12,-9999,-9999,-9999
1867,2017,3,21,12,187,138,10219,134,22,-9999,-9999,-9999
1868,2017,3,21,13,190,144,10224,99,19,-9999,-9999,-9999
1869,2017,3,21,14,202,141,10215,118,25,-9999,-9999,-9999
1870,2017,3,21,15,225,136,10201,172,26,-9999,-9999,-9999
1871,2017,3,21,16,240,131,10185,131,21,-9999,-9999,-9999
1872,2017,3,21,17,245,136,10180,155,27,-9999,-9999,-9999
1873,2017,3,21,18,241,136,10176,167,29,-9999,-9999,-9999
1874,2017,3,21,19,237,142,10178,147,28,-9999,-9999,-9999
1875,2017,3,21,20,227,144,10184,153,37,-9999,-9999,-9999
1876,2017,3,21,21,202,149,10195,152,39,-9999,-9999,-9999
1877,2017,3,21,22,197,144,10201,147,31,-9999,-9999,-9999
1878,2017,3,21,23,190,140,10208,134,27,-9999,-9999,-9999
1879,2017,3,22,0,190,141,10212,118,27,-9999,-9999,-9999
1880,2017,3,22,1,191,141,10210,124,21,-9999,-9999,-9999
1881,2017,3,22,2,187,145,10210,122,24,-9999,-9999,-9999
1882,2017,3,22,3,187,147,10213,117,30,-9999,-9999,-9999
1883,2017,3,22,4,185,143,10210,110,31,-9999,-9999,-9999
1884,2017,3,22,5,182,141,10206,89,25,-9999,-9999,-9999
1885,2017,3,22,6,176,140,10203,101,22,-9999,-9999,-9999
1886,2017,3,22,7,172,139,10203,99,19,-9999,-9999,-9999
1887,2017,3,22,8,170,137,10209,87,15,-9999,-9999,-9999
1888,2017,3,22,9,166,135,10213,91,17,-9999,-9999,-9999
1889,2017,3,22,10,177,141,10217,79,17,-9999,-9999,-9999
1890,2017,3,22,11,190,139,10218,93,24,-9999,-9999,-9999
1891,2017,3,22,12,202,138,10215,84,27,-9999,-9999,-9999
1892,2017,3,22,13,225,139,10207,105,27,-9999,-9999,-9999
1893,2017,3,22,14,241,125,10199,89,18,-9999,-9999,-9999
1894,2017,3,22,15,247,113,10190,79,24,-9999,-9999,-9999
1895,2017,3,22,16,270,121,10173,115,20,-9999,-9999,-9999
1896,2017,3,22,17,255,143,10166,137,24,-9999,-9999,-9999
1897,2017,3,22,18,255,142,10163,159,34,-9999,-9999,-9999
1898,2017,3,22,19,247,147,10165,161,33,-9999,-9999,-9999
1899,2017,3,22,20,227,149,10176,154,41,-9999,-9999,-9999
1900,2017,3,22,21,215,151,10181,143,24,-9999,-9999,-9999
1901,2017,3,22,22,202,152,10188,151,30,-9999,-9999,-9999
1902,2017,3,22,23,202,151,10195,134,16,-9999,-9999,-9999
1903,2017,3,23,0,197,141,10203,122,30,-9999,-9999,-9999
1904,2017,3,23,1,195,142,10206,133,26,-9999,-9999,-9999
1905,2017,3,23,2,190,143,10205,122,21,-9999,-9999,-9999
1906,2017,3,23,3,186,142,10199,120,27,-9999,-9999,-9999
1907,2017,3,23,4,181,142,10196,106,28,-9999,-9999,-9999
1908,2017,3,23,5,177,140,10192,106,25,-9999,-9999,-9999
1909,2017,3,23,7,171,137,10184,89,20,-9999,-9999,-9999
1910,2017,3,23,8,170,134,10183,81,29,-9999,-9999,-9999
1911,2017,3,23,9,167,136,10187,81,20,-9999,-9999,-9999
1912,2017,3,23,10,171,137,10194,68,32,-9999,-9999,-9999
1913,2017,3,23,11,180,139,10194,85,39,-9999,-9999,-9999
1914,2017,3,23,12,197,138,10194,75,39,-9999,-9999,-9999
1915,2017,3,23,13,222,138,10185,61,22,-9999,-9999,-9999
1916,2017,3,23,14,242,143,10172,97,21,-9999,-9999,-9999
1917,2017,3,23,15,245,139,10159,105,26,-9999,-9999,-9999
1918,2017,3,23,16,252,133,10146,101,28,-9999,-9999,-9999
1919,2017,3,23,17,262,133,10133,100,15,-9999,-9999,-9999
1920,2017,3,23,18,262,133,10127,73,18,-9999,-9999,-9999
1921,2017,3,23,19,257,126,10127,132,15,-9999,-9999,-9999
1922,2017,3,23,20,236,160,10138,162,32,-9999,-9999,-9999
1923,2017,3,23,21,217,162,10147,161,30,-9999,-9999,-9999
1924,2017,3,23,22,210,159,10155,155,26,-9999,-9999,-9999
1925,2017,3,23,23,206,158,10160,148,20,-9999,-9999,-9999
1926,2017,3,24,0,205,156,10164,135,17,-9999,-9999,-9999
1927,2017,3,24,1,202,155,10167,138,16,-9999,-9999,-9999
1928,2017,3,24,2,201,159,10164,123,20,-9999,-9999,-9999
1929,2017,3,24,3,200,154,10163,94,25,-9999,-9999,-9999
1930,2017,3,24,4,192,152,10157,77,16,-9999,-9999,-9999
1931,2017,3,24,5,190,153,10155,87,16,-9999,-9999,-9999
1932,2017,3,24,6,185,150,10150,68,25,-9999,-9999,-9999
1933,2017,3,24,7,181,149,10149,79,19,-9999,-9999,-9999
1934,2017,3,24,8,180,150,10150,66,20,-9999,-9999,-9999
1935,2017,3,24,9,175,150,10154,88,15,-9999,-9999,-9999
1936,2017,3,24,10,181,151,10162,91,18,-9999,-9999,-9999
1937,2017,3,24,11,192,152,10164,71,18,-9999,-9999,-9999
1938,2017,3,24,12,216,152,10156,55,13,-9999,-9999,-9999
1939,2017,3,24,13,241,159,10148,76,15,-9999,-9999,-9999
1940,2017,3,24,14,250,149,10142,128,6,-9999,-9999,-9999
1941,2017,3,24,15,265,131,10127,286,10,-9999,-9999,-9999
1942,2017,3,24,16,271,120,10115,346,25,-9999,-9999,-9999
1943,2017,3,24,17,277,119,10106,280,16,-9999,-9999,-9999
1944,2017,3,24,18,282,121,10098,249,19,-9999,-9999,-9999
1945,2017,3,24,19,271,136,10102,220,23,-9999,-9999,-9999
1946,2017,3,24,20,251,169,10112,154,25,-9999,-9999,-9999
1947,2017,3,24,21,225,176,10125,158,26,-9999,-9999,-9999
1948,2017,3,24,22,207,186,10136,68,11,-9999,-9999,-9999
1949,2017,3,24,23,211,176,10139,103,12,-9999,-9999,-9999
1950,2017,3,25,0,207,172,10142,103,12,-9999,-9999,-9999
1951,2017,3,25,2,207,175,10147,29,7,-9999,-9999,-9999
1952,2017,3,25,3,206,177,10143,43,2,-9999,-9999,-9999
1953,2017,3,25,4,202,174,10138,51,7,-9999,-9999,-9999
1954,2017,3,25,5,202,170,10137,339,0,-9999,-9999,-9999
1955,2017,3,25,6,197,167,10128,17,5,-9999,-9999,-9999
1956,2017,3,25,7,200,167,10128,256,4,-9999,-9999,-9999
1957,2017,3,25,8,197,163,10127,285,6,-9999,-9999,-9999
1958,2017,3,25,9,197,165,10131,332,11,-9999,-9999,-9999
1959,2017,3,25,10,201,165,10136,318,4,-9999,-9999,-9999
1960,2017,3,25,11,212,166,10141,347,6,-9999,-9999,-9999
1961,2017,3,25,12,235,157,10138,217,6,-9999,-9999,-9999
1962,2017,3,25,13,250,147,10136,173,10,-9999,-9999,-9999
1963,2017,3,25,14,261,138,10129,286,18,-9999,-9999,-9999
1964,2017,3,25,15,265,135,10124,196,19,-9999,-9999,-9999
1965,2017,3,25,16,252,166,10123,200,13,-9999,-9999,-9999
1966,2017,3,25,17,250,182,10122,307,19,-9999,-9999,-9999
1967,2017,3,25,18,237,174,10123,175,20,-9999,-9999,-9999
1968,2017,3,25,19,241,164,10125,180,30,-9999,-9999,-9999
1969,2017,3,25,20,230,157,10130,166,38,-9999,-9999,-9999
1970,2017,3,25,21,220,154,10138,166,27,-9999,-9999,-9999
1971,2017,3,25,22,207,152,10146,141,17,-9999,-9999,-9999
1972,2017,3,25,23,205,148,10154,129,18,-9999,-9999,-9999
1973,2017,3,26,0,200,147,10153,128,19,-9999,-9999,-9999
1974,2017,3,26,1,196,148,10163,106,20,-9999,-9999,-9999
1975,2017,3,26,2,192,149,10162,107,18,-9999,-9999,-9999
1976,2017,3,26,3,190,148,10161,132,12,-9999,-9999,-9999
1977,2017,3,26,4,186,145,10158,129,11,-9999,-9999,-9999
1978,2017,3,26,5,182,146,10154,88,12,-9999,-9999,-9999
1979,2017,3,26,6,180,146,10154,78,0,-9999,-9999,-9999
1980,2017,3,26,7,177,146,10149,50,0,-9999,-9999,-9999
1981,2017,3,26,8,175,149,10149,45,0,-9999,-9999,-9999
1982,2017,3,26,9,172,147,10154,60,9,-9999,-9999,-9999
1983,2017,3,26,10,177,147,10160,68,7,-9999,-9999,-9999
1984,2017,3,26,11,200,149,10158,73,8,-9999,-9999,-9999
1985,2017,3,26,12,207,147,10162,122,18,-9999,-9999,-9999
1986,2017,3,26,13,227,141,10156,154,23,-9999,-9999,-9999
1987,2017,3,26,14,245,141,10145,129,24,-9999,-9999,-9999
1988,2017,3,26,15,247,129,10139,129,24,-9999,-9999,-9999
1989,2017,3,26,16,260,132,10126,147,20,-9999,-9999,-9999
1990,2017,3,26,17,257,138,10122,167,22,-9999,-9999,-9999
1991,2017,3,26,18,250,139,10124,159,28,-9999,-9999,-9999
1992,2017,3,26,19,242,141,10128,160,34,-9999,-9999,-9999
1993,2017,3,26,20,222,147,10136,161,44,-9999,-9999,-9999
1994,2017,3,26,21,212,141,10143,172,39,-9999,-9999,-9999
1995,2017,3,26,22,202,142,10147,135,26,-9999,-9999,-9999
1996,2017,3,26,23,200,142,10153,136,24,-9999,-9999,-9999
1997,2017,3,27,0,195,145,10162,123,17,-9999,-9999,-9999
1998,2017,3,27,1,192,149,10164,130,13,-9999,-9999,-9999
1999,2017,3,27,2,191,143,10164,116,24,-9999,-9999,-9999
2000,2017,3,27,3,187,142,10165,127,12,-9999,-9999,-9999
2001,2017,3,27,4,186,143,10159,148,13,-9999,-9999,-9999
2002,2017,3,27,5,186,145,10156,117,8,-9999,-9999,-9999
2003,2017,3,27,6,182,144,10156,102,11,-9999,-9999,-9999
2004,2017,3,27,7,181,148,10153,90,2,-9999,-9999,-9999
2005,2017,3,27,8,182,146,10152,92,19,-9999,-9999,-9999
2006,2017,3,27,9,177,144,10162,98,8,-9999,-9999,-9999
2007,2017,3,27,10,182,145,10164,108,20,-9999,-9999,-9999
2008,2017,3,27,11,192,145,10166,110,25,-9999,-9999,-9999
2009,2017,3,27,12,201,148,10172,117,15,-9999,-9999,-9999
2010,2017,3,27,13,210,145,10171,94,16,-9999,-9999,-9999
2011,2017,3,27,14,221,143,10167,82,15,-9999,-9999,-9999
2012,2017,3,27,15,230,144,10157,106,17,-9999,-9999,-9999
2013,2017,3,27,16,240,140,10145,98,22,-9999,-9999,-9999
2014,2017,3,27,17,241,137,10137,128,23,-9999,-9999,-9999
2015,2017,3,27,18,242,143,10130,155,25,-9999,-9999,-9999
2016,2017,3,27,19,232,150,10132,145,28,-9999,-9999,-9999
2017,2017,3,27,20,217,154,10143,156,30,-9999,-9999,-9999
2018,2017,3,27,21,210,157,10145,157,29,-9999,-9999,-9999
2019,2017,3,27,22,201,156,10151,142,30,-9999,-9999,-9999
2020,2017,3,27,23,195,155,10159,139,23,-9999,-9999,-9999
2021,2017,3,28,0,195,143,10164,131,22,-9999,-9999,-9999
2022,2017,3,28,1,192,141,10169,120,31,-9999,-9999,-9999
2023,2017,3,28,2,192,146,10166,112,32,-9999,-9999,-9999
2024,2017,3,28,3,191,149,10167,105,26,-9999,-9999,-9999
2025,2017,3,28,4,192,153,10163,120,17,-9999,-9999,-9999
2026,2017,3,28,5,190,154,10158,108,21,-9999,-9999,-9999
2027,2017,3,28,6,187,151,10155,117,15,-9999,-9999,-9999
2028,2017,3,28,7,187,150,10157,127,21,-9999,-9999,-9999
2029,2017,3,28,8,186,150,10157,148,17,-9999,-9999,-9999
2030,2017,3,28,9,185,145,10162,128,18,-9999,-9999,-9999
2031,2017,3,28,10,186,143,10171,103,23,-9999,-9999,-9999
2032,2017,3,28,11,192,141,10174,112,34,-9999,-9999,-9999
2033,2017,3,28,12,212,144,10173,93,31,-9999,-9999,-9999
2034,2017,3,28,13,226,123,10172,107,30,-9999,-9999,-9999
2035,2017,3,28,14,230,124,10167,117,30,-9999,-9999,-9999
2036,2017,3,28,15,240,134,10160,108,29,-9999,-9999,-9999
2037,2017,3,28,16,245,132,10152,110,27,-9999,-9999,-9999
2038,2017,3,28,17,252,144,10144,140,27,-9999,-9999,-9999
2039,2017,3,28,18,245,146,10144,155,32,-9999,-9999,-9999
2040,2017,3,28,19,230,148,10152,144,41,-9999,-9999,-9999
2041,2017,3,28,20,221,143,10155,155,41,-9999,-9999,-9999
2042,2017,3,28,21,207,146,10163,158,35,-9999,-9999,-9999
2043,2017,3,28,22,202,145,10167,127,31,-9999,-9999,-9999
2044,2017,3,28,23,197,147,10176,118,42,-9999,-9999,-9999
2045,2017,3,29,0,190,148,10185,118,35,-9999,-9999,-9999
2046,2017,3,29,1,191,144,10188,117,22,-9999,-9999,-9999
2047,2017,3,29,2,186,140,10189,110,24,-9999,-9999,-9999
2048,2017,3,29,3,180,146,10191,101,32,-9999,-9999,-9999
2049,2017,3,29,4,181,144,10188,85,23,-9999,-9999,-9999
2050,2017,3,29,5,181,141,10182,125,20,-9999,-9999,-9999
2051,2017,3,29,6,177,138,10178,103,29,-9999,-9999,-9999
2052,2017,3,29,7,175,135,10174,103,29,-9999,-9999,-9999
2053,2017,3,29,8,171,135,10177,107,21,-9999,-9999,-9999
2054,2017,3,29,9,170,137,10181,118,12,-9999,-9999,-9999
2055,2017,3,29,10,175,138,10185,100,15,-9999,-9999,-9999
2056,2017,3,29,11,192,134,10183,112,19,-9999,-9999,-9999
2057,2017,3,29,12,201,130,10185,106,29,-9999,-9999,-9999
2058,2017,3,29,13,217,107,10179,118,30,-9999,-9999,-9999
2059,2017,3,29,14,216,113,10177,134,22,-9999,-9999,-9999
2060,2017,3,29,15,232,124,10166,147,21,-9999,-9999,-9999
2061,2017,3,29,16,232,118,10159,172,38,-9999,-9999,-9999
2062,2017,3,29,17,242,106,10149,161,34,-9999,-9999,-9999
2063,2017,3,29,18,236,114,10148,144,33,-9999,-9999,-9999
2064,2017,3,29,19,230,122,10147,167,41,-9999,-9999,-9999
2065,2017,3,29,20,217,118,10154,178,37,-9999,-9999,-9999
2066,2017,3,29,21,201,137,10160,144,34,-9999,-9999,-9999
2067,2017,3,29,22,191,133,10164,145,34,-9999,-9999,-9999
2068,2017,3,29,23,186,136,10169,143,27,-9999,-9999,-9999
2069,2017,3,30,0,185,139,10172,140,27,-9999,-9999,-9999
2070,2017,3,30,1,177,129,10177,147,35,-9999,-9999,-9999
2071,2017,3,30,2,177,133,10178,141,27,-9999,-9999,-9999
2072,2017,3,30,3,172,130,10176,131,18,-9999,-9999,-9999
2073,2017,3,30,4,171,131,10174,138,13,-9999,-9999,-9999
2074,2017,3,30,5,175,130,10170,133,14,-9999,-9999,-9999
2075,2017,3,30,6,166,137,10167,93,21,-9999,-9999,-9999
2076,2017,3,30,7,167,138,10164,106,20,-9999,-9999,-9999
2077,2017,3,30,8,170,137,10166,115,20,-9999,-9999,-9999
2078,2017,3,30,9,171,135,10171,146,19,-9999,-9999,-9999
2079,2017,3,30,10,175,136,10174,133,10,-9999,-9999,-9999
2080,2017,3,30,11,186,135,10175,118,15,-9999,-9999,-9999
2081,2017,3,30,12,202,130,10178,140,18,-9999,-9999,-9999
2082,2017,3,30,13,217,129,10173,116,13,-9999,-9999,-9999
2083,2017,3,30,14,220,121,10169,107,21,-9999,-9999,-9999
2084,2017,3,30,15,230,119,10160,126,24,-9999,-9999,-9999
2085,2017,3,30,16,242,116,10147,151,31,-9999,-9999,-9999
2086,2017,3,30,17,242,122,10140,133,26,-9999,-9999,-9999
2087,2017,3,30,18,236,133,10139,144,31,-9999,-9999,-9999
2088,2017,3,30,19,221,124,10146,152,42,-9999,-9999,-9999
2089,2017,3,30,20,207,126,10155,172,37,-9999,-9999,-9999
2090,2017,3,30,21,197,126,10161,150,29,-9999,-9999,-9999
2091,2017,3,30,22,187,126,10169,136,23,-9999,-9999,-9999
2092,2017,3,30,23,182,124,10175,169,32,-9999,-9999,-9999
2093,2017,3,31,0,180,129,10179,140,20,-9999,-9999,-9999
2094,2017,3,31,1,177,130,10183,133,23,-9999,-9999,-9999
2095,2017,3,31,2,180,130,10181,135,19,-9999,-9999,-9999
2096,2017,3,31,3,176,129,10181,122,22,-9999,-9999,-9999
2097,2017,3,31,4,175,128,10182,110,23,-9999,-9999,-9999
2098,2017,3,31,5,175,123,10174,109,21,-9999,-9999,-9999
2099,2017,3,31,6,170,126,10176,128,15,-9999,-9999,-9999
2100,2017,3,31,7,162,127,10177,156,9,-9999,-9999,-9999
2101,2017,3,31,8,162,128,10179,140,12,-9999,-9999,-9999
2102,2017,3,31,9,166,131,10183,134,8,-9999,-9999,-9999
2103,2017,3,31,10,166,122,10192,176,28,-9999,-9999,-9999
2104,2017,3,31,11,185,120,10191,136,21,-9999,-9999,-9999
2105,2017,3,31,12,195,112,10194,110,42,-9999,-9999,-9999
2106,2017,3,31,13,202,120,10197,141,23,-9999,-9999,-9999
2107,2017,3,31,14,211,120,10190,167,28,-9999,-9999,-9999
2108,2017,3,31,15,222,109,10179,111,27,-9999,-9999,-9999
2109,2017,3,31,16,227,113,10175,160,31,-9999,-9999,-9999
2110,2017,3,31,17,232,118,10173,180,29,-9999,-9999,-9999
2111,2017,3,31,18,211,117,10179,180,37,-9999,-9999,-9999
2112,2017,3,31,19,211,119,10181,183,33,-9999,-9999,-9999
2113,2017,3,31,20,195,100,10192,188,30,-9999,-9999,-9999
2114,2017,3,31,21,182,115,10201,183,37,-9999,-9999,-9999
2115,2017,3,31,22,175,101,10209,161,45,-9999,-9999,-9999
2116,2017,3,31,23,170,114,10215,164,15,-9999,-9999,-9999
2117,2017,4,1,0,172,123,10217,169,39,-9999,-9999,-9999
2118,2017,4,1,1,170,125,10217,171,33,-9999,-9999,-9999
2119,2017,4,1,2,171,125,10215,152,21,-9999,-9999,-9999
2120,2017,4,1,3,165,118,10213,150,20,-9999,-9999,-9999
2121,2017,4,1,4,167,125,10209,139,19,-9999,-9999,-9999
2122,2017,4,1,5,167,127,10203,131,20,-9999,-9999,-9999
2123,2017,4,1,6,167,128,10198,135,15,-9999,-9999,-9999
2124,2017,4,1,7,162,133,10196,116,19,-9999,-9999,-9999
2125,2017,4,1,8,167,130,10193,129,11,-9999,-9999,-9999
2126,2017,4,1,9,165,130,10197,133,23,-9999,-9999,-9999
2127,2017,4,1,10,165,135,10205,129,18,-9999,-9999,-9999
2128,2017,4,1,11,182,134,10202,120,29,-9999,-9999,-9999
2129,2017,4,1,12,182,131,10210,130,26,-9999,-9999,-9999
2130,2017,4,1,13,185,143,10209,146,27,-9999,-9999,-9999
2131,2017,4,1,14,192,138,10206,124,32,-9999,-9999,-9999
2132,2017,4,1,15,222,135,10188,136,27,-9999,-9999,-9999
2133,2017,4,1,16,227,118,10184,154,36,-9999,-9999,-9999
2134,2017,4,1,17,226,124,10178,157,33,-9999,-9999,-9999
2135,2017,4,1,18,225,122,10177,161,52,-9999,-9999,-9999
2136,2017,4,1,19,202,127,10187,158,50,-9999,-9999,-9999
2137,2017,4,1,20,205,107,10188,179,47,-9999,-9999,-9999
2138,2017,4,1,21,190,108,10197,153,26,-9999,-9999,-9999
2139,2017,4,1,22,181,112,10204,165,30,-9999,-9999,-9999
2140,2017,4,1,23,175,121,10208,174,28,-9999,-9999,-9999
2141,2017,4,2,0,177,126,10207,182,21,-9999,-9999,-9999
2142,2017,4,2,1,167,133,10210,134,17,-9999,-9999,-9999
2143,2017,4,2,2,167,141,10206,122,14,-9999,-9999,-9999
2144,2017,4,2,3,167,140,10203,134,14,-9999,-9999,-9999
2145,2017,4,2,4,167,141,10194,138,8,-9999,-9999,-9999
2146,2017,4,2,5,165,141,10188,177,10,-9999,-9999,-9999
2147,2017,4,2,6,170,143,10179,157,29,-9999,-9999,-9999
2148,2017,4,2,7,170,142,10175,140,18,-9999,-9999,-9999
2149,2017,4,2,8,167,140,10175,103,24,-9999,-9999,-9999
2150,2017,4,2,9,162,136,10181,99,16,-9999,-9999,-9999
2151,2017,4,2,10,167,138,10186,83,14,-9999,-9999,-9999
2152,2017,4,2,11,176,136,10190,63,16,-9999,-9999,-9999
2153,2017,4,2,12,180,134,10191,89,19,-9999,-9999,-9999
2154,2017,4,2,13,196,139,10187,67,20,-9999,-9999,-9999
2155,2017,4,2,14,212,138,10176,101,30,-9999,-9999,-9999
2156,2017,4,2,15,231,121,10164,98,30,-9999,-9999,-9999
2157,2017,4,2,16,230,122,10155,106,24,-9999,-9999,-9999
2158,2017,4,2,17,237,123,10145,163,20,-9999,-9999,-9999
2159,2017,4,2,18,236,126,10140,135,24,-9999,-9999,-9999
2160,2017,4,2,19,242,133,10135,154,22,-9999,-9999,-9999
2161,2017,4,2,20,222,142,10142,160,31,-9999,-9999,-9999
2162,2017,4,2,21,202,143,10153,166,29,-9999,-9999,-9999
2163,2017,4,2,22,195,146,10159,154,25,-9999,-9999,-9999
2164,2017,4,2,23,192,146,10166,148,19,-9999,-9999,-9999
2165,2017,4,3,0,190,144,10170,141,20,-9999,-9999,-9999
2166,2017,4,3,1,187,140,10174,118,27,-9999,-9999,-9999
2167,2017,4,3,2,182,139,10174,125,27,-9999,-9999,-9999
2168,2017,4,3,3,180,139,10172,114,29,-9999,-9999,-9999
2169,2017,4,3,4,180,140,10171,117,19,-9999,-9999,-9999
2170,2017,4,3,5,177,139,10171,115,23,-9999,-9999,-9999
2171,2017,4,3,6,175,139,10169,111,23,-9999,-9999,-9999
2172,2017,4,3,7,171,139,10166,105,23,-9999,-9999,-9999
2173,2017,4,3,8,167,140,10165,87,17,-9999,-9999,-9999
2174,2017,4,3,9,162,139,10170,85,11,-9999,-9999,-9999
2175,2017,4,3,10,167,140,10175,69,16,-9999,-9999,-9999
2176,2017,4,3,11,175,138,10176,69,25,-9999,-9999,-9999
2177,2017,4,3,12,202,140,10172,91,27,-9999,-9999,-9999
2178,2017,4,3,13,216,144,10167,107,27,-9999,-9999,-9999
2179,2017,4,3,14,232,137,10158,100,22,-9999,-9999,-9999
2180,2017,4,3,15,246,139,10147,102,22,-9999,-9999,-9999
2181,2017,4,3,16,260,142,10134,54,13,-9999,-9999,-9999
2182,2017,4,3,17,262,128,10121,40,16,-9999,-9999,-9999
2183,2017,4,3,18,261,124,10116,221,21,-9999,-9999,-9999
2184,2017,4,3,19,255,155,10117,149,29,-9999,-9999,-9999
2185,2017,4,3,20,242,157,10126,158,27,-9999,-9999,-9999
2186,2017,4,3,21,222,158,10138,155,27,-9999,-9999,-9999
2187,2017,4,3,22,205,159,10150,177,33,-9999,-9999,-9999
2188,2017,4,3,23,206,158,10156,145,19,-9999,-9999,-9999
2189,2017,4,4,0,202,155,10162,136,20,-9999,-9999,-9999
2190,2017,4,4,1,200,149,10167,109,18,-9999,-9999,-9999
2191,2017,4,4,2,196,151,10166,122,12,-9999,-9999,-9999
2192,2017,4,4,3,192,150,10165,107,18,-9999,-9999,-9999
2193,2017,4,4,4,190,149,10162,116,20,-9999,-9999,-9999
2194,2017,4,4,5,185,149,10159,118,20,-9999,-9999,-9999
2195,2017,4,4,6,181,150,10158,95,19,-9999,-9999,-9999
2196,2017,4,4,7,181,151,10157,84,18,-9999,-9999,-9999
2197,2017,4,4,8,182,148,10155,71,32,-9999,-9999,-9999
2198,2017,4,4,9,182,148,10160,78,31,-9999,-9999,-9999
2199,2017,4,4,10,182,149,10166,78,30,-9999,-9999,-9999
2200,2017,4,4,11,190,150,10168,85,33,-9999,-9999,-9999
2201,2017,4,4,12,215,153,10167,51,20,-9999,-9999,-9999
2202,2017,4,4,13,230,153,10160,74,18,-9999,-9999,-9999
2203,2017,4,4,14,247,151,10148,97,18,-9999,-9999,-9999
2204,2017,4,4,15,277,116,10130,318,13,-9999,-9999,-9999
2205,2017,4,4,16,281,105,10120,314,10,-9999,-9999,-9999
2206,2017,4,4,17,291,89,10108,273,12,-9999,-9999,-9999
2207,2017,4,4,18,280,92,10107,257,27,-9999,-9999,-9999
2208,2017,4,4,19,277,103,10107,238,13,-9999,-9999,-9999
2209,2017,4,4,20,255,164,10118,175,31,-9999,-9999,-9999
2210,2017,4,4,21,235,164,10130,172,31,-9999,-9999,-9999
2211,2017,4,4,22,221,167,10142,177,20,-9999,-9999,-9999
2212,2017,4,4,23,215,167,10149,173,15,-9999,-9999,-9999
2213,2017,4,5,0,212,169,10152,112,6,-9999,-9999,-9999
2214,2017,4,5,1,211,168,10154,130,9,-9999,-9999,-9999
2215,2017,4,5,2,207,169,10151,140,0,-9999,-9999,-9999
2216,2017,4,5,3,207,169,10148,99,10,-9999,-9999,-9999
2217,2017,4,5,4,202,165,10148,102,7,-9999,-9999,-9999
2218,2017,4,5,5,197,165,10144,58,6,-9999,-9999,-9999
2219,2017,4,5,6,192,166,10143,74,3,-9999,-9999,-9999
2220,2017,4,5,7,192,165,10140,75,13,-9999,-9999,-9999
2221,2017,4,5,8,186,162,10145,47,6,-9999,-9999,-9999
2222,2017,4,5,9,187,164,10155,84,2,-9999,-9999,-9999
2223,2017,4,5,10,192,158,10156,76,9,-9999,-9999,-9999
2224,2017,4,5,11,207,155,10155,75,18,-9999,-9999,-9999
2225,2017,4,5,12,237,154,10151,98,8,-9999,-9999,-9999
2226,2017,4,5,13,260,136,10143,53,14,-9999,-9999,-9999
2227,2017,4,5,14,281,117,10130,334,19,-9999,-9999,-9999
2228,2017,4,5,15,290,113,10114,344,34,-9999,-9999,-9999
2229,2017,4,5,16,291,109,10106,342,44,-9999,-9999,-9999
2230,2017,4,5,17,297,104,10098,331,31,-9999,-9999,-9999
2231,2017,4,5,18,301,107,10093,343,27,-9999,-9999,-9999
2232,2017,4,5,19,296,108,10095,349,31,-9999,-9999,-9999
2233,2017,4,5,20,292,114,10096,351,15,-9999,-9999,-9999
2234,2017,4,5,21,280,119,10101,6,17,-9999,-9999,-9999
2235,2017,4,5,22,270,124,10110,6,18,-9999,-9999,-9999
2236,2017,4,5,23,265,127,10117,28,12,-9999,-9999,-9999
2237,2017,4,6,0,252,133,10127,44,9,-9999,-9999,-9999
2238,2017,4,6,1,251,132,10130,56,0,-9999,-9999,-9999
2239,2017,4,6,2,251,123,10130,313,9,-9999,-9999,-9999
2240,2017,4,6,3,246,128,10132,298,13,-9999,-9999,-9999
2241,2017,4,6,4,240,131,10129,294,13,-9999,-9999,-9999
2242,2017,4,6,5,241,130,10123,325,18,-9999,-9999,-9999
2243,2017,4,6,6,235,137,10122,360,4,-9999,-9999,-9999
2244,2017,4,6,7,232,137,10120,339,11,-9999,-9999,-9999
2245,2017,4,6,8,230,139,10127,316,15,-9999,-9999,-9999
2246,2017,4,6,9,210,169,10146,259,28,-9999,-9999,-9999
2247,2017,4,6,10,196,172,10153,146,0,-9999,-9999,-9999
2248,2017,4,6,11,205,166,10157,7,18,-9999,-9999,-9999
2249,2017,4,6,12,201,169,10171,330,20,-9999,-9999,-9999
2250,2017,4,6,13,201,172,10170,8,17,-9999,-9999,-9999
2251,2017,4,6,14,215,176,10159,328,21,-9999,-9999,-9999
2252,2017,4,6,15,232,178,10145,300,20,-9999,-9999,-9999
2253,2017,4,6,16,240,179,10134,318,29,-9999,-9999,-9999
2254,2017,4,6,17,240,174,10123,343,31,-9999,-9999,-9999
2255,2017,4,6,18,250,182,10111,331,21,-9999,-9999,-9999
2256,2017,4,6,19,242,183,10114,346,32,-9999,-9999,-9999
2257,2017,4,6,20,236,186,10118,333,25,-9999,-9999,-9999
2258,2017,4,6,21,221,194,10123,4,14,-9999,-9999,-9999
2259,2017,4,6,22,222,196,10124,49,6,-9999,-9999,-9999
2260,2017,4,6,23,222,194,10135,71,8,-9999,-9999,-9999
2261,2017,4,7,0,220,190,10132,51,4,-9999,-9999,-9999
2262,2017,4,7,1,221,191,10137,96,2,-9999,-9999,-9999
2263,2017,4,7,2,207,189,10148,215,17,-9999,-9999,-9999
2264,2017,4,7,3,197,182,10147,167,25,-9999,-9999,-9999
2265,2017,4,7,4,196,185,10146,237,17,-9999,-9999,-9999
2266,2017,4,7,5,195,184,10141,225,16,-9999,-9999,-9999
2267,2017,4,7,6,196,186,10135,244,0,-9999,-9999,-9999
2268,2017,4,7,7,195,185,10135,214,1,-9999,-9999,-9999
2269,2017,4,7,8,197,187,10138,336,1,-9999,-9999,-9999
2270,2017,4,7,9,195,186,10147,190,11,-9999,-9999,-9999
2271,2017,4,7,10,195,186,10154,191,7,-9999,-9999,-9999
2272,2017,4,7,11,200,190,10158,144,10,-9999,-9999,-9999
2273,2017,4,7,12,205,193,10165,169,4,-9999,-9999,-9999
2274,2017,4,7,13,210,189,10166,181,4,-9999,-9999,-9999
2275,2017,4,7,14,217,189,10163,129,3,-9999,-9999,-9999
2276,2017,4,7,15,217,190,10157,130,9,-9999,-9999,-9999
2277,2017,4,7,16,206,194,10155,180,10,-9999,-9999,-9999
2278,2017,4,7,17,217,203,10144,159,9,-9999,-9999,-9999
2279,2017,4,7,18,222,196,10138,184,15,-9999,-9999,-9999
2280,2017,4,7,19,220,194,10139,177,26,-9999,-9999,-9999
2281,2017,4,7,20,215,192,10140,167,33,-9999,-9999,-9999
2282,2017,4,7,21,215,193,10147,134,13,-9999,-9999,-9999
2283,2017,4,7,22,215,192,10153,131,10,-9999,-9999,-9999
2284,2017,4,7,23,212,191,10158,134,15,-9999,-9999,-9999
2285,2017,4,8,0,211,191,10170,133,14,-9999,-9999,-9999
2286,2017,4,8,1,210,193,10174,165,13,-9999,-9999,-9999
2287,2017,4,8,2,210,192,10174,129,9,-9999,-9999,-9999
2288,2017,4,8,3,210,191,10171,136,7,-9999,-9999,-9999
2289,2017,4,8,4,210,193,10167,131,3,-9999,-9999,-9999
2290,2017,4,8,5,202,189,10160,63,5,-9999,-9999,-9999
2291,2017,4,8,6,206,193,10157,166,12,-9999,-9999,-9999
2292,2017,4,8,7,207,191,10152,124,16,-9999,-9999,-9999
2293,2017,4,8,8,206,189,10154,93,12,-9999,-9999,-9999
2294,2017,4,8,9,207,190,10161,112,17,-9999,-9999,-9999
2295,2017,4,8,10,207,190,10170,114,11,-9999,-9999,-9999
2296,2017,4,8,11,215,191,10175,114,18,-9999,-9999,-9999
2297,2017,4,8,12,225,193,10177,108,23,-9999,-9999,-9999
2298,2017,4,8,13,237,190,10172,115,23,-9999,-9999,-9999
2299,2017,4,8,14,250,190,10165,140,23,-9999,-9999,-9999
2300,2017,4,8,15,260,177,10156,126,14,-9999,-9999,-9999
2301,2017,4,8,16,260,188,10147,178,23,-9999,-9999,-9999
2302,2017,4,8,17,250,184,10144,169,36,-9999,-9999,-9999
2303,2017,4,8,18,250,183,10140,153,38,-9999,-9999,-9999
2304,2017,4,8,19,247,179,10138,162,32,-9999,-9999,-9999
2305,2017,4,8,20,230,178,10148,158,37,-9999,-9999,-9999
2306,2017,4,8,21,222,179,10154,153,30,-9999,-9999,-9999
2307,2017,4,8,22,216,181,10162,165,28,-9999,-9999,-9999
2308,2017,4,8,23,215,182,10173,140,16,-9999,-9999,-9999
2309,2017,4,9,0,216,180,10178,129,10,-9999,-9999,-9999
2310,2017,4,9,1,212,179,10177,122,18,-9999,-9999,-9999
2311,2017,4,9,2,210,179,10177,118,22,-9999,-9999,-9999
2312,2017,4,9,3,210,181,10176,132,18,-9999,-9999,-9999
2313,2017,4,9,4,205,179,10177,99,20,-9999,-9999,-9999
2314,2017,4,9,5,205,180,10168,127,15,-9999,-9999,-9999
2315,2017,4,9,6,200,179,10165,129,17,-9999,-9999,-9999
2316,2017,4,9,7,200,180,10165,101,17,-9999,-9999,-9999
2317,2017,4,9,8,200,179,10165,124,13,-9999,-9999,-9999
2318,2017,4,9,9,197,179,10169,126,7,-9999,-9999,-9999
2319,2017,4,9,10,200,182,10174,87,9,-9999,-9999,-9999
2320,2017,4,9,11,210,182,10178,95,15,-9999,-9999,-9999
2321,2017,4,9,12,217,182,10179,111,15,-9999,-9999,-9999
2322,2017,4,9,13,235,180,10173,124,21,-9999,-9999,-9999
2323,2017,4,9,14,251,176,10161,110,24,-9999,-9999,-9999
2324,2017,4,9,15,255,164,10154,105,24,-9999,-9999,-9999
2325,2017,4,9,16,257,176,10145,182,27,-9999,-9999,-9999
2326,2017,4,9,17,267,173,10135,152,26,-9999,-9999,-9999
2327,2017,4,9,18,267,174,10132,170,29,-9999,-9999,-9999
2328,2017,4,9,19,250,181,10137,175,33,-9999,-9999,-9999
2329,2017,4,9,20,237,179,10143,154,36,-9999,-9999,-9999
2330,2017,4,9,21,225,182,10152,161,28,-9999,-9999,-9999
2331,2017,4,9,22,220,182,10157,133,20,-9999,-9999,-9999
2332,2017,4,9,23,220,184,10164,134,17,-9999,-9999,-9999
2333,2017,4,10,0,217,182,10171,140,16,-9999,-9999,-9999
2334,2017,4,10,1,216,177,10174,104,20,-9999,-9999,-9999
2335,2017,4,10,2,212,185,10171,160,13,-9999,-9999,-9999
2336,2017,4,10,3,211,189,10170,129,13,-9999,-9999,-9999
2337,2017,4,10,4,210,187,10166,141,16,-9999,-9999,-9999
2338,2017,4,10,5,210,185,10159,122,15,-9999,-9999,-9999
2339,2017,4,10,6,210,184,10156,114,22,-9999,-9999,-9999
2340,2017,4,10,7,210,182,10153,107,17,-9999,-9999,-9999
2341,2017,4,10,8,210,183,10154,125,13,-9999,-9999,-9999
2342,2017,4,10,9,206,183,10156,89,18,-9999,-9999,-9999
2343,2017,4,10,10,206,182,10158,84,18,-9999,-9999,-9999
2344,2017,4,10,11,220,179,10160,77,20,-9999,-9999,-9999
2345,2017,4,10,12,242,184,10155,79,15,-9999,-9999,-9999
2346,2017,4,10,13,246,176,10153,88,30,-9999,-9999,-9999
2347,2017,4,10,14,260,173,10144,107,19,-9999,-9999,-9999
2348,2017,4,10,15,270,178,10134,184,14,-9999,-9999,-9999
2349,2017,4,10,16,276,182,10124,192,10,-9999,-9999,-9999
2350,2017,4,10,17,281,171,10113,106,18,-9999,-9999,-9999
2351,2017,4,10,18,281,169,10110,179,5,-9999,-9999,-9999
2352,2017,4,10,19,270,189,10112,156,24,-9999,-9999,-9999
2353,2017,4,10,20,260,195,10119,151,28,-9999,-9999,-9999
2354,2017,4,10,21,237,196,10135,186,27,-9999,-9999,-9999
2355,2017,4,10,22,220,200,10147,215,18,-9999,-9999,-9999
2356,2017,4,10,23,225,201,10151,162,18,-9999,-9999,-9999
2357,2017,4,11,0,225,201,10157,139,17,-9999,-9999,-9999
2358,2017,4,11,1,222,198,10161,149,13,-9999,-9999,-9999
2359,2017,4,11,2,222,194,10161,126,6,-9999,-9999,-9999
2360,2017,4,11,4,220,193,10150,87,11,-9999,-9999,-9999
2361,2017,4,11,5,217,190,10143,102,16,-9999,-9999,-9999
2362,2017,4,11,6,212,190,10140,96,17,-9999,-9999,-9999
2363,2017,4,11,7,215,189,10138,73,14,-9999,-9999,-9999
2364,2017,4,11,8,212,186,10142,81,27,-9999,-9999,-9999
2365,2017,4,11,9,212,186,10147,57,17,-9999,-9999,-9999
2366,2017,4,11,10,212,186,10153,12,11,-9999,-9999,-9999
2367,2017,4,11,11,237,190,10148,33,3,-9999,-9999,-9999
2368,2017,4,11,12,245,184,10147,32,3,-9999,-9999,-9999
2369,2017,4,11,13,256,194,10140,25,12,-9999,-9999,-9999
2370,2017,4,11,14,270,186,10130,303,18,-9999,-9999,-9999
2371,2017,4,11,15,277,177,10121,309,35,-9999,-9999,-9999
2372,2017,4,11,16,295,150,10110,283,35,-9999,-9999,-9999
2373,2017,4,11,17,287,159,10105,281,30,-9999,-9999,-9999
2374,2017,4,11,18,287,161,10100,291,33,-9999,-9999,-9999
2375,2017,4,11,19,282,162,10101,255,20,-9999,-9999,-9999
2376,2017,4,11,20,285,160,10099,241,25,-9999,-9999,-9999
2377,2017,4,11,21,270,162,10111,243,23,-9999,-9999,-9999
2378,2017,4,11,22,265,166,10118,228,9,-9999,-9999,-9999
2379,2017,4,11,23,252,200,10131,152,13,-9999,-9999,-9999
2380,2017,4,12,0,247,197,10137,153,10,-9999,-9999,-9999
2381,2017,4,12,1,247,177,10142,191,16,-9999,-9999,-9999
2382,2017,4,12,2,241,180,10144,227,4,-9999,-9999,-9999
2383,2017,4,12,3,240,184,10143,211,31,-9999,-9999,-9999
2384,2017,4,12,4,230,188,10138,173,18,-9999,-9999,-9999
2385,2017,4,12,5,226,191,10138,170,24,-9999,-9999,-9999
2386,2017,4,12,6,225,192,10135,178,16,-9999,-9999,-9999
2387,2017,4,12,7,221,183,10135,168,34,-9999,-9999,-9999
2388,2017,4,12,8,217,188,10140,169,22,-9999,-9999,-9999
2389,2017,4,12,9,217,184,10147,170,27,-9999,-9999,-9999
2390,2017,4,12,10,202,180,10165,182,38,-9999,-9999,-9999
2391,2017,4,12,11,197,167,10177,186,35,-9999,-9999,-9999
2392,2017,4,12,12,197,163,10185,169,35,-9999,-9999,-9999
2393,2017,4,12,13,197,163,10188,182,23,-9999,-9999,-9999
2394,2017,4,12,14,202,164,10186,148,23,-9999,-9999,-9999
2395,2017,4,12,15,207,164,10181,187,33,-9999,-9999,-9999
2396,2017,4,12,16,216,172,10171,150,26,-9999,-9999,-9999
2397,2017,4,12,17,202,153,10171,158,43,-9999,-9999,-9999
2398,2017,4,12,18,195,155,10171,161,36,-9999,-9999,-9999
2399,2017,4,12,19,195,154,10169,170,37,-9999,-9999,-9999
2400,2017,4,12,20,182,160,10176,157,33,-9999,-9999,-9999
2401,2017,4,12,21,177,162,10185,146,27,-9999,-9999,-9999
2402,2017,4,12,22,176,155,10192,145,25,-9999,-9999,-9999
2403,2017,4,12,23,181,148,10192,135,21,-9999,-9999,-9999
2404,2017,4,13,0,180,152,10200,151,17,-9999,-9999,-9999
2405,2017,4,13,1,180,152,10201,133,17,-9999,-9999,-9999
2406,2017,4,13,2,180,155,10199,146,21,-9999,-9999,-9999
2407,2017,4,13,3,172,159,10200,167,20,-9999,-9999,-9999
2408,2017,4,13,4,175,162,10197,148,17,-9999,-9999,-9999
2409,2017,4,13,5,176,155,10192,142,20,-9999,-9999,-9999
2410,2017,4,13,6,176,154,10187,150,24,-9999,-9999,-9999
2411,2017,4,13,7,176,154,10184,141,18,-9999,-9999,-9999
2412,2017,4,13,8,175,155,10186,138,18,-9999,-9999,-9999
2413,2017,4,13,9,175,154,10190,147,22,-9999,-9999,-9999
2414,2017,4,13,10,175,153,10196,143,13,-9999,-9999,-9999
2415,2017,4,13,11,181,142,10197,152,26,-9999,-9999,-9999
2416,2017,4,13,12,191,145,10200,146,29,-9999,-9999,-9999
2417,2017,4,13,13,197,143,10203,128,19,-9999,-9999,-9999
2418,2017,4,13,14,192,155,10200,187,27,-9999,-9999,-9999
2419,2017,4,13,15,187,154,10201,162,28,-9999,-9999,-9999
2420,2017,4,13,16,196,152,10189,151,26,-9999,-9999,-9999
2421,2017,4,13,17,197,150,10181,145,20,-9999,-9999,-9999
2422,2017,4,13,18,191,149,10180,153,35,-9999,-9999,-9999
2423,2017,4,13,19,187,147,10181,151,31,-9999,-9999,-9999
2424,2017,4,13,20,192,145,10177,128,21,-9999,-9999,-9999
2425,2017,4,13,21,182,146,10183,149,23,-9999,-9999,-9999
2426,2017,4,13,22,177,148,10191,141,15,-9999,-9999,-9999
2427,2017,4,13,23,172,149,10200,138,23,-9999,-9999,-9999
2428,2017,4,14,0,175,144,10203,116,32,-9999,-9999,-9999
2429,2017,4,14,1,175,142,10203,113,33,-9999,-9999,-9999
2430,2017,4,14,2,172,139,10203,121,26,-9999,-9999,-9999
2431,2017,4,14,3,172,138,10201,115,28,-9999,-9999,-9999
2432,2017,4,14,4,165,142,10200,109,37,-9999,-9999,-9999
2433,2017,4,14,5,170,140,10193,115,22,-9999,-9999,-9999
2434,2017,4,14,6,172,140,10189,111,20,-9999,-9999,-9999
2435,2017,4,14,7,172,140,10184,112,19,-9999,-9999,-9999
2436,2017,4,14,8,171,142,10183,77,22,-9999,-9999,-9999
2437,2017,4,14,9,170,144,10192,104,15,-9999,-9999,-9999
2438,2017,4,14,10,172,145,10197,111,14,-9999,-9999,-9999
2439,2017,4,14,11,175,146,10199,88,22,-9999,-9999,-9999
2440,2017,4,14,12,180,150,10203,75,22,-9999,-9999,-9999
2441,2017,4,14,13,187,150,10204,64,22,-9999,-9999,-9999
2442,2017,4,14,14,205,159,10196,88,12,-9999,-9999,-9999
2443,2017,4,14,15,217,154,10186,135,13,-9999,-9999,-9999
2444,2017,4,14,16,227,159,10176,133,12,-9999,-9999,-9999
2445,2017,4,14,17,230,158,10169,186,14,-9999,-9999,-9999
2446,2017,4,14,18,227,157,10167,175,23,-9999,-9999,-9999
2447,2017,4,14,19,222,159,10168,173,31,-9999,-9999,-9999
2448,2017,4,14,20,210,159,10175,159,28,-9999,-9999,-9999
2449,2017,4,14,21,201,159,10180,158,22,-9999,-9999,-9999
2450,2017,4,14,22,197,158,10184,148,13,-9999,-9999,-9999
2451,2017,4,14,23,196,158,10189,145,16,-9999,-9999,-9999
2452,2017,4,15,0,195,158,10194,140,13,-9999,-9999,-9999
2453,2017,4,15,1,191,155,10195,109,12,-9999,-9999,-9999
2454,2017,4,15,2,190,150,10196,108,14,-9999,-9999,-9999
2455,2017,4,15,3,182,155,10195,84,12,-9999,-9999,-9999
2456,2017,4,15,4,180,158,10191,105,17,-9999,-9999,-9999
2457,2017,4,15,5,180,160,10185,107,19,-9999,-9999,-9999
2458,2017,4,15,6,180,160,10181,95,15,-9999,-9999,-9999
2459,2017,4,15,7,180,161,10178,84,10,-9999,-9999,-9999
2460,2017,4,15,8,185,159,10180,99,22,-9999,-9999,-9999
2461,2017,4,15,9,182,160,10185,96,10,-9999,-9999,-9999
2462,2017,4,15,10,187,164,10185,60,14,-9999,-9999,-9999
2463,2017,4,15,11,197,165,10187,75,14,-9999,-9999,-9999
2464,2017,4,15,12,225,168,10185,76,16,-9999,-9999,-9999
2465,2017,4,15,13,236,160,10183,85,6,-9999,-9999,-9999
2466,2017,4,15,14,245,158,10177,230,11,-9999,-9999,-9999
2467,2017,4,15,15,260,152,10167,246,8,-9999,-9999,-9999
2468,2017,4,15,16,260,137,10161,124,21,-9999,-9999,-9999
2469,2017,4,15,17,272,139,10150,201,16,-9999,-9999,-9999
2470,2017,4,15,18,272,152,10145,151,22,-9999,-9999,-9999
2471,2017,4,15,19,256,152,10152,174,36,-9999,-9999,-9999
2472,2017,4,15,20,242,161,10159,160,31,-9999,-9999,-9999
2473,2017,4,15,21,220,160,10171,128,22,-9999,-9999,-9999
2474,2017,4,15,22,207,159,10178,138,17,-9999,-9999,-9999
2475,2017,4,15,23,202,156,10184,142,14,-9999,-9999,-9999
2476,2017,4,16,0,197,160,10185,129,11,-9999,-9999,-9999
2477,2017,4,16,1,195,157,10185,105,18,-9999,-9999,-9999
2478,2017,4,16,2,192,157,10188,116,11,-9999,-9999,-9999
2479,2017,4,16,3,190,156,10185,110,13,-9999,-9999,-9999
2480,2017,4,16,4,186,158,10178,68,15,-9999,-9999,-9999
2481,2017,4,16,5,180,154,10169,33,12,-9999,-9999,-9999
2482,2017,4,16,6,176,154,10165,51,4,-9999,-9999,-9999
2483,2017,4,16,7,177,156,10162,84,10,-9999,-9999,-9999
2484,2017,4,16,8,172,156,10162,50,9,-9999,-9999,-9999
2485,2017,4,16,9,175,157,10163,48,10,-9999,-9999,-9999
2486,2017,4,16,10,172,154,10169,59,7,-9999,-9999,-9999
2487,2017,4,16,11,176,157,10174,36,9,-9999,-9999,-9999
2488,2017,4,16,12,187,155,10172,42,14,-9999,-9999,-9999
2489,2017,4,16,13,220,156,10162,246,8,-9999,-9999,-9999
2490,2017,4,16,14,251,159,10142,96,7,-9999,-9999,-9999
2491,2017,4,16,15,265,145,10133,311,17,-9999,-9999,-9999
2492,2017,4,16,16,276,128,10122,299,28,-9999,-9999,-9999
2493,2017,4,16,17,285,121,10113,313,32,-9999,-9999,-9999
2494,2017,4,16,18,287,105,10107,251,31,-9999,-9999,-9999
2495,2017,4,16,19,277,96,10108,278,36,-9999,-9999,-9999
2496,2017,4,16,20,266,117,10114,289,32,-9999,-9999,-9999
2497,2017,4,16,21,255,130,10119,265,17,-9999,-9999,-9999
2498,2017,4,16,22,247,137,10126,268,18,-9999,-9999,-9999
2499,2017,4,16,23,242,140,10135,249,18,-9999,-9999,-9999
2500,2017,4,17,0,227,167,10142,181,19,-9999,-9999,-9999
2501,2017,4,17,1,212,172,10150,175,38,-9999,-9999,-9999
2502,2017,4,17,2,207,162,10153,229,16,-9999,-9999,-9999
2503,2017,4,17,3,207,164,10151,172,26,-9999,-9999,-9999
2504,2017,4,17,4,201,163,10150,169,12,-9999,-9999,-9999
2505,2017,4,17,5,205,163,10148,140,12,-9999,-9999,-9999
2506,2017,4,17,6,200,162,10147,165,14,-9999,-9999,-9999
2507,2017,4,17,7,197,160,10145,176,2,-9999,-9999,-9999
2508,2017,4,17,8,200,158,10144,152,5,-9999,-9999,-9999
2509,2017,4,17,9,197,159,10150,143,9,-9999,-9999,-9999
2510,2017,4,17,10,195,162,10161,187,8,-9999,-9999,-9999
2511,2017,4,17,11,197,166,10164,9,0,-9999,-9999,-9999
2512,2017,4,17,12,205,164,10166,143,2,-9999,-9999,-9999
2513,2017,4,17,13,212,168,10166,183,13,-9999,-9999,-9999
2514,2017,4,17,14,212,164,10164,174,21,-9999,-9999,-9999
2515,2017,4,17,15,200,177,10166,150,14,-9999,-9999,-9999
2516,2017,4,17,16,212,160,10157,189,19,-9999,-9999,-9999
2517,2017,4,17,17,187,162,10166,175,41,-9999,-9999,-9999
2518,2017,4,17,18,195,151,10160,168,44,-9999,-9999,-9999
2519,2017,4,17,19,190,146,10164,169,35,-9999,-9999,-9999
2520,2017,4,17,20,192,138,10165,158,19,-9999,-9999,-9999
2521,2017,4,17,21,185,152,10171,136,20,-9999,-9999,-9999
2522,2017,4,17,22,185,157,10175,146,11,-9999,-9999,-9999
2523,2017,4,17,23,182,155,10181,153,30,-9999,-9999,-9999
2524,2017,4,18,0,180,141,10188,147,29,-9999,-9999,-9999
2525,2017,4,18,1,180,141,10190,143,26,-9999,-9999,-9999
2526,2017,4,18,2,177,134,10189,145,29,-9999,-9999,-9999
2527,2017,4,18,3,175,134,10191,157,25,-9999,-9999,-9999
2528,2017,4,18,4,172,127,10189,128,20,-9999,-9999,-9999
2529,2017,4,18,5,172,127,10181,107,32,-9999,-9999,-9999
2530,2017,4,18,6,175,133,10176,112,27,-9999,-9999,-9999
2531,2017,4,18,7,172,138,10174,106,31,-9999,-9999,-9999
2532,2017,4,18,8,175,138,10176,99,32,-9999,-9999,-9999
2533,2017,4,18,9,167,138,10184,110,33,-9999,-9999,-9999
2534,2017,4,18,10,170,138,10192,117,31,-9999,-9999,-9999
2535,2017,4,18,11,176,137,10201,114,37,-9999,-9999,-9999
2536,2017,4,18,12,187,134,10205,124,23,-9999,-9999,-9999
2537,2017,4,18,13,190,122,10207,106,44,-9999,-9999,-9999
2538,2017,4,18,14,200,124,10200,143,30,-9999,-9999,-9999
2539,2017,4,18,15,210,108,10191,128,33,-9999,-9999,-9999
2540,2017,4,18,16,220,115,10182,121,27,-9999,-9999,-9999
2541,2017,4,18,17,216,122,10177,146,34,-9999,-9999,-9999
2542,2017,4,18,18,211,122,10174,133,36,-9999,-9999,-9999
2543,2017,4,18,19,210,117,10175,135,29,-9999,-9999,-9999
2544,2017,4,18,20,200,102,10183,139,32,-9999,-9999,-9999
2545,2017,4,18,21,185,114,10193,120,39,-9999,-9999,-9999
2546,2017,4,18,22,177,117,10196,132,22,-9999,-9999,-9999
2547,2017,4,18,23,172,118,10201,124,28,-9999,-9999,-9999
2548,2017,4,19,0,167,122,10208,117,34,-9999,-9999,-9999
2549,2017,4,19,1,167,124,10210,115,36,-9999,-9999,-9999
2550,2017,4,19,2,167,120,10208,112,39,-9999,-9999,-9999
2551,2017,4,19,3,161,123,10209,106,37,-9999,-9999,-9999
2552,2017,4,19,4,160,120,10205,116,29,-9999,-9999,-9999
2553,2017,4,19,5,157,118,10201,109,34,-9999,-9999,-9999
2554,2017,4,19,6,156,114,10200,116,26,-9999,-9999,-9999
2555,2017,4,19,7,152,113,10201,111,23,-9999,-9999,-9999
2556,2017,4,19,8,150,112,10203,109,21,-9999,-9999,-9999
2557,2017,4,19,9,147,110,10208,121,21,-9999,-9999,-9999
2558,2017,4,19,10,155,111,10210,102,29,-9999,-9999,-9999
2559,2017,4,19,11,161,111,10214,108,36,-9999,-9999,-9999
2560,2017,4,19,12,171,113,10212,91,32,-9999,-9999,-9999
2561,2017,4,19,13,180,111,10208,99,45,-9999,-9999,-9999
2562,2017,4,19,14,190,108,10200,103,47,-9999,-9999,-9999
2563,2017,4,19,15,206,96,10187,80,35,-9999,-9999,-9999
2564,2017,4,19,16,220,104,10170,84,38,-9999,-9999,-9999
2565,2017,4,19,17,226,96,10160,69,37,-9999,-9999,-9999
2566,2017,4,19,18,220,93,10158,90,43,-9999,-9999,-9999
2567,2017,4,19,19,220,119,10157,95,33,-9999,-9999,-9999
2568,2017,4,19,20,210,123,10162,131,29,-9999,-9999,-9999
2569,2017,4,19,21,196,123,10167,121,25,-9999,-9999,-9999
2570,2017,4,19,22,185,126,10171,121,35,-9999,-9999,-9999
2571,2017,4,19,23,177,125,10178,124,22,-9999,-9999,-9999
2572,2017,4,20,0,172,122,10183,108,23,-9999,-9999,-9999
2573,2017,4,20,1,170,124,10186,117,19,-9999,-9999,-9999
2574,2017,4,20,2,167,127,10187,112,23,-9999,-9999,-9999
2575,2017,4,20,3,170,133,10187,119,26,-9999,-9999,-9999
2576,2017,4,20,4,172,133,10182,91,26,-9999,-9999,-9999
2577,2017,4,20,5,170,134,10175,92,24,-9999,-9999,-9999
2578,2017,4,20,6,167,135,10173,84,22,-9999,-9999,-9999
2579,2017,4,20,7,165,134,10170,76,32,-9999,-9999,-9999
2580,2017,4,20,8,162,133,10169,67,36,-9999,-9999,-9999
2581,2017,4,20,9,161,132,10173,80,29,-9999,-9999,-9999
2582,2017,4,20,10,162,134,10178,81,28,-9999,-9999,-9999
2583,2017,4,20,11,167,137,10181,78,29,-9999,-9999,-9999
2584,2017,4,20,12,177,137,10180,90,28,-9999,-9999,-9999
2585,2017,4,20,13,202,139,10167,84,28,-9999,-9999,-9999
2586,2017,4,20,14,220,146,10154,88,18,-9999,-9999,-9999
2587,2017,4,20,15,240,151,10135,74,19,-9999,-9999,-9999
2588,2017,4,20,16,252,148,10122,99,15,-9999,-9999,-9999
2589,2017,4,20,17,257,144,10113,39,15,-9999,-9999,-9999
2590,2017,4,20,18,267,149,10102,29,9,-9999,-9999,-9999
2591,2017,4,20,19,272,144,10095,87,9,-9999,-9999,-9999
2592,2017,4,20,20,262,157,10097,41,20,-9999,-9999,-9999
2593,2017,4,20,21,245,162,10104,37,22,-9999,-9999,-9999
2594,2017,4,20,22,232,161,10111,43,17,-9999,-9999,-9999
2595,2017,4,20,23,227,160,10118,60,15,-9999,-9999,-9999
2596,2017,4,21,0,220,160,10123,74,20,-9999,-9999,-9999
2597,2017,4,21,1,207,157,10126,77,30,-9999,-9999,-9999
2598,2017,4,21,2,200,152,10131,69,16,-9999,-9999,-9999
2599,2017,4,21,3,195,150,10131,71,20,-9999,-9999,-9999
2600,2017,4,21,4,192,149,10130,70,23,-9999,-9999,-9999
2601,2017,4,21,5,187,148,10128,74,13,-9999,-9999,-9999
2602,2017,4,21,6,185,147,10125,70,17,-9999,-9999,-9999
2603,2017,4,21,7,187,147,10128,241,10,-9999,-9999,-9999
2604,2017,4,21,8,192,152,10128,344,12,-9999,-9999,-9999
2605,2017,4,21,9,187,148,10132,58,13,-9999,-9999,-9999
2606,2017,4,21,10,195,151,10133,21,16,-9999,-9999,-9999
2607,2017,4,21,11,201,161,10137,356,13,-9999,-9999,-9999
2608,2017,4,21,12,207,152,10137,16,24,-9999,-9999,-9999
2609,2017,4,21,13,217,153,10133,13,24,-9999,-9999,-9999
2610,2017,4,21,14,230,157,10126,338,21,-9999,-9999,-9999
2611,2017,4,21,15,237,158,10116,331,38,-9999,-9999,-9999
2612,2017,4,21,16,237,161,10107,329,32,-9999,-9999,-9999
2613,2017,4,21,17,242,162,10098,337,35,-9999,-9999,-9999
2614,2017,4,21,18,240,159,10097,335,39,-9999,-9999,-9999
2615,2017,4,21,19,225,171,10101,315,24,-9999,-9999,-9999
2616,2017,4,21,20,225,172,10105,316,39,-9999,-9999,-9999
2617,2017,4,21,21,222,166,10106,304,15,-9999,-9999,-9999
2618,2017,4,21,22,220,166,10112,319,12,-9999,-9999,-9999
2619,2017,4,21,23,215,165,10124,260,25,-9999,-9999,-9999
2620,2017,4,22,0,170,154,10151,242,21,-9999,-9999,-9999
2621,2017,4,22,1,176,157,10146,315,16,-9999,-9999,-9999
2622,2017,4,22,2,176,155,10140,263,13,-9999,-9999,-9999
2623,2017,4,22,3,185,158,10136,340,15,-9999,-9999,-9999
2624,2017,4,22,4,182,154,10132,297,23,-9999,-9999,-9999
2625,2017,4,22,5,181,154,10134,302,28,-9999,-9999,-9999
2626,2017,4,22,6,175,146,10130,303,29,-9999,-9999,-9999
2627,2017,4,22,7,171,139,10132,274,21,-9999,-9999,-9999
2628,2017,4,22,8,167,134,10133,311,47,-9999,-9999,-9999
2629,2017,4,22,9,162,132,10145,280,24,-9999,-9999,-9999
2630,2017,4,22,10,165,126,10152,299,32,-9999,-9999,-9999
2631,2017,4,22,11,167,127,10162,283,36,-9999,-9999,-9999
2632,2017,4,22,12,177,125,10168,282,28,-9999,-9999,-9999
2633,2017,4,22,13,191,125,10164,280,23,-9999,-9999,-9999
2634,2017,4,22,14,207,127,10159,254,24,-9999,-9999,-9999
2635,2017,4,22,15,215,130,10154,240,19,-9999,-9999,-9999
2636,2017,4,22,16,206,124,10152,223,12,-9999,-9999,-9999
2637,2017,4,22,17,217,134,10144,241,9,-9999,-9999,-9999
2638,2017,4,22,18,207,131,10147,256,4,-9999,-9999,-9999
2639,2017,4,22,19,177,154,10167,185,25,-9999,-9999,-9999
2640,2017,4,22,20,172,153,10174,186,19,-9999,-9999,-9999
2641,2017,4,22,21,170,151,10185,190,24,-9999,-9999,-9999
2642,2017,4,22,22,171,144,10189,186,28,-9999,-9999,-9999
2643,2017,4,22,23,172,145,10197,183,30,-9999,-9999,-9999
2644,2017,4,23,0,175,143,10199,151,17,-9999,-9999,-9999
2645,2017,4,23,1,175,143,10201,183,24,-9999,-9999,-9999
2646,2017,4,23,2,172,143,10202,183,20,-9999,-9999,-9999
2647,2017,4,23,3,167,146,10199,179,19,-9999,-9999,-9999
2648,2017,4,23,4,167,147,10196,186,15,-9999,-9999,-9999
2649,2017,4,23,5,167,151,10193,172,20,-9999,-9999,-9999
2650,2017,4,23,6,170,142,10191,146,17,-9999,-9999,-9999
2651,2017,4,23,7,170,141,10193,143,17,-9999,-9999,-9999
2652,2017,4,23,8,170,139,10193,138,12,-9999,-9999,-9999
2653,2017,4,23,9,162,146,10200,161,11,-9999,-9999,-9999
2654,2017,4,23,10,162,146,10208,139,16,-9999,-9999,-9999
2655,2017,4,23,11,167,140,10213,152,32,-9999,-9999,-9999
2656,2017,4,23,12,175,136,10217,139,25,-9999,-9999,-9999
2657,2017,4,23,13,186,133,10214,128,26,-9999,-9999,-9999
2658,2017,4,23,14,196,133,10207,122,23,-9999,-9999,-9999
2659,2017,4,23,15,202,129,10198,122,24,-9999,-9999,-9999
2660,2017,4,23,16,202,129,10188,135,21,-9999,-9999,-9999
2661,2017,4,23,17,207,128,10179,124,17,-9999,-9999,-9999
2662,2017,4,23,18,201,128,10175,158,37,-9999,-9999,-9999
2663,2017,4,23,19,192,135,10179,164,32,-9999,-9999,-9999
2664,2017,4,23,20,187,135,10185,139,24,-9999,-9999,-9999
2665,2017,4,23,21,180,131,10191,126,29,-9999,-9999,-9999
2666,2017,4,23,22,176,134,10198,131,28,-9999,-9999,-9999
2667,2017,4,23,23,175,133,10204,129,22,-9999,-9999,-9999
2668,2017,4,24,0,171,124,10209,113,33,-9999,-9999,-9999
2669,2017,4,24,1,170,115,10212,108,37,-9999,-9999,-9999
2670,2017,4,24,2,170,108,10211,106,38,-9999,-9999,-9999
2671,2017,4,24,3,167,104,10209,105,44,-9999,-9999,-9999
2672,2017,4,24,4,165,105,10204,112,33,-9999,-9999,-9999
2673,2017,4,24,5,161,107,10201,118,26,-9999,-9999,-9999
2674,2017,4,24,6,157,108,10198,115,23,-9999,-9999,-9999
2675,2017,4,24,7,155,113,10197,111,25,-9999,-9999,-9999
2676,2017,4,24,8,155,115,10195,102,26,-9999,-9999,-9999
2677,2017,4,24,9,152,106,10200,76,22,-9999,-9999,-9999
2678,2017,4,24,10,152,110,10205,76,26,-9999,-9999,-9999
2679,2017,4,24,11,175,124,10203,64,25,-9999,-9999,-9999
2680,2017,4,24,12,185,120,10203,76,30,-9999,-9999,-9999
2681,2017,4,24,13,206,129,10196,72,32,-9999,-9999,-9999
2682,2017,4,24,14,212,130,10186,86,34,-9999,-9999,-9999
2683,2017,4,24,15,232,142,10170,104,24,-9999,-9999,-9999
2684,2017,4,24,16,242,141,10153,108,15,-9999,-9999,-9999
2685,2017,4,24,17,251,145,10140,105,9,-9999,-9999,-9999
2686,2017,4,24,18,260,148,10133,85,10,-9999,-9999,-9999
2687,2017,4,24,19,265,145,10127,314,9,-9999,-9999,-9999
2688,2017,4,24,20,255,144,10133,144,5,-9999,-9999,-9999
2689,2017,4,24,21,227,159,10146,165,24,-9999,-9999,-9999
2690,2017,4,24,22,192,156,10167,192,23,-9999,-9999,-9999
2691,2017,4,24,23,190,156,10176,182,22,-9999,-9999,-9999
2692,2017,4,25,0,192,159,10178,149,19,-9999,-9999,-9999
2693,2017,4,25,1,190,157,10178,140,14,-9999,-9999,-9999
2694,2017,4,25,2,190,157,10177,131,15,-9999,-9999,-9999
2695,2017,4,25,3,190,157,10173,112,22,-9999,-9999,-9999
2696,2017,4,25,4,190,155,10167,88,29,-9999,-9999,-9999
2697,2017,4,25,5,185,152,10161,76,29,-9999,-9999,-9999
2698,2017,4,25,6,182,153,10155,62,26,-9999,-9999,-9999
2699,2017,4,25,7,182,152,10150,75,25,-9999,-9999,-9999
2700,2017,4,25,8,180,150,10144,76,29,-9999,-9999,-9999
2701,2017,4,25,9,180,150,10148,81,30,-9999,-9999,-9999
2702,2017,4,25,10,180,149,10152,77,29,-9999,-9999,-9999
2703,2017,4,25,11,195,150,10151,66,23,-9999,-9999,-9999
2704,2017,4,25,12,207,153,10150,74,23,-9999,-9999,-9999
2705,2017,4,25,13,230,156,10141,84,21,-9999,-9999,-9999
2706,2017,4,25,14,261,153,10123,5,24,-9999,-9999,-9999
2707,2017,4,25,15,267,156,10112,335,21,-9999,-9999,-9999
2708,2017,4,25,16,280,160,10099,343,32,-9999,-9999,-9999
2709,2017,4,25,17,285,146,10089,12,30,-9999,-9999,-9999
2710,2017,4,25,18,277,155,10087,351,29,-9999,-9999,-9999
2711,2017,4,25,19,280,147,10085,306,30,-9999,-9999,-9999
2712,2017,4,25,20,272,151,10092,356,17,-9999,-9999,-9999
2713,2017,4,25,21,247,168,10103,43,16,-9999,-9999,-9999
2714,2017,4,25,22,237,168,10112,46,10,-9999,-9999,-9999
2715,2017,4,25,23,230,166,10118,49,14,-9999,-9999,-9999
2716,2017,4,26,0,225,162,10122,38,16,-9999,-9999,-9999
2717,2017,4,26,1,220,160,10121,56,13,-9999,-9999,-9999
2718,2017,4,26,2,220,159,10116,57,13,-9999,-9999,-9999
2719,2017,4,26,3,212,156,10115,54,4,-9999,-9999,-9999
2720,2017,4,26,4,217,156,10101,47,11,-9999,-9999,-9999
2721,2017,4,26,5,222,155,10092,22,22,-9999,-9999,-9999
2722,2017,4,26,6,221,155,10085,32,21,-9999,-9999,-9999
2723,2017,4,26,7,225,155,10086,8,28,-9999,-9999,-9999
2724,2017,4,26,8,222,155,10085,360,31,-9999,-9999,-9999
2725,2017,4,26,9,220,156,10096,357,26,-9999,-9999,-9999
2726,2017,4,26,10,221,157,10094,4,23,-9999,-9999,-9999
2727,2017,4,26,11,232,159,10093,350,40,-9999,-9999,-9999
2728,2017,4,26,12,237,160,10104,342,49,-9999,-9999,-9999
2729,2017,4,26,13,220,172,10117,297,38,-9999,-9999,-9999
2730,2017,4,26,14,212,172,10116,335,53,-9999,-9999,-9999
2731,2017,4,26,15,200,169,10122,317,58,-9999,-9999,-9999
2732,2017,4,26,19,197,152,10109,320,36,-9999,-9999,-9999
2733,2017,4,26,20,196,156,10121,301,32,-9999,-9999,-9999
2734,2017,4,26,21,187,155,10123,310,33,-9999,-9999,-9999
2735,2017,4,26,23,185,156,10121,7,10,-9999,-9999,-9999
2736,2017,4,27,0,190,148,10126,296,29,-9999,-9999,-9999
2737,2017,4,27,1,187,151,10128,303,27,-9999,-9999,-9999
2738,2017,4,27,2,191,151,10136,303,38,-9999,-9999,-9999
2739,2017,4,27,3,190,155,10132,296,17,-9999,-9999,-9999
2740,2017,4,27,4,191,153,10124,320,36,-9999,-9999,-9999
2741,2017,4,27,5,190,155,10132,274,26,-9999,-9999,-9999
2742,2017,4,27,6,185,155,10130,295,31,-9999,-9999,-9999
2743,2017,4,27,7,185,155,10134,276,21,-9999,-9999,-9999
2744,2017,4,27,8,185,157,10143,263,17,-9999,-9999,-9999
2745,2017,4,27,9,182,153,10153,267,17,-9999,-9999,-9999
2746,2017,4,27,10,177,155,10164,255,19,-9999,-9999,-9999
2747,2017,4,27,12,185,156,10176,286,13,-9999,-9999,-9999
2748,2017,4,27,13,197,152,10174,198,9,-9999,-9999,-9999
2749,2017,4,27,14,195,150,10175,159,18,-9999,-9999,-9999
2750,2017,4,27,15,187,152,10172,179,18,-9999,-9999,-9999
2751,2017,4,27,16,190,146,10168,174,22,-9999,-9999,-9999
2752,2017,4,27,17,165,141,10176,176,31,-9999,-9999,-9999
2753,2017,4,27,18,156,130,10182,165,22,-9999,-9999,-9999
2754,2017,4,27,19,160,129,10182,151,16,-9999,-9999,-9999
2755,2017,4,27,20,156,125,10188,140,17,-9999,-9999,-9999
2756,2017,4,27,21,147,119,10195,137,21,-9999,-9999,-9999
2757,2017,4,27,22,145,117,10200,147,15,-9999,-9999,-9999
2758,2017,4,27,23,142,119,10208,141,14,-9999,-9999,-9999
2759,2017,4,28,0,145,123,10214,148,13,-9999,-9999,-9999
2760,2017,4,28,1,145,123,10217,135,19,-9999,-9999,-9999
2761,2017,4,28,2,145,127,10214,133,19,-9999,-9999,-9999
2762,2017,4,28,3,146,125,10216,165,22,-9999,-9999,-9999
2763,2017,4,28,4,146,123,10214,142,25,-9999,-9999,-9999
2764,2017,4,28,5,145,120,10214,139,20,-9999,-9999,-9999
2765,2017,4,28,6,145,118,10210,138,21,-9999,-9999,-9999
2766,2017,4,28,7,145,118,10208,138,21,-9999,-9999,-9999
2767,2017,4,28,8,137,121,10212,128,24,-9999,-9999,-9999
2768,2017,4,28,9,137,118,10219,125,21,-9999,-9999,-9999
2769,2017,4,28,10,137,115,10228,125,26,-9999,-9999,-9999
2770,2017,4,28,11,137,113,10236,153,19,-9999,-9999,-9999
2771,2017,4,28,12,137,112,10244,143,21,-9999,-9999,-9999
2772,2017,4,28,13,142,113,10246,153,21,-9999,-9999,-9999
2773,2017,4,28,14,150,112,10241,133,23,-9999,-9999,-9999
2774,2017,4,28,15,157,112,10232,138,22,-9999,-9999,-9999
2775,2017,4,28,16,157,108,10226,127,26,-9999,-9999,-9999
2776,2017,4,28,17,157,113,10220,130,22,-9999,-9999,-9999
2777,2017,4,28,18,157,113,10217,127,20,-9999,-9999,-9999
2778,2017,4,28,19,155,112,10217,137,20,-9999,-9999,-9999
2779,2017,4,28,20,150,108,10220,128,20,-9999,-9999,-9999
2780,2017,4,28,21,142,113,10226,127,24,-9999,-9999,-9999
2781,2017,4,28,22,136,117,10234,137,18,-9999,-9999,-9999
2782,2017,4,28,23,137,115,10239,126,25,-9999,-9999,-9999
2783,2017,4,29,0,136,115,10245,116,30,-9999,-9999,-9999
2784,2017,4,29,1,137,115,10246,133,17,-9999,-9999,-9999
2785,2017,4,29,2,135,118,10248,119,21,-9999,-9999,-9999
2786,2017,4,29,3,140,116,10243,112,31,-9999,-9999,-9999
2787,2017,4,29,4,141,115,10235,116,24,-9999,-9999,-9999
2788,2017,4,29,5,142,113,10229,114,33,-9999,-9999,-9999
2789,2017,4,29,6,145,113,10226,115,34,-9999,-9999,-9999
2790,2017,4,29,7,142,113,10223,116,21,-9999,-9999,-9999
2791,2017,4,29,8,145,113,10221,108,25,-9999,-9999,-9999
2792,2017,4,29,9,145,115,10226,120,23,-9999,-9999,-9999
2793,2017,4,29,10,146,116,10233,109,32,-9999,-9999,-9999
2794,2017,4,29,11,151,117,10234,101,38,-9999,-9999,-9999
2795,2017,4,29,12,156,118,10240,107,40,-9999,-9999,-9999
2796,2017,4,29,13,167,120,10238,108,34,-9999,-9999,-9999
2797,2017,4,29,14,180,123,10228,96,32,-9999,-9999,-9999
2798,2017,4,29,15,186,127,10219,96,26,-9999,-9999,-9999
2799,2017,4,29,16,187,125,10212,107,30,-9999,-9999,-9999
2800,2017,4,29,17,190,128,10208,127,24,-9999,-9999,-9999
2801,2017,4,29,18,182,130,10211,129,22,-9999,-9999,-9999
2802,2017,4,29,19,170,133,10218,158,30,-9999,-9999,-9999
2803,2017,4,29,20,165,132,10227,149,28,-9999,-9999,-9999
2804,2017,4,29,21,162,134,10232,132,21,-9999,-9999,-9999
2805,2017,4,29,22,157,133,10238,157,27,-9999,-9999,-9999
2806,2017,4,29,23,157,135,10242,148,22,-9999,-9999,-9999
2807,2017,4,30,0,161,134,10243,136,12,-9999,-9999,-9999
2808,2017,4,30,1,161,120,10245,121,28,-9999,-9999,-9999
2809,2017,4,30,2,156,122,10245,113,35,-9999,-9999,-9999
2810,2017,4,30,3,157,126,10242,117,29,-9999,-9999,-9999
2811,2017,4,30,4,157,129,10238,125,24,-9999,-9999,-9999
2812,2017,4,30,5,156,126,10233,119,28,-9999,-9999,-9999
2813,2017,4,30,6,156,125,10231,110,31,-9999,-9999,-9999
2814,2017,4,30,7,155,126,10228,114,23,-9999,-9999,-9999
2815,2017,4,30,8,157,126,10227,106,33,-9999,-9999,-9999
2816,2017,4,30,9,155,129,10231,108,28,-9999,-9999,-9999
2817,2017,4,30,10,152,133,10239,101,24,-9999,-9999,-9999
2818,2017,4,30,11,166,134,10241,112,21,-9999,-9999,-9999
2819,2017,4,30,12,175,129,10245,92,28,-9999,-9999,-9999
2820,2017,4,30,13,187,122,10243,93,29,-9999,-9999,-9999
2821,2017,4,30,14,196,119,10233,88,32,-9999,-9999,-9999
2822,2017,4,30,15,215,122,10221,78,30,-9999,-9999,-9999
2823,2017,4,30,16,212,117,10215,73,30,-9999,-9999,-9999
2824,2017,4,30,17,207,126,10209,120,25,-9999,-9999,-9999
2825,2017,4,30,18,206,132,10207,113,37,-9999,-9999,-9999
2826,2017,4,30,19,212,128,10203,130,22,-9999,-9999,-9999
2827,2017,4,30,20,195,138,10215,154,30,-9999,-9999,-9999
2828,2017,4,30,21,180,133,10226,159,31,-9999,-9999,-9999
2829,2017,4,30,22,177,136,10232,141,22,-9999,-9999,-9999
2830,2017,4,30,23,175,137,10237,127,25,-9999,-9999,-9999
2831,2017,5,1,0,170,135,10238,115,28,-9999,-9999,-9999
2832,2017,5,1,1,167,134,10241,119,23,-9999,-9999,-9999
2833,2017,5,1,2,165,132,10241,117,27,-9999,-9999,-9999
2834,2017,5,1,3,161,132,10243,115,24,-9999,-9999,-9999
2835,2017,5,1,4,160,126,10239,110,19,-9999,-9999,-9999
2836,2017,5,1,5,160,126,10236,103,23,-9999,-9999,-9999
2837,2017,5,1,6,160,125,10230,91,27,-9999,-9999,-9999
2838,2017,5,1,7,160,124,10227,95,28,-9999,-9999,-9999
2839,2017,5,1,8,155,122,10229,93,24,-9999,-9999,-9999
2840,2017,5,1,9,155,123,10234,92,27,-9999,-9999,-9999
2841,2017,5,1,10,152,123,10240,86,24,-9999,-9999,-9999
2842,2017,5,1,11,170,127,10241,81,24,-9999,-9999,-9999
2843,2017,5,1,12,180,127,10241,85,39,-9999,-9999,-9999
2844,2017,5,1,13,200,130,10233,93,30,-9999,-9999,-9999
2845,2017,5,1,14,210,130,10224,85,28,-9999,-9999,-9999
2846,2017,5,1,15,220,128,10213,93,21,-9999,-9999,-9999
2847,2017,5,1,16,221,115,10205,113,18,-9999,-9999,-9999
2848,2017,5,1,17,232,97,10192,82,9,-9999,-9999,-9999
2849,2017,5,1,19,216,136,10196,162,32,-9999,-9999,-9999
2850,2017,5,1,20,196,133,10210,148,24,-9999,-9999,-9999
2851,2017,5,1,21,182,131,10217,151,21,-9999,-9999,-9999
2852,2017,5,1,22,177,131,10218,129,20,-9999,-9999,-9999
2853,2017,5,1,23,175,131,10222,114,25,-9999,-9999,-9999
2854,2017,5,2,0,172,131,10224,117,24,-9999,-9999,-9999
2855,2017,5,2,1,167,129,10224,124,21,-9999,-9999,-9999
2856,2017,5,2,2,170,129,10224,112,16,-9999,-9999,-9999
2857,2017,5,2,3,166,129,10223,113,17,-9999,-9999,-9999
2858,2017,5,2,4,162,130,10225,161,4,-9999,-9999,-9999
2859,2017,5,2,5,166,131,10217,136,8,-9999,-9999,-9999
2860,2017,5,2,6,167,131,10214,127,11,-9999,-9999,-9999
2861,2017,5,2,7,162,129,10211,103,20,-9999,-9999,-9999
2862,2017,5,2,8,161,130,10203,83,24,-9999,-9999,-9999
2863,2017,5,2,9,160,130,10207,71,21,-9999,-9999,-9999
2864,2017,5,2,10,161,130,10212,70,29,-9999,-9999,-9999
2865,2017,5,2,11,162,132,10211,82,28,-9999,-9999,-9999
2866,2017,5,2,12,170,133,10221,74,19,-9999,-9999,-9999
2867,2017,5,2,13,176,134,10220,92,27,-9999,-9999,-9999
2868,2017,5,2,14,196,137,10212,89,24,-9999,-9999,-9999
2869,2017,5,2,15,207,136,10199,77,22,-9999,-9999,-9999
2870,2017,5,2,16,217,134,10185,93,20,-9999,-9999,-9999
2871,2017,5,2,17,227,136,10179,88,9,-9999,-9999,-9999
2872,2017,5,2,18,235,126,10173,68,14,-9999,-9999,-9999
2873,2017,5,2,19,221,139,10177,159,19,-9999,-9999,-9999
2874,2017,5,2,20,206,146,10184,161,25,-9999,-9999,-9999
2875,2017,5,2,21,192,147,10191,154,17,-9999,-9999,-9999
2876,2017,5,2,22,185,146,10201,171,17,-9999,-9999,-9999
2877,2017,5,2,23,182,146,10207,171,10,-9999,-9999,-9999
2878,2017,5,3,0,180,144,10212,113,14,-9999,-9999,-9999
2879,2017,5,3,1,175,143,10212,93,20,-9999,-9999,-9999
2880,2017,5,3,2,172,144,10212,79,21,-9999,-9999,-9999
2881,2017,5,3,3,167,140,10212,92,17,-9999,-9999,-9999
2882,2017,5,3,4,165,137,10213,92,17,-9999,-9999,-9999
2883,2017,5,3,5,160,136,10211,88,17,-9999,-9999,-9999
2884,2017,5,3,6,157,135,10208,104,18,-9999,-9999,-9999
2885,2017,5,3,7,157,135,10206,73,20,-9999,-9999,-9999
2886,2017,5,3,8,155,133,10209,73,20,-9999,-9999,-9999
2887,2017,5,3,9,155,134,10217,70,17,-9999,-9999,-9999
2888,2017,5,3,10,155,134,10225,73,14,-9999,-9999,-9999
2889,2017,5,3,11,157,135,10229,59,14,-9999,-9999,-9999
2890,2017,5,3,12,161,134,10234,111,21,-9999,-9999,-9999
2891,2017,5,3,13,191,140,10222,53,15,-9999,-9999,-9999
2892,2017,5,3,14,205,137,10207,109,15,-9999,-9999,-9999
2893,2017,5,3,15,217,136,10194,116,15,-9999,-9999,-9999
2894,2017,5,3,16,237,137,10178,117,11,-9999,-9999,-9999
2895,2017,5,3,17,241,120,10173,87,18,-9999,-9999,-9999
2896,2017,5,3,18,246,120,10166,97,16,-9999,-9999,-9999
2897,2017,5,3,19,227,153,10172,151,26,-9999,-9999,-9999
2898,2017,5,3,20,202,151,10182,172,26,-9999,-9999,-9999
2899,2017,5,3,21,195,149,10189,143,13,-9999,-9999,-9999
2900,2017,5,3,22,190,149,10193,163,9,-9999,-9999,-9999
2901,2017,5,3,23,185,145,10198,137,14,-9999,-9999,-9999
2902,2017,5,4,0,175,145,10203,157,10,-9999,-9999,-9999
2903,2017,5,4,1,171,145,10201,145,9,-9999,-9999,-9999
2904,2017,5,4,2,171,146,10200,98,15,-9999,-9999,-9999
2905,2017,5,4,3,167,143,10198,94,15,-9999,-9999,-9999
2906,2017,5,4,4,162,142,10195,90,14,-9999,-9999,-9999
2907,2017,5,4,5,161,141,10190,80,12,-9999,-9999,-9999
2908,2017,5,4,6,156,137,10188,53,6,-9999,-9999,-9999
2909,2017,5,4,7,156,138,10184,73,8,-9999,-9999,-9999
2910,2017,5,4,8,155,136,10184,64,21,-9999,-9999,-9999
2911,2017,5,4,9,152,135,10190,65,16,-9999,-9999,-9999
2912,2017,5,4,10,150,135,10199,69,20,-9999,-9999,-9999
2913,2017,5,4,11,155,140,10203,49,13,-9999,-9999,-9999
2914,2017,5,4,12,170,145,10204,79,12,-9999,-9999,-9999
2915,2017,5,4,13,192,141,10195,78,21,-9999,-9999,-9999
2916,2017,5,4,14,217,144,10181,73,19,-9999,-9999,-9999
2917,2017,5,4,15,235,140,10165,77,21,-9999,-9999,-9999
2918,2017,5,4,18,246,139,10141,338,17,-9999,-9999,-9999
2919,2017,5,4,19,247,142,10140,2,11,-9999,-9999,-9999
2920,2017,5,4,21,225,146,10149,70,16,-9999,-9999,-9999
2921,2017,5,4,22,217,149,10154,71,8,-9999,-9999,-9999
2922,2017,5,4,23,216,149,10159,63,15,-9999,-9999,-9999
2923,2017,5,5,0,212,151,10164,66,1,-9999,-9999,-9999
2924,2017,5,5,1,207,156,10168,58,4,-9999,-9999,-9999
2925,2017,5,5,2,210,160,10171,289,24,-9999,-9999,-9999
2926,2017,5,5,3,175,159,10184,186,20,-9999,-9999,-9999
2927,2017,5,5,4,181,165,10176,352,9,-9999,-9999,-9999
2928,2017,5,5,5,181,164,10173,77,5,-9999,-9999,-9999
2929,2017,5,5,6,180,163,10172,68,0,-9999,-9999,-9999
2930,2017,5,5,7,180,162,10171,264,14,-9999,-9999,-9999
2931,2017,5,5,8,180,163,10170,357,12,-9999,-9999,-9999
2932,2017,5,5,9,175,158,10173,133,1,-9999,-9999,-9999
2933,2017,5,5,10,175,154,10181,12,17,-9999,-9999,-9999
2934,2017,5,5,11,172,149,10189,345,13,-9999,-9999,-9999
2935,2017,5,5,12,175,151,10194,48,10,-9999,-9999,-9999
2936,2017,5,5,13,175,153,10195,43,11,-9999,-9999,-9999
2937,2017,5,5,14,172,153,10195,347,15,-9999,-9999,-9999
2938,2017,5,5,15,175,152,10184,11,12,-9999,-9999,-9999
2939,2017,5,5,16,191,152,10171,51,15,-9999,-9999,-9999
2940,2017,5,5,17,190,152,10166,24,9,-9999,-9999,-9999
2941,2017,5,5,18,202,153,10154,10,11,-9999,-9999,-9999
2942,2017,5,5,19,201,158,10151,63,11,-9999,-9999,-9999
2943,2017,5,5,20,192,153,10154,53,13,-9999,-9999,-9999
2944,2017,5,5,21,187,148,10161,75,11,-9999,-9999,-9999
2945,2017,5,5,22,180,152,10164,73,16,-9999,-9999,-9999
2946,2017,5,5,23,151,129,10192,233,25,-9999,-9999,-9999
2947,2017,5,6,0,160,132,10194,306,19,-9999,-9999,-9999
2948,2017,5,6,1,161,129,10183,310,24,-9999,-9999,-9999
2949,2017,5,6,2,160,132,10183,249,15,-9999,-9999,-9999
2950,2017,5,6,3,161,130,10179,315,28,-9999,-9999,-9999
2951,2017,5,6,4,157,127,10182,334,17,-9999,-9999,-9999
2952,2017,5,6,5,155,130,10175,35,4,-9999,-9999,-9999
2953,2017,5,6,6,157,132,10170,270,10,-9999,-9999,-9999
2954,2017,5,6,7,151,129,10171,129,1,-9999,-9999,-9999
2955,2017,5,6,8,147,129,10180,213,0,-9999,-9999,-9999
2956,2017,5,6,9,147,130,10185,293,5,-9999,-9999,-9999
2957,2017,5,6,10,151,131,10185,9,7,-9999,-9999,-9999
2958,2017,5,6,11,171,138,10187,347,3,-9999,-9999,-9999
2959,2017,5,6,12,175,138,10196,184,11,-9999,-9999,-9999
2960,2017,5,6,13,186,139,10194,303,2,-9999,-9999,-9999
2961,2017,5,6,14,192,134,10190,253,1,-9999,-9999,-9999
2962,2017,5,6,15,200,138,10181,199,12,-9999,-9999,-9999
2963,2017,5,6,16,211,130,10168,119,11,-9999,-9999,-9999
2964,2017,5,6,17,220,129,10158,278,10,-9999,-9999,-9999
2965,2017,5,6,18,220,136,10155,186,17,-9999,-9999,-9999
2966,2017,5,6,19,222,142,10156,171,19,-9999,-9999,-9999
2967,2017,5,6,20,205,146,10164,166,29,-9999,-9999,-9999
2968,2017,5,6,21,192,147,10174,164,25,-9999,-9999,-9999
2969,2017,5,6,22,187,149,10182,176,10,-9999,-9999,-9999
2970,2017,5,6,23,185,150,10188,173,35,-9999,-9999,-9999
2971,2017,5,7,0,177,156,10196,168,14,-9999,-9999,-9999
2972,2017,5,7,1,180,149,10194,153,23,-9999,-9999,-9999
2973,2017,5,7,2,180,148,10191,158,16,-9999,-9999,-9999
2974,2017,5,7,3,177,150,10187,161,11,-9999,-9999,-9999
2975,2017,5,7,4,176,144,10183,129,13,-9999,-9999,-9999
2976,2017,5,7,5,175,141,10180,139,15,-9999,-9999,-9999
2977,2017,5,7,6,170,141,10175,161,20,-9999,-9999,-9999
2978,2017,5,7,7,170,142,10171,149,7,-9999,-9999,-9999
2979,2017,5,7,8,165,145,10175,171,11,-9999,-9999,-9999
2980,2017,5,7,9,167,150,10180,127,4,-9999,-9999,-9999
2981,2017,5,7,10,167,151,10185,114,12,-9999,-9999,-9999
2982,2017,5,7,11,180,151,10186,116,16,-9999,-9999,-9999
2983,2017,5,7,12,185,141,10191,104,29,-9999,-9999,-9999
2984,2017,5,7,13,197,143,10187,104,22,-9999,-9999,-9999
2985,2017,5,7,14,207,137,10177,85,27,-9999,-9999,-9999
2986,2017,5,7,15,220,142,10166,85,19,-9999,-9999,-9999
2987,2017,5,7,16,210,143,10164,170,24,-9999,-9999,-9999
2988,2017,5,7,17,220,143,10154,195,24,-9999,-9999,-9999
2989,2017,5,7,18,205,145,10155,180,36,-9999,-9999,-9999
2990,2017,5,7,19,202,142,10155,163,36,-9999,-9999,-9999
2991,2017,5,7,20,191,141,10163,140,20,-9999,-9999,-9999
2992,2017,5,7,21,182,137,10169,171,26,-9999,-9999,-9999
2993,2017,5,7,22,181,138,10173,141,16,-9999,-9999,-9999
2994,2017,5,7,23,180,139,10177,137,17,-9999,-9999,-9999
2995,2017,5,8,0,172,134,10179,102,20,-9999,-9999,-9999
2996,2017,5,8,1,170,134,10180,109,27,-9999,-9999,-9999
2997,2017,5,8,2,165,133,10177,94,19,-9999,-9999,-9999
2998,2017,5,8,3,162,133,10176,84,23,-9999,-9999,-9999
2999,2017,5,8,4,161,132,10170,111,15,-9999,-9999,-9999
3000,2017,5,8,5,155,130,10165,116,7,-9999,-9999,-9999
3001,2017,5,8,6,152,132,10161,127,12,-9999,-9999,-9999
3002,2017,5,8,7,150,129,10161,105,12,-9999,-9999,-9999
3003,2017,5,8,8,146,129,10162,63,7,-9999,-9999,-9999
3004,2017,5,8,9,145,129,10167,68,9,-9999,-9999,-9999
3005,2017,5,8,10,142,126,10173,82,13,-9999,-9999,-9999
3006,2017,5,8,11,151,134,10174,91,13,-9999,-9999,-9999
3007,2017,5,8,12,165,133,10171,85,26,-9999,-9999,-9999
3008,2017,5,8,13,177,137,10170,62,23,-9999,-9999,-9999
3009,2017,5,8,14,190,132,10162,68,27,-9999,-9999,-9999
3010,2017,5,8,15,211,139,10146,86,22,-9999,-9999,-9999
3011,2017,5,8,16,217,141,10135,93,11,-9999,-9999,-9999
3012,2017,5,8,17,240,143,10118,105,7,-9999,-9999,-9999
3013,2017,5,8,18,240,138,10110,150,10,-9999,-9999,-9999
3014,2017,5,8,19,240,123,10106,34,14,-9999,-9999,-9999
3015,2017,5,8,20,217,148,10117,165,23,-9999,-9999,-9999
3016,2017,5,8,21,195,151,10133,129,13,-9999,-9999,-9999
3017,2017,5,8,22,191,152,10139,133,14,-9999,-9999,-9999
3018,2017,5,8,23,190,153,10147,145,9,-9999,-9999,-9999
3019,2017,5,9,0,187,150,10151,91,21,-9999,-9999,-9999
3020,2017,5,9,1,185,150,10154,104,14,-9999,-9999,-9999
3021,2017,5,9,2,180,149,10154,83,13,-9999,-9999,-9999
3022,2017,5,9,3,175,149,10158,93,4,-9999,-9999,-9999
3023,2017,5,9,4,177,148,10154,63,8,-9999,-9999,-9999
3024,2017,5,9,5,171,140,10149,60,11,-9999,-9999,-9999
3025,2017,5,9,6,162,141,10150,39,6,-9999,-9999,-9999
3026,2017,5,9,7,157,138,10151,32,5,-9999,-9999,-9999
3027,2017,5,9,8,155,136,10151,51,6,-9999,-9999,-9999
3028,2017,5,9,9,150,129,10158,44,5,-9999,-9999,-9999
3029,2017,5,9,10,146,127,10161,41,6,-9999,-9999,-9999
3030,2017,5,9,11,167,133,10164,261,0,-9999,-9999,-9999
3031,2017,5,9,12,177,136,10162,310,8,-9999,-9999,-9999
3032,2017,5,9,13,202,128,10158,218,8,-9999,-9999,-9999
3033,2017,5,9,14,217,110,10148,299,27,-9999,-9999,-9999
3034,2017,5,9,15,232,74,10136,286,35,-9999,-9999,-9999
3035,2017,5,9,16,242,95,10124,293,28,-9999,-9999,-9999
3036,2017,5,9,17,246,98,10118,297,29,-9999,-9999,-9999
3037,2017,5,9,18,250,100,10118,257,28,-9999,-9999,-9999
3038,2017,5,9,19,250,76,10116,287,21,-9999,-9999,-9999
3039,2017,5,9,20,240,83,10126,265,24,-9999,-9999,-9999
3040,2017,5,9,21,225,101,10135,251,20,-9999,-9999,-9999
3041,2017,5,9,22,217,106,10145,287,17,-9999,-9999,-9999
3042,2017,5,9,23,210,115,10155,282,16,-9999,-9999,-9999
3043,2017,5,10,0,206,117,10162,289,13,-9999,-9999,-9999
3044,2017,5,10,1,195,120,10170,290,0,-9999,-9999,-9999
3045,2017,5,10,2,195,129,10172,155,7,-9999,-9999,-9999
3046,2017,5,10,3,187,144,10175,182,19,-9999,-9999,-9999
3047,2017,5,10,4,182,135,10177,187,12,-9999,-9999,-9999
3048,2017,5,10,5,180,134,10178,171,25,-9999,-9999,-9999
3049,2017,5,10,6,175,138,10179,167,7,-9999,-9999,-9999
3050,2017,5,10,7,172,139,10176,156,12,-9999,-9999,-9999
3051,2017,5,10,8,172,140,10177,177,15,-9999,-9999,-9999
3052,2017,5,10,9,172,140,10185,173,21,-9999,-9999,-9999
3053,2017,5,10,10,175,144,10190,172,16,-9999,-9999,-9999
3054,2017,5,10,11,185,144,10194,162,18,-9999,-9999,-9999
3055,2017,5,10,12,202,138,10193,135,19,-9999,-9999,-9999
3056,2017,5,10,13,206,136,10192,117,17,-9999,-9999,-9999
3057,2017,5,10,14,205,140,10191,188,20,-9999,-9999,-9999
3058,2017,5,10,15,216,132,10178,93,11,-9999,-9999,-9999
3059,2017,5,10,16,227,126,10164,162,12,-9999,-9999,-9999
3060,2017,5,10,17,220,138,10162,181,24,-9999,-9999,-9999
3061,2017,5,10,18,212,138,10165,174,36,-9999,-9999,-9999
3062,2017,5,10,19,210,129,10166,183,22,-9999,-9999,-9999
3063,2017,5,10,20,205,127,10172,156,23,-9999,-9999,-9999
3064,2017,5,10,21,195,133,10179,146,21,-9999,-9999,-9999
3065,2017,5,10,22,187,137,10185,149,20,-9999,-9999,-9999
3066,2017,5,10,23,185,141,10195,135,11,-9999,-9999,-9999
3067,2017,5,11,0,181,137,10197,156,16,-9999,-9999,-9999
3068,2017,5,11,1,180,141,10197,127,12,-9999,-9999,-9999
3069,2017,5,11,2,181,145,10196,143,17,-9999,-9999,-9999
3070,2017,5,11,3,172,143,10196,164,24,-9999,-9999,-9999
3071,2017,5,11,4,175,146,10193,138,13,-9999,-9999,-9999
3072,2017,5,11,5,175,142,10189,119,21,-9999,-9999,-9999
3073,2017,5,11,6,166,147,10188,126,8,-9999,-9999,-9999
3074,2017,5,11,7,165,148,10187,132,13,-9999,-9999,-9999
3075,2017,5,11,8,165,149,10188,113,13,-9999,-9999,-9999
3076,2017,5,11,9,167,151,10191,135,21,-9999,-9999,-9999
3077,2017,5,11,10,162,135,10202,141,29,-9999,-9999,-9999
3078,2017,5,11,11,165,129,10210,137,18,-9999,-9999,-9999
3079,2017,5,11,12,170,128,10215,120,25,-9999,-9999,-9999
3080,2017,5,11,13,176,126,10217,129,26,-9999,-9999,-9999
3081,2017,5,11,14,186,125,10212,121,30,-9999,-9999,-9999
3082,2017,5,11,15,201,122,10199,85,27,-9999,-9999,-9999
3083,2017,5,11,16,201,117,10191,132,19,-9999,-9999,-9999
3084,2017,5,11,17,206,113,10184,134,14,-9999,-9999,-9999
3085,2017,5,11,18,210,108,10178,95,26,-9999,-9999,-9999
3086,2017,5,11,19,200,128,10181,144,26,-9999,-9999,-9999
3087,2017,5,11,20,180,125,10190,152,27,-9999,-9999,-9999
3088,2017,5,11,21,171,125,10197,161,34,-9999,-9999,-9999
3089,2017,5,11,22,166,120,10203,121,26,-9999,-9999,-9999
3090,2017,5,11,23,165,123,10208,111,28,-9999,-9999,-9999
3091,2017,5,12,0,162,121,10210,88,22,-9999,-9999,-9999
3092,2017,5,12,1,156,115,10213,89,31,-9999,-9999,-9999
3093,2017,5,12,2,155,117,10216,115,31,-9999,-9999,-9999
3094,2017,5,12,3,155,113,10211,112,29,-9999,-9999,-9999
3095,2017,5,12,4,152,110,10211,101,39,-9999,-9999,-9999
3096,2017,5,12,5,155,112,10205,89,26,-9999,-9999,-9999
3097,2017,5,12,6,152,108,10201,106,41,-9999,-9999,-9999
3098,2017,5,12,7,146,105,10198,96,26,-9999,-9999,-9999
3099,2017,5,12,8,142,110,10200,81,25,-9999,-9999,-9999
3100,2017,5,12,9,140,110,10204,102,29,-9999,-9999,-9999
3101,2017,5,12,10,141,110,10210,94,23,-9999,-9999,-9999
3102,2017,5,12,11,151,108,10211,93,38,-9999,-9999,-9999
3103,2017,5,12,12,171,113,10211,87,33,-9999,-9999,-9999
3104,2017,5,12,13,186,109,10210,74,26,-9999,-9999,-9999
3105,2017,5,12,14,192,110,10206,100,23,-9999,-9999,-9999
3106,2017,5,12,15,206,106,10192,108,22,-9999,-9999,-9999
3107,2017,5,12,16,217,107,10177,89,21,-9999,-9999,-9999
3108,2017,5,12,17,230,109,10164,38,13,-9999,-9999,-9999
3109,2017,5,12,18,237,119,10153,152,13,-9999,-9999,-9999
3110,2017,5,12,19,236,121,10151,65,6,-9999,-9999,-9999
3111,2017,5,12,21,192,132,10165,143,16,-9999,-9999,-9999
3112,2017,5,12,22,180,134,10175,148,12,-9999,-9999,-9999
3113,2017,5,12,23,172,134,10179,139,7,-9999,-9999,-9999
3114,2017,5,13,0,172,134,10181,112,10,-9999,-9999,-9999
3115,2017,5,13,1,170,136,10181,79,19,-9999,-9999,-9999
3116,2017,5,13,2,166,134,10181,101,16,-9999,-9999,-9999
3117,2017,5,13,3,161,131,10183,82,14,-9999,-9999,-9999
3118,2017,5,13,4,160,131,10179,64,15,-9999,-9999,-9999
3119,2017,5,13,5,155,130,10173,62,9,-9999,-9999,-9999
3120,2017,5,13,6,152,130,10169,89,14,-9999,-9999,-9999
3121,2017,5,13,7,147,127,10167,63,8,-9999,-9999,-9999
3122,2017,5,13,8,142,122,10167,67,16,-9999,-9999,-9999
3123,2017,5,13,9,140,121,10173,74,11,-9999,-9999,-9999
3124,2017,5,13,10,140,123,10180,64,9,-9999,-9999,-9999
3125,2017,5,13,11,142,128,10187,73,13,-9999,-9999,-9999
3126,2017,5,13,12,177,139,10180,69,10,-9999,-9999,-9999
3127,2017,5,13,13,202,138,10173,71,11,-9999,-9999,-9999
3128,2017,5,13,14,230,140,10155,77,8,-9999,-9999,-9999
3129,2017,5,13,15,252,142,10136,329,33,-9999,-9999,-9999
3130,2017,5,13,16,256,135,10123,310,36,-9999,-9999,-9999
3131,2017,5,13,17,262,129,10112,326,48,-9999,-9999,-9999
3132,2017,5,13,18,267,117,10108,306,54,-9999,-9999,-9999
3133,2017,5,13,19,265,115,10108,310,39,-9999,-9999,-9999
3134,2017,5,13,20,257,121,10109,333,23,-9999,-9999,-9999
3135,2017,5,13,21,240,133,10113,15,23,-9999,-9999,-9999
3136,2017,5,13,22,231,136,10118,359,19,-9999,-9999,-9999
3137,2017,5,13,23,226,133,10122,6,17,-9999,-9999,-9999
3138,2017,5,14,0,220,132,10124,1,18,-9999,-9999,-9999
3139,2017,5,14,1,222,127,10125,333,19,-9999,-9999,-9999
3140,2017,5,14,2,220,124,10123,331,22,-9999,-9999,-9999
3141,2017,5,14,3,215,124,10121,336,12,-9999,-9999,-9999
3142,2017,5,14,4,210,124,10116,313,10,-9999,-9999,-9999
3143,2017,5,14,5,211,125,10104,349,14,-9999,-9999,-9999
3144,2017,5,14,6,216,124,10096,358,25,-9999,-9999,-9999
3145,2017,5,14,7,210,124,10087,347,33,-9999,-9999,-9999
3146,2017,5,14,8,220,119,10081,340,43,-9999,-9999,-9999
3147,2017,5,14,9,222,123,10084,331,43,-9999,-9999,-9999
3148,2017,5,14,10,222,123,10091,299,27,-9999,-9999,-9999
3149,2017,5,14,11,207,141,10109,292,50,-9999,-9999,-9999
3150,2017,5,14,12,197,146,10117,304,60,-9999,-9999,-9999
3151,2017,5,14,13,200,148,10119,317,67,-9999,-9999,-9999
3152,2017,5,14,14,207,155,10110,317,61,-9999,-9999,-9999
3153,2017,5,14,15,212,157,10101,295,52,-9999,-9999,-9999
3154,2017,5,14,16,225,156,10093,296,39,-9999,-9999,-9999
3155,2017,5,14,17,237,148,10081,290,48,-9999,-9999,-9999
3156,2017,5,14,18,241,140,10077,299,52,-9999,-9999,-9999
3157,2017,5,14,19,242,145,10078,285,52,-9999,-9999,-9999
3158,2017,5,14,20,235,152,10087,306,37,-9999,-9999,-9999
3159,2017,5,14,21,220,157,10097,323,34,-9999,-9999,-9999
3160,2017,5,14,22,212,162,10105,308,23,-9999,-9999,-9999
3161,2017,5,14,23,210,161,10113,295,33,-9999,-9999,-9999
3162,2017,5,15,0,205,161,10120,302,27,-9999,-9999,-9999
3163,2017,5,15,1,202,159,10125,276,14,-9999,-9999,-9999
3164,2017,5,15,2,200,159,10129,287,26,-9999,-9999,-9999
3165,2017,5,15,3,192,157,10131,266,7,-9999,-9999,-9999
3166,2017,5,15,4,191,160,10135,218,16,-9999,-9999,-9999
3167,2017,5,15,5,181,123,10138,180,20,-9999,-9999,-9999
3168,2017,5,15,6,172,113,10136,171,16,-9999,-9999,-9999
3169,2017,5,15,7,162,114,10139,162,7,-9999,-9999,-9999
3170,2017,5,15,8,162,115,10140,162,18,-9999,-9999,-9999
3171,2017,5,15,9,160,118,10146,166,13,-9999,-9999,-9999
3172,2017,5,15,10,160,121,10154,173,16,-9999,-9999,-9999
3173,2017,5,15,11,170,127,10161,159,29,-9999,-9999,-9999
3174,2017,5,15,12,186,130,10160,174,20,-9999,-9999,-9999
3175,2017,5,15,13,200,120,10160,141,17,-9999,-9999,-9999
3176,2017,5,15,14,212,116,10151,166,24,-9999,-9999,-9999
3177,2017,5,15,15,220,111,10143,144,16,-9999,-9999,-9999
3178,2017,5,15,16,215,98,10138,147,15,-9999,-9999,-9999
3179,2017,5,15,17,231,105,10123,99,13,-9999,-9999,-9999
3180,2017,5,15,18,236,96,10125,142,10,-9999,-9999,-9999
3181,2017,5,15,19,227,93,10122,184,16,-9999,-9999,-9999
3182,2017,5,15,20,211,124,10129,169,20,-9999,-9999,-9999
3183,2017,5,15,21,181,130,10151,137,24,-9999,-9999,-9999
3184,2017,5,15,22,171,124,10160,169,25,-9999,-9999,-9999
3185,2017,5,15,23,175,127,10163,153,24,-9999,-9999,-9999
3186,2017,5,16,0,172,127,10169,177,19,-9999,-9999,-9999
3187,2017,5,16,1,170,124,10168,152,18,-9999,-9999,-9999
3188,2017,5,16,2,165,122,10169,127,13,-9999,-9999,-9999
3189,2017,5,16,3,165,122,10173,146,16,-9999,-9999,-9999
3190,2017,5,16,4,165,121,10166,144,17,-9999,-9999,-9999
3191,2017,5,16,5,160,118,10167,147,12,-9999,-9999,-9999
3192,2017,5,16,6,152,119,10168,140,16,-9999,-9999,-9999
3193,2017,5,16,7,152,116,10171,154,16,-9999,-9999,-9999
3194,2017,5,16,8,152,116,10171,134,10,-9999,-9999,-9999
3195,2017,5,16,9,155,119,10175,106,19,-9999,-9999,-9999
3196,2017,5,16,10,157,119,10183,99,17,-9999,-9999,-9999
3197,2017,5,16,11,165,123,10183,97,14,-9999,-9999,-9999
3198,2017,5,16,12,176,113,10186,99,25,-9999,-9999,-9999
3199,2017,5,16,13,182,116,10188,105,27,-9999,-9999,-9999
3200,2017,5,16,14,192,115,10183,110,22,-9999,-9999,-9999
3201,2017,5,16,15,197,107,10172,93,30,-9999,-9999,-9999
3202,2017,5,16,16,212,106,10157,131,24,-9999,-9999,-9999
3203,2017,5,16,17,220,103,10147,120,26,-9999,-9999,-9999
3204,2017,5,16,18,215,112,10146,158,31,-9999,-9999,-9999
3205,2017,5,16,19,205,113,10149,134,27,-9999,-9999,-9999
3206,2017,5,16,20,195,120,10159,146,26,-9999,-9999,-9999
3207,2017,5,16,21,177,120,10172,141,29,-9999,-9999,-9999
3208,2017,5,16,22,171,120,10178,173,31,-9999,-9999,-9999
3209,2017,5,16,23,165,118,10185,140,23,-9999,-9999,-9999
3210,2017,5,17,0,165,119,10191,122,18,-9999,-9999,-9999
3211,2017,5,17,1,161,106,10193,111,26,-9999,-9999,-9999
3212,2017,5,17,2,157,101,10198,113,19,-9999,-9999,-9999
3213,2017,5,17,3,152,104,10201,100,22,-9999,-9999,-9999
3214,2017,5,17,4,152,106,10197,99,29,-9999,-9999,-9999
3215,2017,5,17,5,151,112,10194,128,20,-9999,-9999,-9999
3216,2017,5,17,6,151,115,10188,110,24,-9999,-9999,-9999
3217,2017,5,17,7,152,108,10185,111,34,-9999,-9999,-9999
3218,2017,5,17,8,152,111,10187,122,31,-9999,-9999,-9999
3219,2017,5,17,9,152,114,10189,108,35,-9999,-9999,-9999
3220,2017,5,17,10,152,118,10196,105,38,-9999,-9999,-9999
3221,2017,5,17,11,160,118,10196,99,33,-9999,-9999,-9999
3222,2017,5,17,12,162,117,10202,88,35,-9999,-9999,-9999
3223,2017,5,17,13,172,119,10201,88,32,-9999,-9999,-9999
3224,2017,5,17,14,182,117,10192,92,29,-9999,-9999,-9999
3225,2017,5,17,15,195,123,10180,86,25,-9999,-9999,-9999
3226,2017,5,17,16,196,118,10168,97,35,-9999,-9999,-9999
3227,2017,5,17,17,200,121,10160,80,27,-9999,-9999,-9999
3228,2017,5,17,18,200,119,10157,84,32,-9999,-9999,-9999
3229,2017,5,17,19,200,122,10156,79,23,-9999,-9999,-9999
3230,2017,5,17,20,187,134,10165,133,27,-9999,-9999,-9999
3231,2017,5,17,21,182,135,10168,134,19,-9999,-9999,-9999
3232,2017,5,17,22,180,132,10174,133,20,-9999,-9999,-9999
3233,2017,5,17,23,175,128,10180,119,30,-9999,-9999,-9999
3234,2017,5,18,0,172,126,10185,107,27,-9999,-9999,-9999
3235,2017,5,18,1,171,130,10187,107,24,-9999,-9999,-9999
3236,2017,5,18,2,170,131,10189,104,24,-9999,-9999,-9999
3237,2017,5,18,3,170,131,10188,103,29,-9999,-9999,-9999
3238,2017,5,18,4,167,131,10186,84,27,-9999,-9999,-9999
3239,2017,5,18,5,166,130,10182,93,27,-9999,-9999,-9999
3240,2017,5,18,6,165,130,10179,96,29,-9999,-9999,-9999
3241,2017,5,18,7,162,128,10176,89,37,-9999,-9999,-9999
3242,2017,5,18,8,162,128,10177,86,24,-9999,-9999,-9999
3243,2017,5,18,9,162,127,10179,97,32,-9999,-9999,-9999
3244,2017,5,18,10,162,129,10184,95,36,-9999,-9999,-9999
3245,2017,5,18,11,167,127,10187,80,41,-9999,-9999,-9999
3246,2017,5,18,12,170,127,10191,70,35,-9999,-9999,-9999
3247,2017,5,18,13,181,129,10184,79,36,-9999,-9999,-9999
3248,2017,5,18,14,185,129,10178,75,28,-9999,-9999,-9999
3249,2017,5,18,15,185,130,10168,105,27,-9999,-9999,-9999
3250,2017,5,18,16,186,130,10159,96,28,-9999,-9999,-9999
3251,2017,5,18,17,190,132,10151,86,19,-9999,-9999,-9999
3252,2017,5,18,18,185,138,10150,65,14,-9999,-9999,-9999
3253,2017,5,18,19,180,147,10146,86,19,-9999,-9999,-9999
3254,2017,5,18,20,176,148,10150,118,23,-9999,-9999,-9999
3255,2017,5,18,21,175,146,10157,108,16,-9999,-9999,-9999
3256,2017,5,18,22,172,145,10159,122,19,-9999,-9999,-9999
3257,2017,5,18,23,166,144,10167,111,27,-9999,-9999,-9999
3258,2017,5,19,0,165,144,10163,92,27,-9999,-9999,-9999
3259,2017,5,19,1,165,143,10158,93,31,-9999,-9999,-9999
3260,2017,5,19,2,165,140,10153,86,33,-9999,-9999,-9999
3261,2017,5,19,3,161,139,10152,79,29,-9999,-9999,-9999
3262,2017,5,19,4,157,140,10140,72,31,-9999,-9999,-9999
3263,2017,5,19,5,160,139,10134,75,31,-9999,-9999,-9999
3264,2017,5,19,6,157,139,10128,67,23,-9999,-9999,-9999
3265,2017,5,20,13,200,142,10156,84,9,-9999,-9999,-9999
3266,2017,5,20,14,195,143,10158,105,7,-9999,-9999,-9999
3267,2017,5,20,15,205,148,10148,104,18,-9999,-9999,-9999
3268,2017,5,20,16,206,143,10141,92,15,-9999,-9999,-9999
3269,2017,5,20,17,215,143,10134,123,10,-9999,-9999,-9999
3270,2017,5,20,18,217,144,10129,109,20,-9999,-9999,-9999
3271,2017,5,20,19,222,144,10128,68,9,-9999,-9999,-9999
3272,2017,5,20,20,210,145,10139,68,9,-9999,-9999,-9999
3273,2017,5,20,21,196,150,10147,65,15,-9999,-9999,-9999
3274,2017,5,22,17,195,150,10172,-9999,-9999,-9999,-9999,-9999
3275,2017,5,22,18,192,155,10175,149,16,-9999,-9999,-9999
3276,2017,5,22,19,181,154,10184,148,19,-9999,-9999,-9999
3277,2017,5,22,20,180,153,10189,137,17,-9999,-9999,-9999
3278,2017,5,22,21,176,153,10192,130,14,-9999,-9999,-9999
3279,2017,5,22,22,175,150,10197,174,24,-9999,-9999,-9999
3280,2017,5,22,23,165,143,10208,145,16,-9999,-9999,-9999
3281,2017,5,23,0,167,145,10209,156,18,-9999,-9999,-9999
3282,2017,5,23,1,165,150,10216,143,19,-9999,-9999,-9999
3283,2017,5,23,2,165,144,10216,142,12,-9999,-9999,-9999
3284,2017,5,23,3,160,122,10217,149,27,-9999,-9999,-9999
3285,2017,5,23,4,155,130,10217,178,26,-9999,-9999,-9999
3286,2017,5,23,5,152,120,10214,173,25,-9999,-9999,-9999
3287,2017,5,23,6,145,121,10215,155,11,-9999,-9999,-9999
3288,2017,5,23,8,135,120,10217,154,10,-9999,-9999,-9999
3289,2017,5,23,9,142,126,10216,114,17,-9999,-9999,-9999
3290,2017,5,23,10,145,128,10220,105,13,-9999,-9999,-9999
3291,2017,5,23,11,150,115,10219,108,35,-9999,-9999,-9999
3292,2017,5,23,12,152,113,10228,104,28,-9999,-9999,-9999
3293,2017,5,23,13,172,114,10225,109,21,-9999,-9999,-9999
3294,2017,5,23,14,181,108,10221,88,24,-9999,-9999,-9999
3295,2017,5,23,15,200,121,10203,87,23,-9999,-9999,-9999
3296,2017,5,23,16,201,109,10192,98,28,-9999,-9999,-9999
3297,2017,5,23,17,217,118,10178,116,20,-9999,-9999,-9999
3298,2017,5,23,18,222,121,10176,142,18,-9999,-9999,-9999
3299,2017,5,23,19,217,110,10177,105,21,-9999,-9999,-9999
3300,2017,5,23,20,210,114,10182,118,13,-9999,-9999,-9999
3301,2017,5,23,21,187,141,10191,167,25,-9999,-9999,-9999
3302,2017,5,23,22,170,142,10200,140,14,-9999,-9999,-9999
3303,2017,5,23,23,165,139,10206,105,24,-9999,-9999,-9999
3304,2017,5,24,0,167,138,10212,134,11,-9999,-9999,-9999
3305,2017,5,24,1,167,133,10214,122,14,-9999,-9999,-9999
3306,2017,5,24,3,165,134,10213,95,24,-9999,-9999,-9999
3307,2017,5,24,4,162,133,10205,79,21,-9999,-9999,-9999
3308,2017,5,24,5,161,133,10201,79,20,-9999,-9999,-9999
3309,2017,5,24,6,160,134,10200,64,20,-9999,-9999,-9999
3310,2017,5,24,7,156,130,10198,79,28,-9999,-9999,-9999
3311,2017,5,24,8,156,131,10203,75,11,-9999,-9999,-9999
3312,2017,5,24,9,152,131,10207,80,23,-9999,-9999,-9999
3313,2017,5,24,10,150,131,10209,71,24,-9999,-9999,-9999
3314,2017,5,24,13,172,135,10228,149,11,-9999,-9999,-9999
3315,2017,5,24,16,201,143,10199,91,17,-9999,-9999,-9999
3316,2017,5,24,17,206,145,10190,102,23,-9999,-9999,-9999
3317,2017,5,24,18,211,148,10183,100,19,-9999,-9999,-9999
3318,2017,5,24,19,215,150,10178,64,6,-9999,-9999,-9999
3319,2017,5,24,20,220,157,10175,35,10,-9999,-9999,-9999
3320,2017,5,24,21,205,161,10181,1,4,-9999,-9999,-9999
3321,2017,5,24,22,196,162,10186,31,9,-9999,-9999,-9999
3322,2017,5,24,23,190,162,10195,124,10,-9999,-9999,-9999
3323,2017,5,25,0,190,159,10200,90,5,-9999,-9999,-9999
3324,2017,5,25,1,182,157,10205,32,10,-9999,-9999,-9999
3325,2017,5,25,2,180,153,10210,37,11,-9999,-9999,-9999
3326,2017,5,25,3,175,150,10211,80,3,-9999,-9999,-9999
3327,2017,5,25,4,170,148,10208,27,0,-9999,-9999,-9999
3328,2017,5,25,5,167,148,10206,76,7,-9999,-9999,-9999
3329,2017,5,25,6,162,144,10206,53,1,-9999,-9999,-9999
3330,2017,5,25,7,160,143,10203,27,1,-9999,-9999,-9999
3331,2017,5,25,8,160,144,10196,64,12,-9999,-9999,-9999
3332,2017,5,25,9,160,143,10201,61,14,-9999,-9999,-9999
3333,2017,5,25,10,157,143,10209,83,9,-9999,-9999,-9999
3334,2017,5,25,11,157,144,10214,55,16,-9999,-9999,-9999
3335,2017,5,25,12,160,146,10219,76,22,-9999,-9999,-9999
3336,2017,5,25,13,182,157,10215,83,16,-9999,-9999,-9999
3337,2017,5,25,16,242,158,10171,144,9,-9999,-9999,-9999
3338,2017,5,25,17,261,144,10156,313,29,-9999,-9999,-9999
3339,2017,5,25,18,267,146,10149,323,24,-9999,-9999,-9999
3340,2017,5,25,19,265,149,10151,353,16,-9999,-9999,-9999
3341,2017,5,25,20,255,148,10159,319,11,-9999,-9999,-9999
3342,2017,5,25,21,245,155,10168,310,16,-9999,-9999,-9999
3343,2017,5,25,22,231,170,10178,30,4,-9999,-9999,-9999
3344,2017,5,25,23,216,172,10186,102,3,-9999,-9999,-9999
3345,2017,5,26,0,212,172,10192,75,4,-9999,-9999,-9999
3346,2017,5,26,1,205,164,10193,27,11,-9999,-9999,-9999
3347,2017,5,26,2,197,160,10191,37,9,-9999,-9999,-9999
3348,2017,5,26,3,195,160,10189,77,2,-9999,-9999,-9999
3349,2017,5,26,4,192,161,10194,52,0,-9999,-9999,-9999
3350,2017,5,26,5,185,160,10191,33,6,-9999,-9999,-9999
3351,2017,5,26,6,181,158,10189,66,7,-9999,-9999,-9999
3352,2017,5,26,7,180,160,10186,90,13,-9999,-9999,-9999
3353,2017,5,26,8,175,158,10186,68,7,-9999,-9999,-9999
3354,2017,5,26,9,172,156,10191,60,11,-9999,-9999,-9999
3355,2017,5,26,10,166,152,10197,76,14,-9999,-9999,-9999
3356,2017,5,26,11,170,155,10198,85,13,-9999,-9999,-9999
3357,2017,5,26,12,196,163,10196,64,9,-9999,-9999,-9999
3358,2017,5,26,13,222,158,10195,147,7,-9999,-9999,-9999
3359,2017,5,26,14,251,162,10186,199,9,-9999,-9999,-9999
3360,2017,5,26,15,257,145,10176,308,27,-9999,-9999,-9999
3361,2017,5,26,16,272,160,10163,294,13,-9999,-9999,-9999
3362,2017,5,26,17,272,150,10154,287,21,-9999,-9999,-9999
3363,2017,5,26,18,282,150,10145,283,15,-9999,-9999,-9999
3364,2017,5,26,19,277,141,10144,254,12,-9999,-9999,-9999
3365,2017,5,26,20,266,152,10150,278,11,-9999,-9999,-9999
3366,2017,5,26,21,247,162,10157,303,16,-9999,-9999,-9999
3367,2017,5,26,22,237,178,10166,67,15,-9999,-9999,-9999
3368,2017,5,26,23,226,181,10176,51,9,-9999,-9999,-9999
3369,2017,5,27,0,217,179,10182,25,0,-9999,-9999,-9999
3370,2017,5,27,1,217,182,10184,205,0,-9999,-9999,-9999
3371,2017,5,27,2,210,176,10194,297,0,-9999,-9999,-9999
3372,2017,5,27,3,210,175,10194,14,0,-9999,-9999,-9999
3373,2017,5,27,4,202,169,10197,44,2,-9999,-9999,-9999
3374,2017,5,27,5,200,170,10192,35,9,-9999,-9999,-9999
3375,2017,5,27,6,195,166,10190,46,6,-9999,-9999,-9999
3376,2017,5,27,7,190,165,10191,130,0,-9999,-9999,-9999
3377,2017,5,27,8,187,167,10193,131,5,-9999,-9999,-9999
3378,2017,5,27,9,186,166,10199,37,0,-9999,-9999,-9999
3379,2017,5,27,10,186,167,10203,97,8,-9999,-9999,-9999
3380,2017,5,27,11,192,168,10211,111,11,-9999,-9999,-9999
3381,2017,5,27,12,187,167,10218,110,22,-9999,-9999,-9999
3382,2017,5,27,13,195,176,10219,121,14,-9999,-9999,-9999
3383,2017,5,27,14,207,165,10211,134,10,-9999,-9999,-9999
3384,2017,5,27,15,215,160,10197,106,30,-9999,-9999,-9999
3385,2017,5,27,16,235,155,10187,119,19,-9999,-9999,-9999
3386,2017,5,27,17,237,160,10180,100,18,-9999,-9999,-9999
3387,2017,5,27,18,237,157,10175,162,25,-9999,-9999,-9999
3388,2017,5,27,19,235,150,10177,140,19,-9999,-9999,-9999
3389,2017,5,27,20,221,157,10180,151,26,-9999,-9999,-9999
3390,2017,5,27,21,202,159,10187,150,30,-9999,-9999,-9999
3391,2017,5,27,22,195,157,10190,149,23,-9999,-9999,-9999
3392,2017,5,27,23,195,157,10196,133,20,-9999,-9999,-9999
3393,2017,5,28,0,192,154,10202,144,15,-9999,-9999,-9999
3394,2017,5,28,1,195,157,10209,161,20,-9999,-9999,-9999
3395,2017,5,28,2,195,159,10213,165,22,-9999,-9999,-9999
3396,2017,5,28,3,195,158,10210,124,14,-9999,-9999,-9999
3397,2017,5,28,4,192,160,10209,101,19,-9999,-9999,-9999
3398,2017,5,28,5,185,158,10202,78,17,-9999,-9999,-9999
3399,2017,5,28,6,182,156,10200,81,13,-9999,-9999,-9999
3400,2017,5,28,7,182,158,10200,132,5,-9999,-9999,-9999
3401,2017,5,28,8,186,156,10197,114,12,-9999,-9999,-9999
3402,2017,5,28,9,186,156,10204,123,11,-9999,-9999,-9999
3403,2017,5,28,10,185,156,10209,139,12,-9999,-9999,-9999
3404,2017,5,28,11,187,156,10214,127,9,-9999,-9999,-9999
3405,2017,5,28,12,192,155,10218,102,15,-9999,-9999,-9999
3406,2017,5,28,13,205,160,10218,67,15,-9999,-9999,-9999
3407,2017,5,28,14,210,152,10211,66,21,-9999,-9999,-9999
3408,2017,5,28,15,216,152,10202,69,15,-9999,-9999,-9999
3409,2017,5,28,18,207,155,10194,120,11,-9999,-9999,-9999
3410,2017,5,28,20,210,149,10196,109,11,-9999,-9999,-9999
3411,2017,5,28,21,202,156,10199,133,15,-9999,-9999,-9999
3412,2017,5,28,22,195,156,10200,108,16,-9999,-9999,-9999
3413,2017,5,28,23,190,155,10208,85,17,-9999,-9999,-9999
3414,2017,5,29,0,182,153,10211,35,7,-9999,-9999,-9999
3415,2017,5,29,1,175,153,10213,48,9,-9999,-9999,-9999
3416,2017,5,29,2,172,153,10215,62,6,-9999,-9999,-9999
3417,2017,5,29,3,170,150,10212,62,2,-9999,-9999,-9999
3418,2017,5,29,4,166,149,10212,127,5,-9999,-9999,-9999
3419,2017,5,29,5,165,147,10208,76,0,-9999,-9999,-9999
3420,2017,5,29,6,161,144,10206,74,13,-9999,-9999,-9999
3421,2017,5,29,7,157,142,10204,62,5,-9999,-9999,-9999
3422,2017,5,29,8,151,138,10205,77,15,-9999,-9999,-9999
3423,2017,5,29,9,151,138,10208,57,9,-9999,-9999,-9999
3424,2017,5,29,10,155,144,10209,61,6,-9999,-9999,-9999
3425,2017,5,29,11,155,146,10217,45,5,-9999,-9999,-9999
3426,2017,5,29,12,161,150,10222,94,6,-9999,-9999,-9999
3427,2017,5,29,13,192,153,10211,328,5,-9999,-9999,-9999
3428,2017,5,29,14,207,141,10202,77,11,-9999,-9999,-9999
3429,2017,5,29,17,245,129,10164,301,38,-9999,-9999,-9999
3430,2017,5,29,18,246,128,10159,292,29,-9999,-9999,-9999
3431,2017,5,29,19,245,127,10163,287,33,-9999,-9999,-9999
3432,2017,5,29,20,231,132,10168,288,17,-9999,-9999,-9999
3433,2017,5,29,21,221,135,10176,255,18,-9999,-9999,-9999
3434,2017,5,29,22,215,134,10183,265,13,-9999,-9999,-9999
3435,2017,5,29,23,205,142,10188,341,14,-9999,-9999,-9999
3436,2017,5,30,0,207,141,10190,314,17,-9999,-9999,-9999
3437,2017,5,30,1,202,143,10192,306,12,-9999,-9999,-9999
3438,2017,5,30,2,197,144,10194,303,9,-9999,-9999,-9999
3439,2017,5,30,3,187,142,10195,341,8,-9999,-9999,-9999
3440,2017,5,30,4,187,144,10196,302,10,-9999,-9999,-9999
3441,2017,5,30,5,182,145,10191,298,7,-9999,-9999,-9999
3442,2017,5,30,6,180,145,10190,133,0,-9999,-9999,-9999
3443,2017,5,30,8,187,152,10185,147,10,-9999,-9999,-9999
3444,2017,5,30,9,185,154,10190,138,16,-9999,-9999,-9999
3445,2017,5,30,10,182,156,10199,131,15,-9999,-9999,-9999
3446,2017,5,30,11,177,160,10205,119,16,-9999,-9999,-9999
3447,2017,5,30,12,187,162,10209,134,12,-9999,-9999,-9999
3448,2017,5,30,13,196,159,10208,133,10,-9999,-9999,-9999
3449,2017,5,30,14,202,155,10205,139,12,-9999,-9999,-9999
3450,2017,5,30,15,206,152,10197,125,17,-9999,-9999,-9999
3451,2017,5,30,16,206,150,10189,135,20,-9999,-9999,-9999
3452,2017,5,30,17,205,154,10181,150,20,-9999,-9999,-9999
3453,2017,5,30,18,196,155,10182,172,27,-9999,-9999,-9999
3454,2017,5,30,19,192,151,10183,140,22,-9999,-9999,-9999
3455,2017,5,30,20,187,148,10184,153,23,-9999,-9999,-9999
3456,2017,5,30,21,180,144,10188,154,27,-9999,-9999,-9999
3457,2017,5,30,22,177,145,10190,123,26,-9999,-9999,-9999
3458,2017,5,31,0,176,144,10198,161,16,-9999,-9999,-9999
3459,2017,5,31,1,175,142,10200,152,19,-9999,-9999,-9999
3460,2017,5,31,2,172,142,10198,146,16,-9999,-9999,-9999
3461,2017,5,31,3,172,142,10194,127,8,-9999,-9999,-9999
3462,2017,5,31,4,172,142,10187,110,14,-9999,-9999,-9999
3463,2017,5,31,5,175,141,10183,91,20,-9999,-9999,-9999
3464,2017,5,31,6,175,140,10177,84,20,-9999,-9999,-9999
3465,2017,5,31,7,172,139,10172,84,13,-9999,-9999,-9999
3466,2017,5,31,8,171,139,10169,70,15,-9999,-9999,-9999
3467,2017,5,31,9,170,140,10169,79,21,-9999,-9999,-9999
3468,2017,5,31,10,170,139,10174,72,22,-9999,-9999,-9999
3469,2017,5,31,11,175,143,10176,71,16,-9999,-9999,-9999
3470,2017,5,31,12,185,143,10175,87,22,-9999,-9999,-9999
3471,2017,5,31,15,232,118,10145,328,25,-9999,-9999,-9999
3472,2017,5,31,16,237,109,10132,336,35,-9999,-9999,-9999
3473,2017,5,31,17,246,111,10122,309,25,-9999,-9999,-9999
3474,2017,5,31,18,245,100,10119,301,33,-9999,-9999,-9999
3475,2017,5,31,19,242,106,10119,315,26,-9999,-9999,-9999
3476,2017,5,31,20,232,105,10123,329,23,-9999,-9999,-9999
3477,2017,5,31,22,207,123,10142,360,12,-9999,-9999,-9999
3478,2017,5,31,23,205,120,10142,328,15,-9999,-9999,-9999
3479,2017,6,1,0,202,116,10145,332,10,-9999,-9999,-9999
3480,2017,6,1,1,197,116,10146,5,17,-9999,-9999,-9999
3481,2017,6,1,2,185,119,10148,38,10,-9999,-9999,-9999
3482,2017,6,1,3,180,117,10146,61,10,-9999,-9999,-9999
3483,2017,6,1,4,181,115,10142,46,11,-9999,-9999,-9999
3484,2017,6,1,5,175,115,10143,49,6,-9999,-9999,-9999
3485,2017,6,1,6,177,115,10138,113,8,-9999,-9999,-9999
3486,2017,6,1,7,190,113,10130,54,9,-9999,-9999,-9999
3487,2017,6,1,8,197,107,10126,351,14,-9999,-9999,-9999
3488,2017,6,1,9,192,108,10132,319,21,-9999,-9999,-9999
3489,2017,6,1,10,187,109,10139,332,30,-9999,-9999,-9999
3490,2017,6,1,11,190,114,10141,338,34,-9999,-9999,-9999
3491,2017,6,1,12,202,124,10145,321,33,-9999,-9999,-9999
3492,2017,6,1,13,192,141,10151,329,36,-9999,-9999,-9999
3493,2017,6,1,15,185,144,10151,306,55,-9999,-9999,-9999
3494,2017,6,1,16,186,146,10142,310,27,-9999,-9999,-9999
3495,2017,6,1,17,181,147,10139,297,38,-9999,-9999,-9999
3496,2017,6,1,19,186,138,10136,318,67,-9999,-9999,-9999
3497,2017,6,1,20,185,138,10142,316,50,-9999,-9999,-9999
3498,2017,6,1,21,182,140,10149,327,47,-9999,-9999,-9999
3499,2017,6,1,22,182,138,10155,312,54,-9999,-9999,-9999
3500,2017,6,1,23,181,130,10161,299,51,-9999,-9999,-9999
3501,2017,6,2,0,177,122,10167,305,40,-9999,-9999,-9999
3502,2017,6,2,1,170,117,10176,305,42,-9999,-9999,-9999
3503,2017,6,2,2,162,109,10177,314,43,-9999,-9999,-9999
3504,2017,6,2,3,157,109,10180,303,44,-9999,-9999,-9999
3505,2017,6,2,4,147,100,10183,284,40,-9999,-9999,-9999
3506,2017,6,2,5,142,90,10184,295,41,-9999,-9999,-9999
3507,2017,6,2,6,136,83,10188,268,19,-9999,-9999,-9999
3508,2017,6,2,7,132,83,10186,297,30,-9999,-9999,-9999
3509,2017,6,2,8,127,82,10190,271,29,-9999,-9999,-9999
3510,2017,6,2,9,122,82,10198,284,32,-9999,-9999,-9999
3511,2017,6,2,10,122,81,10208,299,30,-9999,-9999,-9999
3512,2017,6,2,11,130,81,10217,282,17,-9999,-9999,-9999
3513,2017,6,2,12,145,84,10218,320,18,-9999,-9999,-9999
3514,2017,6,2,13,157,83,10216,271,25,-9999,-9999,-9999
3515,2017,6,2,14,167,81,10209,283,36,-9999,-9999,-9999
3516,2017,6,2,15,186,83,10199,295,25,-9999,-9999,-9999
3517,2017,6,2,16,195,79,10190,302,15,-9999,-9999,-9999
3518,2017,6,2,17,200,70,10181,312,19,-9999,-9999,-9999
3519,2017,6,2,18,202,75,10179,282,16,-9999,-9999,-9999
3520,2017,6,2,19,207,71,10178,312,7,-9999,-9999,-9999
3521,2017,6,2,20,192,90,10186,135,11,-9999,-9999,-9999
3522,2017,6,2,21,162,111,10204,149,22,-9999,-9999,-9999
3523,2017,6,2,22,151,108,10215,149,20,-9999,-9999,-9999
3524,2017,6,2,23,152,110,10218,145,17,-9999,-9999,-9999
3525,2017,6,3,0,152,110,10222,86,21,-9999,-9999,-9999
3526,2017,6,3,1,152,109,10225,107,28,-9999,-9999,-9999
3527,2017,6,3,2,152,112,10225,120,23,-9999,-9999,-9999
3528,2017,6,3,3,151,109,10224,101,28,-9999,-9999,-9999
3529,2017,6,3,4,150,107,10223,118,22,-9999,-9999,-9999
3530,2017,6,3,5,145,110,10222,95,29,-9999,-9999,-9999
3531,2017,6,3,6,145,111,10217,99,25,-9999,-9999,-9999
3532,2017,6,3,7,137,109,10216,76,18,-9999,-9999,-9999
3533,2017,6,3,8,137,108,10215,93,27,-9999,-9999,-9999
3534,2017,6,3,9,131,105,10218,83,20,-9999,-9999,-9999
3535,2017,6,3,10,130,105,10224,102,20,-9999,-9999,-9999
3536,2017,6,3,11,146,108,10223,85,28,-9999,-9999,-9999
3537,2017,6,3,12,160,106,10223,75,41,-9999,-9999,-9999
3538,2017,6,3,13,172,109,10218,83,39,-9999,-9999,-9999
3539,2017,6,3,14,180,111,10211,100,36,-9999,-9999,-9999
3540,2017,6,3,15,191,113,10199,94,28,-9999,-9999,-9999
3541,2017,6,3,16,210,117,10183,74,14,-9999,-9999,-9999
3542,2017,6,3,17,220,117,10172,177,13,-9999,-9999,-9999
3543,2017,6,3,18,227,115,10164,169,9,-9999,-9999,-9999
3544,2017,6,3,19,237,122,10161,59,4,-9999,-9999,-9999
3545,2017,6,3,20,230,116,10164,1,5,-9999,-9999,-9999
3546,2017,6,3,21,191,136,10182,161,17,-9999,-9999,-9999
3547,2017,6,3,22,176,136,10193,188,14,-9999,-9999,-9999
3548,2017,6,3,23,167,136,10203,175,20,-9999,-9999,-9999
3549,2017,6,4,0,160,133,10208,177,9,-9999,-9999,-9999
3550,2017,6,4,1,157,132,10209,135,8,-9999,-9999,-9999
3551,2017,6,4,2,160,134,10206,114,10,-9999,-9999,-9999
3552,2017,6,4,4,152,132,10204,46,11,-9999,-9999,-9999
3553,2017,6,4,5,145,126,10202,44,6,-9999,-9999,-9999
3554,2017,6,4,6,145,128,10198,43,5,-9999,-9999,-9999
3555,2017,6,4,7,142,127,10198,340,1,-9999,-9999,-9999
3556,2017,6,4,8,142,128,10199,55,4,-9999,-9999,-9999
3557,2017,6,4,9,135,121,10205,58,10,-9999,-9999,-9999
3558,2017,6,4,10,135,121,10210,69,11,-9999,-9999,-9999
3559,2017,6,4,11,141,128,10212,58,11,-9999,-9999,-9999
3560,2017,6,4,12,151,135,10211,81,21,-9999,-9999,-9999
3561,2017,6,4,13,181,137,10202,79,13,-9999,-9999,-9999
3562,2017,6,4,14,201,135,10189,82,20,-9999,-9999,-9999
3563,2017,6,4,15,227,140,10168,77,16,-9999,-9999,-9999
3564,2017,6,4,16,257,145,10145,56,8,-9999,-9999,-9999
3565,2017,6,4,17,277,137,10130,323,30,-9999,-9999,-9999
3566,2017,6,4,18,280,135,10125,311,23,-9999,-9999,-9999
3567,2017,6,4,19,277,131,10125,316,27,-9999,-9999,-9999
3568,2017,6,4,20,262,131,10133,316,30,-9999,-9999,-9999
3569,2017,6,4,21,245,142,10141,9,11,-9999,-9999,-9999
3570,2017,6,4,22,230,149,10149,38,11,-9999,-9999,-9999
3571,2017,6,4,23,220,154,10154,14,5,-9999,-9999,-9999
3572,2017,6,5,0,220,155,10157,335,10,-9999,-9999,-9999
3573,2017,6,5,1,215,154,10157,14,10,-9999,-9999,-9999
3574,2017,6,5,2,211,151,10157,78,8,-9999,-9999,-9999
3575,2017,6,5,3,206,151,10154,98,8,-9999,-9999,-9999
3576,2017,6,5,4,205,149,10151,53,7,-9999,-9999,-9999
3577,2017,6,5,5,200,148,10149,81,6,-9999,-9999,-9999
3578,2017,6,5,6,207,150,10142,339,14,-9999,-9999,-9999
3579,2017,6,5,7,210,152,10141,270,12,-9999,-9999,-9999
3580,2017,6,5,8,206,148,10143,44,5,-9999,-9999,-9999
3581,2017,6,5,9,200,149,10150,285,16,-9999,-9999,-9999
3582,2017,6,5,10,192,149,10167,58,8,-9999,-9999,-9999
3583,2017,6,5,11,190,149,10175,153,19,-9999,-9999,-9999
3584,2017,6,5,12,192,151,10186,136,10,-9999,-9999,-9999
3585,2017,6,5,13,190,161,10201,208,21,-9999,-9999,-9999
3586,2017,6,5,14,175,158,10215,267,19,-9999,-9999,-9999
3587,2017,6,5,15,177,157,10198,300,11,-9999,-9999,-9999
3588,2017,6,5,16,182,156,10177,356,12,-9999,-9999,-9999
3589,2017,6,5,17,185,160,10163,54,13,-9999,-9999,-9999
3590,2017,6,5,18,190,162,10162,146,11,-9999,-9999,-9999
3591,2017,6,5,19,181,160,10173,169,27,-9999,-9999,-9999
3592,2017,6,5,20,180,161,10179,358,14,-9999,-9999,-9999
3593,2017,6,5,21,180,163,10179,46,12,-9999,-9999,-9999
3594,2017,6,5,22,175,160,10180,39,15,-9999,-9999,-9999
3595,2017,6,5,23,177,162,10180,32,11,-9999,-9999,-9999
3596,2017,6,6,0,176,160,10177,168,1,-9999,-9999,-9999
3597,2017,6,6,1,182,161,10170,20,20,-9999,-9999,-9999
3598,2017,6,6,2,182,162,10162,21,8,-9999,-9999,-9999
3599,2017,6,6,3,181,159,10160,92,7,-9999,-9999,-9999
3600,2017,6,6,4,180,160,10158,24,5,-9999,-9999,-9999
3601,2017,6,6,5,177,161,10155,3,4,-9999,-9999,-9999
3602,2017,6,6,8,177,163,10161,79,5,-9999,-9999,-9999
3603,2017,6,6,9,180,165,10168,15,11,-9999,-9999,-9999
3604,2017,6,6,10,177,164,10162,32,22,-9999,-9999,-9999
3605,2017,6,6,11,180,166,10194,248,26,-9999,-9999,-9999
3606,2017,6,6,12,182,168,10189,4,21,-9999,-9999,-9999
3607,2017,6,6,13,187,165,10195,325,17,-9999,-9999,-9999
3608,2017,6,6,14,187,163,10195,1,15,-9999,-9999,-9999
3609,2017,6,6,15,192,164,10179,22,16,-9999,-9999,-9999
3610,2017,6,6,17,212,161,10151,328,8,-9999,-9999,-9999
3611,2017,6,6,18,222,164,10145,356,8,-9999,-9999,-9999
3612,2017,6,6,19,217,163,10144,350,19,-9999,-9999,-9999
3613,2017,6,6,20,211,169,10148,98,5,-9999,-9999,-9999
3614,2017,6,6,21,201,169,10153,35,4,-9999,-9999,-9999
3615,2017,6,6,22,196,173,10156,80,14,-9999,-9999,-9999
3616,2017,6,6,23,190,172,10166,98,2,-9999,-9999,-9999
3617,2017,6,7,0,190,172,10165,69,9,-9999,-9999,-9999
3618,2017,6,7,1,185,169,10166,171,8,-9999,-9999,-9999
3619,2017,6,7,2,182,167,10169,44,7,-9999,-9999,-9999
3620,2017,6,7,3,182,168,10169,163,10,-9999,-9999,-9999
3621,2017,6,7,4,182,169,10170,79,1,-9999,-9999,-9999
3622,2017,6,7,5,182,169,10168,85,7,-9999,-9999,-9999
3623,2017,6,7,6,181,167,10164,57,12,-9999,-9999,-9999
3624,2017,6,7,7,181,167,10163,28,4,-9999,-9999,-9999
3625,2017,6,7,8,177,163,10179,334,22,-9999,-9999,-9999
3626,2017,6,7,9,176,159,10165,37,22,-9999,-9999,-9999
3627,2017,6,7,10,175,154,10171,326,16,-9999,-9999,-9999
3628,2017,6,7,11,181,158,10185,274,27,-9999,-9999,-9999
3629,2017,6,7,13,195,159,10170,197,12,-9999,-9999,-9999
3630,2017,6,7,15,250,167,10152,340,22,-9999,-9999,-9999
3631,2017,6,7,16,260,164,10137,357,20,-9999,-9999,-9999
3632,2017,6,7,17,270,164,10119,311,16,-9999,-9999,-9999
3633,2017,6,7,18,272,162,10111,4,20,-9999,-9999,-9999
3634,2017,6,7,21,242,167,10122,344,8,-9999,-9999,-9999
3635,2017,6,7,22,225,184,10131,64,16,-9999,-9999,-9999
3636,2017,6,7,23,216,181,10134,54,7,-9999,-9999,-9999
3637,2017,6,8,0,205,177,10139,48,1,-9999,-9999,-9999
3638,2017,6,8,1,202,177,10138,43,8,-9999,-9999,-9999
3639,2017,6,8,2,195,170,10139,65,2,-9999,-9999,-9999
3640,2017,6,8,3,195,169,10142,11,0,-9999,-9999,-9999
3641,2017,6,8,4,190,166,10139,23,4,-9999,-9999,-9999
3642,2017,6,8,5,190,165,10135,29,11,-9999,-9999,-9999
3643,2017,6,8,6,187,163,10128,354,6,-9999,-9999,-9999
3644,2017,6,8,7,177,160,10129,28,1,-9999,-9999,-9999
3645,2017,6,8,8,191,144,10124,359,7,-9999,-9999,-9999
3646,2017,6,8,9,206,124,10126,319,22,-9999,-9999,-9999
3647,2017,6,8,10,215,116,10125,4,29,-9999,-9999,-9999
3648,2017,6,8,11,215,118,10135,315,14,-9999,-9999,-9999
3649,2017,6,8,12,222,120,10139,325,15,-9999,-9999,-9999
3650,2017,6,8,13,232,116,10133,334,32,-9999,-9999,-9999
3651,2017,6,8,14,241,119,10122,316,38,-9999,-9999,-9999
3652,2017,6,8,15,250,127,10113,329,36,-9999,-9999,-9999
3653,2017,6,8,16,260,112,10103,330,52,-9999,-9999,-9999
3654,2017,6,8,17,270,117,10091,335,59,-9999,-9999,-9999
3655,2017,6,8,18,267,114,10087,330,39,-9999,-9999,-9999
3656,2017,6,8,19,262,123,10087,337,32,-9999,-9999,-9999
3657,2017,6,8,20,252,127,10095,350,21,-9999,-9999,-9999
3658,2017,6,8,21,241,131,10108,351,14,-9999,-9999,-9999
3659,2017,6,8,22,236,133,10114,355,15,-9999,-9999,-9999
3660,2017,6,8,23,232,133,10121,342,19,-9999,-9999,-9999
3661,2017,6,9,0,230,135,10122,353,22,-9999,-9999,-9999
3662,2017,6,9,1,225,136,10126,360,21,-9999,-9999,-9999
3663,2017,6,9,2,221,138,10133,324,20,-9999,-9999,-9999
3664,2017,6,9,3,221,139,10135,318,32,-9999,-9999,-9999
3665,2017,6,9,4,215,141,10134,333,27,-9999,-9999,-9999
3666,2017,6,9,5,215,139,10130,340,32,-9999,-9999,-9999
3667,2017,6,9,6,212,138,10124,347,20,-9999,-9999,-9999
3668,2017,6,9,7,207,142,10132,261,21,-9999,-9999,-9999
3669,2017,6,9,8,200,149,10133,292,26,-9999,-9999,-9999
3670,2017,6,9,9,195,137,10140,277,22,-9999,-9999,-9999
3671,2017,6,9,10,190,138,10145,295,23,-9999,-9999,-9999
3672,2017,6,9,11,192,129,10144,321,25,-9999,-9999,-9999
3673,2017,6,9,12,197,123,10147,326,28,-9999,-9999,-9999
3674,2017,6,9,13,205,139,10142,327,25,-9999,-9999,-9999
3675,2017,6,9,14,202,144,10140,313,40,-9999,-9999,-9999
3676,2017,6,9,15,210,145,10129,348,40,-9999,-9999,-9999
3677,2017,6,9,16,210,146,10123,309,52,-9999,-9999,-9999
3678,2017,6,9,17,212,134,10121,321,39,-9999,-9999,-9999
3679,2017,6,9,18,207,127,10127,296,55,-9999,-9999,-9999
3680,2017,6,9,19,197,122,10137,298,62,-9999,-9999,-9999
3681,2017,6,10,4,137,95,10198,257,16,-9999,-9999,-9999
3682,2017,6,10,5,132,96,10198,270,23,-9999,-9999,-9999
3683,2017,6,10,6,130,91,10197,252,23,-9999,-9999,-9999
3684,2017,6,10,7,122,84,10190,284,18,-9999,-9999,-9999
3685,2017,6,10,8,115,85,10194,233,14,-9999,-9999,-9999
3686,2017,6,10,9,111,76,10196,227,10,-9999,-9999,-9999
3687,2017,6,10,10,110,34,10200,111,9,-9999,-9999,-9999
3688,2017,6,10,11,116,69,10205,38,6,-9999,-9999,-9999
3689,2017,6,10,19,185,26,10170,285,27,-9999,-9999,-9999
3690,2017,6,10,20,171,18,10177,271,23,-9999,-9999,-9999
3691,2017,6,10,21,155,14,10186,304,19,-9999,-9999,-9999
3692,2017,6,10,22,147,36,10194,292,15,-9999,-9999,-9999
3693,2017,6,10,23,137,36,10199,287,1,-9999,-9999,-9999
3694,2017,6,11,0,137,36,10202,284,10,-9999,-9999,-9999
3695,2017,6,11,1,130,36,10206,217,1,-9999,-9999,-9999
3696,2017,6,11,2,122,41,10207,323,1,-9999,-9999,-9999
3697,2017,6,11,3,120,38,10203,312,0,-9999,-9999,-9999
3698,2017,6,11,4,115,50,10202,37,1,-9999,-9999,-9999
3699,2017,6,11,5,120,42,10194,327,15,-9999,-9999,-9999
3700,2017,6,11,6,102,56,10197,35,11,-9999,-9999,-9999
3701,2017,6,11,7,100,53,10199,156,0,-9999,-9999,-9999
3702,2017,6,11,8,97,50,10198,47,1,-9999,-9999,-9999
3703,2017,6,11,9,95,51,10203,71,7,-9999,-9999,-9999
3704,2017,6,11,10,90,52,10210,55,3,-9999,-9999,-9999
3705,2017,6,11,11,112,60,10208,65,7,-9999,-9999,-9999
3706,2017,6,11,12,126,62,10211,120,10,-9999,-9999,-9999
3707,2017,6,11,13,140,71,10211,103,17,-9999,-9999,-9999
3708,2017,6,11,21,172,95,10184,132,11,-9999,-9999,-9999
3709,2017,6,11,22,160,94,10193,142,12,-9999,-9999,-9999
3710,2017,6,11,23,155,96,10198,104,14,-9999,-9999,-9999
3711,2017,6,12,0,145,97,10207,103,8,-9999,-9999,-9999
3712,2017,6,12,1,136,99,10210,41,4,-9999,-9999,-9999
3713,2017,6,12,2,130,98,10209,39,6,-9999,-9999,-9999
3714,2017,6,12,3,126,97,10206,353,0,-9999,-9999,-9999
3715,2017,6,12,4,130,94,10202,46,1,-9999,-9999,-9999
3716,2017,6,12,5,127,91,10202,62,0,-9999,-9999,-9999
3717,2017,6,12,6,127,93,10195,360,2,-9999,-9999,-9999
3718,2017,6,12,7,130,97,10191,67,5,-9999,-9999,-9999
3719,2017,6,12,8,122,98,10188,63,7,-9999,-9999,-9999
3720,2017,6,12,9,121,100,10196,340,1,-9999,-9999,-9999
3721,2017,6,12,10,122,101,10201,30,0,-9999,-9999,-9999
3722,2017,6,12,11,132,109,10201,69,9,-9999,-9999,-9999
3723,2017,6,12,12,140,107,10205,67,11,-9999,-9999,-9999
3724,2017,6,12,13,166,110,10200,82,8,-9999,-9999,-9999
3725,2017,6,12,14,187,115,10189,132,7,-9999,-9999,-9999
3726,2017,6,12,15,201,115,10181,122,6,-9999,-9999,-9999
3727,2017,6,12,16,210,103,10166,122,8,-9999,-9999,-9999
3728,2017,6,12,17,215,105,10158,260,7,-9999,-9999,-9999
3729,2017,6,12,18,210,109,10163,244,18,-9999,-9999,-9999
3730,2017,6,12,19,207,92,10164,272,19,-9999,-9999,-9999
3731,2017,6,12,20,201,89,10172,268,19,-9999,-9999,-9999
3732,2017,6,12,21,190,95,10181,317,20,-9999,-9999,-9999
3733,2017,6,12,22,180,98,10188,115,0,-9999,-9999,-9999
3734,2017,6,12,23,167,104,10194,90,8,-9999,-9999,-9999
3735,2017,6,13,7,142,112,10193,1,1,-9999,-9999,-9999
3736,2017,6,13,8,140,112,10192,86,13,-9999,-9999,-9999
3737,2017,6,13,9,141,114,10198,130,1,-9999,-9999,-9999
3738,2017,6,13,10,140,121,10224,254,31,-9999,-9999,-9999
3739,2017,6,13,11,140,122,10220,45,6,-9999,-9999,-9999
3740,2017,6,13,12,145,126,10222,42,7,-9999,-9999,-9999
3741,2017,6,13,13,156,136,10216,69,18,-9999,-9999,-9999
3742,2017,6,13,14,161,138,10203,48,17,-9999,-9999,-9999
3743,2017,6,13,15,172,141,10200,160,10,-9999,-9999,-9999
3744,2017,6,13,16,170,145,10199,227,12,-9999,-9999,-9999
3745,2017,6,13,17,170,149,10203,241,10,-9999,-9999,-9999
3746,2017,6,13,18,170,151,10201,322,8,-9999,-9999,-9999
3747,2017,6,13,19,167,143,10204,265,11,-9999,-9999,-9999
3748,2017,6,13,20,162,139,10206,280,16,-9999,-9999,-9999
3749,2017,6,13,21,160,138,10215,289,22,-9999,-9999,-9999
3750,2017,6,13,22,160,137,10226,301,23,-9999,-9999,-9999
3751,2017,6,13,23,155,135,10220,4,22,-9999,-9999,-9999
3752,2017,6,14,0,155,133,10222,358,1,-9999,-9999,-9999
3753,2017,6,14,9,142,127,10224,125,7,-9999,-9999,-9999
3754,2017,6,14,10,145,130,10231,116,13,-9999,-9999,-9999
3755,2017,6,14,11,145,130,10235,70,11,-9999,-9999,-9999
3756,2017,6,14,12,151,133,10242,97,16,-9999,-9999,-9999
3757,2017,6,14,13,165,135,10245,96,18,-9999,-9999,-9999
3758,2017,6,14,14,176,129,10240,74,13,-9999,-9999,-9999
3759,2017,6,14,15,181,128,10237,123,12,-9999,-9999,-9999
3760,2017,6,14,16,190,126,10227,164,22,-9999,-9999,-9999
3761,2017,6,14,17,197,120,10218,138,15,-9999,-9999,-9999
3762,2017,6,14,18,192,121,10216,124,20,-9999,-9999,-9999
3763,2017,6,14,19,190,126,10219,148,22,-9999,-9999,-9999
3764,2017,6,14,20,172,129,10227,150,21,-9999,-9999,-9999
3765,2017,6,14,21,165,127,10230,164,25,-9999,-9999,-9999
3766,2017,6,14,22,160,126,10236,118,19,-9999,-9999,-9999
3767,2017,6,14,23,152,123,10246,112,33,-9999,-9999,-9999
3768,2017,6,15,0,157,122,10250,143,21,-9999,-9999,-9999
3769,2017,6,15,1,160,125,10254,154,18,-9999,-9999,-9999
3770,2017,6,15,2,157,127,10254,136,14,-9999,-9999,-9999
3771,2017,6,15,3,155,128,10255,131,7,-9999,-9999,-9999
3772,2017,6,15,6,152,128,10246,92,23,-9999,-9999,-9999
3773,2017,6,15,7,151,121,10243,118,25,-9999,-9999,-9999
3774,2017,6,15,8,150,121,10242,110,20,-9999,-9999,-9999
3775,2017,6,15,9,147,121,10246,100,14,-9999,-9999,-9999
3776,2017,6,15,10,147,123,10253,105,28,-9999,-9999,-9999
3777,2017,6,15,11,150,121,10262,99,26,-9999,-9999,-9999
3778,2017,6,15,12,157,123,10264,121,20,-9999,-9999,-9999
3779,2017,6,15,13,171,122,10261,106,30,-9999,-9999,-9999
3780,2017,6,15,14,182,123,10254,90,32,-9999,-9999,-9999
3781,2017,6,15,15,187,128,10245,106,34,-9999,-9999,-9999
3782,2017,6,15,16,191,130,10232,117,36,-9999,-9999,-9999
3783,2017,6,15,17,205,142,10222,103,26,-9999,-9999,-9999
3784,2017,6,15,18,197,129,10215,84,23,-9999,-9999,-9999
3785,2017,6,15,19,197,129,10213,88,21,-9999,-9999,-9999
3786,2017,6,15,20,197,126,10216,80,23,-9999,-9999,-9999
3787,2017,6,15,21,180,139,10226,138,20,-9999,-9999,-9999
3788,2017,6,15,22,170,140,10231,120,21,-9999,-9999,-9999
3789,2017,6,15,23,167,138,10237,109,19,-9999,-9999,-9999
3790,2017,6,16,0,166,136,10236,106,32,-9999,-9999,-9999
3791,2017,6,16,1,165,135,10240,94,24,-9999,-9999,-9999
3792,2017,6,16,9,142,117,10237,75,26,-9999,-9999,-9999
3793,2017,6,16,10,142,116,10242,71,27,-9999,-9999,-9999
3794,2017,6,16,11,145,115,10244,81,28,-9999,-9999,-9999
3795,2017,6,16,12,151,115,10242,91,20,-9999,-9999,-9999
3796,2017,6,16,13,167,124,10235,87,23,-9999,-9999,-9999
3797,2017,6,16,14,177,121,10228,95,27,-9999,-9999,-9999
3798,2017,6,16,15,187,117,10215,76,16,-9999,-9999,-9999
3799,2017,6,16,16,197,119,10202,92,12,-9999,-9999,-9999
3800,2017,6,16,17,210,124,10188,133,11,-9999,-9999,-9999
3801,2017,6,16,19,226,98,10177,335,27,-9999,-9999,-9999
3802,2017,6,16,20,215,99,10182,308,20,-9999,-9999,-9999
3803,2017,6,16,21,200,109,10188,338,9,-9999,-9999,-9999
3804,2017,6,16,22,185,113,10195,25,10,-9999,-9999,-9999
3805,2017,6,16,23,182,127,10199,34,10,-9999,-9999,-9999
3806,2017,6,17,0,175,127,10200,25,10,-9999,-9999,-9999
3807,2017,6,17,1,162,118,10203,41,9,-9999,-9999,-9999
3808,2017,6,17,2,165,109,10204,277,3,-9999,-9999,-9999
3809,2017,6,17,3,156,122,10205,279,1,-9999,-9999,-9999
3810,2017,6,17,4,157,109,10201,313,10,-9999,-9999,-9999
3811,2017,6,17,5,151,112,10200,71,3,-9999,-9999,-9999
3812,2017,6,17,6,150,103,10198,8,3,-9999,-9999,-9999
3813,2017,6,17,7,147,102,10196,37,3,-9999,-9999,-9999
3814,2017,6,17,8,135,106,10200,149,7,-9999,-9999,-9999
3815,2017,6,17,9,132,107,10204,75,3,-9999,-9999,-9999
3816,2017,6,17,10,130,104,10213,69,8,-9999,-9999,-9999
3817,2017,6,17,11,142,113,10212,72,10,-9999,-9999,-9999
3818,2017,6,17,12,155,119,10212,86,11,-9999,-9999,-9999
3819,2017,6,17,13,171,122,10207,94,13,-9999,-9999,-9999
3820,2017,6,17,14,200,121,10192,87,16,-9999,-9999,-9999
3821,2017,6,17,22,206,100,10163,3,12,-9999,-9999,-9999
3822,2017,6,17,23,191,106,10171,30,14,-9999,-9999,-9999
3823,2017,6,18,0,177,113,10175,36,13,-9999,-9999,-9999
3824,2017,6,18,1,176,110,10176,336,11,-9999,-9999,-9999
3825,2017,6,18,2,177,101,10174,344,12,-9999,-9999,-9999
3826,2017,6,18,3,175,102,10175,325,13,-9999,-9999,-9999
3827,2017,6,18,4,162,103,10179,322,2,-9999,-9999,-9999
3828,2017,6,18,5,155,109,10180,112,6,-9999,-9999,-9999
3829,2017,6,18,6,150,109,10178,214,5,-9999,-9999,-9999
3830,2017,6,18,7,145,112,10180,174,0,-9999,-9999,-9999
3831,2017,6,18,8,147,109,10182,69,8,-9999,-9999,-9999
3832,2017,6,18,9,141,109,10195,148,1,-9999,-9999,-9999
3833,2017,6,18,10,137,111,10204,58,7,-9999,-9999,-9999
3834,2017,6,18,11,150,116,10207,66,11,-9999,-9999,-9999
3835,2017,6,18,19,227,71,10156,301,34,-9999,-9999,-9999
3836,2017,6,18,20,226,81,10160,306,21,-9999,-9999,-9999
3837,2017,6,18,21,217,93,10166,284,8,-9999,-9999,-9999
3838,2017,6,18,22,210,110,10171,345,8,-9999,-9999,-9999
3839,2017,6,18,23,207,120,10173,295,10,-9999,-9999,-9999
3840,2017,6,19,0,202,110,10173,331,19,-9999,-9999,-9999
3841,2017,6,19,1,202,82,10171,329,19,-9999,-9999,-9999
3842,2017,6,19,2,191,84,10175,305,19,-9999,-9999,-9999
3843,2017,6,19,11,177,108,10183,101,1,-9999,-9999,-9999
3844,2017,6,19,12,192,103,10184,76,6,-9999,-9999,-9999
3845,2017,6,19,13,222,103,10174,46,6,-9999,-9999,-9999
3846,2017,6,19,14,237,86,10165,333,19,-9999,-9999,-9999
3847,2017,6,19,15,242,69,10159,335,20,-9999,-9999,-9999
3848,2017,6,19,16,247,62,10149,250,14,-9999,-9999,-9999
3849,2017,6,19,17,230,135,10153,144,23,-9999,-9999,-9999
3850,2017,6,19,18,212,138,10162,159,35,-9999,-9999,-9999
3851,2017,6,19,19,197,133,10171,169,31,-9999,-9999,-9999
3852,2017,6,19,20,190,135,10181,150,27,-9999,-9999,-9999
3853,2017,6,19,21,181,138,10192,187,27,-9999,-9999,-9999
3854,2017,6,19,22,177,139,10200,162,32,-9999,-9999,-9999
3855,2017,6,19,23,172,138,10208,175,28,-9999,-9999,-9999
3856,2017,6,20,0,170,134,10213,134,15,-9999,-9999,-9999
3857,2017,6,20,1,167,134,10218,145,19,-9999,-9999,-9999
3858,2017,6,20,2,167,135,10216,123,24,-9999,-9999,-9999
3859,2017,6,20,3,166,134,10216,152,18,-9999,-9999,-9999
3860,2017,6,20,4,162,135,10215,141,18,-9999,-9999,-9999
3861,2017,6,20,5,165,135,10210,136,12,-9999,-9999,-9999
3862,2017,6,20,6,162,133,10209,141,19,-9999,-9999,-9999
3863,2017,6,20,7,160,132,10211,164,25,-9999,-9999,-9999
3864,2017,6,20,8,152,135,10215,176,14,-9999,-9999,-9999
3865,2017,6,20,9,155,129,10220,174,29,-9999,-9999,-9999
3866,2017,6,20,10,151,128,10229,170,26,-9999,-9999,-9999
3867,2017,6,20,11,152,127,10235,166,30,-9999,-9999,-9999
3868,2017,6,20,12,156,123,10245,170,25,-9999,-9999,-9999
3869,2017,6,20,13,160,122,10249,159,34,-9999,-9999,-9999
3870,2017,6,20,14,165,120,10245,162,31,-9999,-9999,-9999
3871,2017,6,20,15,167,124,10240,157,31,-9999,-9999,-9999
3872,2017,6,20,16,161,126,10235,136,21,-9999,-9999,-9999
3873,2017,6,20,17,165,130,10232,147,21,-9999,-9999,-9999
3874,2017,6,20,18,155,127,10234,148,22,-9999,-9999,-9999
3875,2017,6,20,19,155,126,10235,165,26,-9999,-9999,-9999
3876,2017,6,20,20,155,122,10241,151,20,-9999,-9999,-9999
3877,2017,6,20,21,147,122,10246,160,31,-9999,-9999,-9999
3878,2017,6,20,22,147,123,10249,138,15,-9999,-9999,-9999
3879,2017,6,20,23,140,118,10256,169,33,-9999,-9999,-9999
3880,2017,6,21,0,142,121,10258,149,13,-9999,-9999,-9999
3881,2017,6,21,1,141,118,10261,146,17,-9999,-9999,-9999
3882,2017,6,21,2,142,120,10259,138,9,-9999,-9999,-9999
3883,2017,6,21,3,142,117,10260,137,15,-9999,-9999,-9999
3884,2017,6,21,4,145,119,10256,122,28,-9999,-9999,-9999
3885,2017,6,21,5,145,121,10252,118,27,-9999,-9999,-9999
3886,2017,6,21,6,145,123,10251,106,22,-9999,-9999,-9999
3887,2017,6,21,7,146,126,10249,119,14,-9999,-9999,-9999
3888,2017,6,21,8,147,125,10249,103,24,-9999,-9999,-9999
3889,2017,6,21,9,150,126,10251,110,25,-9999,-9999,-9999
3890,2017,6,21,10,147,124,10257,119,29,-9999,-9999,-9999
3891,2017,6,21,11,146,128,10269,122,27,-9999,-9999,-9999
3892,2017,6,21,12,155,137,10274,141,13,-9999,-9999,-9999
3893,2017,6,21,13,156,133,10276,111,25,-9999,-9999,-9999
3894,2017,6,21,14,165,140,10272,136,16,-9999,-9999,-9999
3895,2017,6,21,15,176,132,10261,110,24,-9999,-9999,-9999
3896,2017,6,21,16,182,131,10251,115,25,-9999,-9999,-9999
3897,2017,6,21,17,187,133,10242,100,29,-9999,-9999,-9999
3898,2017,6,21,18,196,136,10233,128,27,-9999,-9999,-9999
3899,2017,6,21,19,182,133,10237,154,33,-9999,-9999,-9999
3900,2017,6,21,20,175,134,10241,144,22,-9999,-9999,-9999
3901,2017,6,21,21,167,135,10246,154,24,-9999,-9999,-9999
3902,2017,6,21,22,166,134,10252,127,23,-9999,-9999,-9999
3903,2017,6,21,23,162,133,10258,126,21,-9999,-9999,-9999
3904,2017,6,22,0,162,132,10262,130,21,-9999,-9999,-9999
3905,2017,6,22,1,162,133,10266,120,22,-9999,-9999,-9999
3906,2017,6,22,2,161,132,10264,119,29,-9999,-9999,-9999
3907,2017,6,22,3,162,132,10260,121,30,-9999,-9999,-9999
3908,2017,6,22,4,161,131,10260,105,25,-9999,-9999,-9999
3909,2017,6,22,5,160,131,10253,113,20,-9999,-9999,-9999
3910,2017,6,22,6,160,129,10249,87,20,-9999,-9999,-9999
3911,2017,6,22,7,156,125,10247,99,28,-9999,-9999,-9999
3912,2017,6,22,8,155,123,10245,94,24,-9999,-9999,-9999
3913,2017,6,22,9,151,121,10246,75,22,-9999,-9999,-9999
3914,2017,6,22,10,146,119,10252,80,27,-9999,-9999,-9999
3915,2017,6,22,11,150,120,10258,71,20,-9999,-9999,-9999
3916,2017,6,22,12,165,122,10259,92,22,-9999,-9999,-9999
3917,2017,6,22,13,181,125,10256,84,28,-9999,-9999,-9999
3918,2017,6,22,14,190,122,10249,90,28,-9999,-9999,-9999
3919,2017,6,22,15,212,132,10232,79,33,-9999,-9999,-9999
3920,2017,6,22,16,212,118,10222,93,44,-9999,-9999,-9999
3921,2017,6,22,17,217,114,10214,91,34,-9999,-9999,-9999
3922,2017,6,22,18,217,112,10206,94,37,-9999,-9999,-9999
3923,2017,6,22,19,216,111,10207,78,43,-9999,-9999,-9999
3924,2017,6,22,20,207,132,10208,112,32,-9999,-9999,-9999
3925,2017,6,22,21,187,143,10220,127,20,-9999,-9999,-9999
3926,2017,6,22,22,180,139,10227,121,29,-9999,-9999,-9999
3927,2017,6,22,23,175,137,10233,116,16,-9999,-9999,-9999
3928,2017,6,23,0,171,129,10241,93,19,-9999,-9999,-9999
3929,2017,6,23,1,167,126,10244,82,25,-9999,-9999,-9999
3930,2017,6,23,2,162,119,10246,65,21,-9999,-9999,-9999
3931,2017,6,23,3,155,119,10250,64,20,-9999,-9999,-9999
3932,2017,6,23,4,150,117,10251,60,22,-9999,-9999,-9999
3933,2017,6,23,5,146,119,10251,62,23,-9999,-9999,-9999
3934,2017,6,23,6,142,120,10250,74,20,-9999,-9999,-9999
3935,2017,6,23,7,140,117,10251,80,13,-9999,-9999,-9999
3936,2017,6,23,8,146,120,10249,68,20,-9999,-9999,-9999
3937,2017,6,23,9,147,120,10252,75,25,-9999,-9999,-9999
3938,2017,6,23,10,147,120,10254,80,26,-9999,-9999,-9999
3939,2017,6,23,11,152,120,10260,75,33,-9999,-9999,-9999
3940,2017,6,23,12,160,122,10265,80,30,-9999,-9999,-9999
3941,2017,6,23,13,175,121,10264,79,33,-9999,-9999,-9999
3942,2017,6,23,14,190,117,10257,72,41,-9999,-9999,-9999
3943,2017,6,23,15,205,112,10243,73,30,-9999,-9999,-9999
3944,2017,6,23,16,220,107,10229,70,24,-9999,-9999,-9999
3945,2017,6,23,17,227,107,10219,88,24,-9999,-9999,-9999
3946,2017,6,23,18,221,114,10215,117,21,-9999,-9999,-9999
3947,2017,6,23,19,220,110,10215,106,22,-9999,-9999,-9999
3948,2017,6,23,20,200,133,10224,145,22,-9999,-9999,-9999
3949,2017,6,23,21,175,134,10237,151,24,-9999,-9999,-9999
3950,2017,6,23,22,166,131,10246,142,16,-9999,-9999,-9999
3951,2017,6,23,23,161,130,10253,191,6,-9999,-9999,-9999
3952,2017,6,24,0,162,132,10256,125,16,-9999,-9999,-9999
3953,2017,6,24,1,165,132,10256,105,10,-9999,-9999,-9999
3954,2017,6,24,2,160,131,10260,115,19,-9999,-9999,-9999
3955,2017,6,24,3,157,129,10259,89,20,-9999,-9999,-9999
3956,2017,6,24,4,152,127,10259,73,8,-9999,-9999,-9999
3957,2017,6,24,5,147,124,10256,71,12,-9999,-9999,-9999
3958,2017,6,24,6,146,123,10255,85,15,-9999,-9999,-9999
3959,2017,6,24,7,150,126,10254,83,28,-9999,-9999,-9999
3960,2017,6,24,8,150,124,10255,80,28,-9999,-9999,-9999
3961,2017,6,24,9,151,123,10259,77,31,-9999,-9999,-9999
3962,2017,6,24,10,150,121,10264,81,32,-9999,-9999,-9999
3963,2017,6,24,11,157,122,10270,74,23,-9999,-9999,-9999
3964,2017,6,24,12,170,123,10271,87,29,-9999,-9999,-9999
3965,2017,6,24,13,182,125,10270,83,27,-9999,-9999,-9999
3966,2017,6,24,14,192,122,10266,83,28,-9999,-9999,-9999
3967,2017,6,24,15,205,120,10254,80,20,-9999,-9999,-9999
3968,2017,6,24,16,206,115,10244,97,16,-9999,-9999,-9999
3969,2017,6,24,17,212,117,10233,106,34,-9999,-9999,-9999
3970,2017,6,24,18,212,110,10229,93,29,-9999,-9999,-9999
3971,2017,6,24,19,211,105,10227,102,35,-9999,-9999,-9999
3972,2017,6,24,20,201,131,10235,130,21,-9999,-9999,-9999
3973,2017,6,24,21,177,136,10246,155,24,-9999,-9999,-9999
3974,2017,6,24,22,170,135,10255,164,21,-9999,-9999,-9999
3975,2017,6,24,23,170,134,10259,125,18,-9999,-9999,-9999
3976,2017,6,25,0,171,134,10263,113,21,-9999,-9999,-9999
3977,2017,6,25,1,172,131,10268,122,17,-9999,-9999,-9999
3978,2017,6,25,2,167,129,10271,122,26,-9999,-9999,-9999
3979,2017,6,25,3,162,126,10269,106,23,-9999,-9999,-9999
3980,2017,6,25,4,160,127,10264,100,25,-9999,-9999,-9999
3981,2017,6,25,5,152,127,10260,84,19,-9999,-9999,-9999
3982,2017,6,25,6,155,122,10259,73,28,-9999,-9999,-9999
3983,2017,6,25,7,152,121,10261,107,19,-9999,-9999,-9999
3984,2017,6,25,8,152,119,10260,76,24,-9999,-9999,-9999
3985,2017,6,25,9,151,121,10263,100,6,-9999,-9999,-9999
3986,2017,6,25,10,152,119,10266,100,18,-9999,-9999,-9999
3987,2017,6,25,11,152,117,10272,105,13,-9999,-9999,-9999
3988,2017,6,25,12,167,110,10272,89,26,-9999,-9999,-9999
3989,2017,6,25,13,172,109,10273,100,26,-9999,-9999,-9999
3990,2017,6,25,14,191,103,10261,68,22,-9999,-9999,-9999
3991,2017,6,25,15,197,91,10251,61,29,-9999,-9999,-9999
3992,2017,6,25,16,200,92,10241,78,23,-9999,-9999,-9999
3993,2017,6,25,17,210,70,10230,110,27,-9999,-9999,-9999
3994,2017,6,25,18,212,77,10224,103,29,-9999,-9999,-9999
3995,2017,6,25,19,207,110,10222,147,24,-9999,-9999,-9999
3996,2017,6,25,20,181,113,10234,160,31,-9999,-9999,-9999
3997,2017,6,25,21,170,113,10243,134,24,-9999,-9999,-9999
3998,2017,6,25,22,157,113,10250,151,26,-9999,-9999,-9999
3999,2017,6,25,23,157,118,10257,159,25,-9999,-9999,-9999
4000,2017,6,26,0,157,115,10261,148,20,-9999,-9999,-9999
4001,2017,6,26,1,156,110,10262,140,21,-9999,-9999,-9999
4002,2017,6,26,2,157,117,10259,126,20,-9999,-9999,-9999
4003,2017,6,26,3,147,106,10259,98,33,-9999,-9999,-9999
4004,2017,6,26,4,140,108,10258,89,22,-9999,-9999,-9999
4005,2017,6,26,5,136,109,10257,98,22,-9999,-9999,-9999
4006,2017,6,26,6,135,108,10252,69,22,-9999,-9999,-9999
4007,2017,6,26,7,132,109,10251,81,39,-9999,-9999,-9999
4008,2017,6,26,8,132,108,10248,69,26,-9999,-9999,-9999
4009,2017,6,26,9,132,107,10255,87,27,-9999,-9999,-9999
4010,2017,6,26,10,135,107,10259,78,30,-9999,-9999,-9999
4011,2017,6,26,11,137,106,10269,85,31,-9999,-9999,-9999
4012,2017,6,26,12,150,108,10268,83,32,-9999,-9999,-9999
4013,2017,6,26,13,160,108,10264,88,27,-9999,-9999,-9999
4014,2017,6,26,14,182,113,10250,82,35,-9999,-9999,-9999
4015,2017,6,26,15,200,105,10236,64,20,-9999,-9999,-9999
4016,2017,6,26,16,205,113,10222,108,23,-9999,-9999,-9999
4017,2017,6,26,17,212,107,10214,131,16,-9999,-9999,-9999
4018,2017,6,26,18,220,108,10203,95,14,-9999,-9999,-9999
4019,2017,6,26,19,215,103,10207,84,22,-9999,-9999,-9999
4020,2017,6,26,20,205,106,10214,100,18,-9999,-9999,-9999
4021,2017,6,26,21,195,109,10221,92,21,-9999,-9999,-9999
4022,2017,6,26,22,180,129,10226,125,20,-9999,-9999,-9999
4023,2017,6,26,23,167,129,10236,127,12,-9999,-9999,-9999
4024,2017,6,27,0,165,129,10238,84,21,-9999,-9999,-9999
4025,2017,6,27,1,157,128,10244,82,11,-9999,-9999,-9999
4026,2017,6,27,2,156,128,10241,68,18,-9999,-9999,-9999
4027,2017,6,27,3,151,124,10241,56,8,-9999,-9999,-9999
4028,2017,6,27,4,150,125,10239,55,12,-9999,-9999,-9999
4029,2017,6,27,5,150,126,10234,66,19,-9999,-9999,-9999
4030,2017,6,27,6,146,122,10229,71,19,-9999,-9999,-9999
4031,2017,6,27,7,142,120,10227,71,22,-9999,-9999,-9999
4032,2017,6,27,8,136,119,10229,80,22,-9999,-9999,-9999
4033,2017,6,27,9,136,120,10236,55,11,-9999,-9999,-9999
4034,2017,6,27,10,135,119,10241,75,17,-9999,-9999,-9999
4035,2017,6,27,11,136,120,10250,50,19,-9999,-9999,-9999
4036,2017,6,27,12,145,123,10259,21,6,-9999,-9999,-9999
4037,2017,6,27,13,157,119,10259,121,7,-9999,-9999,-9999
4038,2017,6,27,14,182,112,10249,116,6,-9999,-9999,-9999
4039,2017,6,27,15,207,95,10238,16,5,-9999,-9999,-9999
4040,2017,6,27,16,216,55,10224,313,30,-9999,-9999,-9999
4041,2017,6,27,17,220,68,10216,317,22,-9999,-9999,-9999
4042,2017,6,27,18,230,72,10208,353,19,-9999,-9999,-9999
4043,2017,6,27,19,230,78,10207,304,12,-9999,-9999,-9999
4044,2017,6,27,20,222,77,10208,8,2,-9999,-9999,-9999
4045,2017,6,27,21,200,87,10220,328,1,-9999,-9999,-9999
4046,2017,6,27,22,190,110,10230,84,27,-9999,-9999,-9999
4047,2017,6,27,23,180,82,10237,97,18,-9999,-9999,-9999
4048,2017,6,28,0,171,61,10243,96,18,-9999,-9999,-9999
4049,2017,6,28,1,165,79,10250,80,15,-9999,-9999,-9999
4050,2017,6,28,2,155,89,10251,68,6,-9999,-9999,-9999
4051,2017,6,28,3,155,98,10250,82,17,-9999,-9999,-9999
4052,2017,6,28,4,146,100,10250,48,7,-9999,-9999,-9999
4053,2017,6,28,5,146,101,10249,75,16,-9999,-9999,-9999
4054,2017,6,28,6,140,97,10249,73,11,-9999,-9999,-9999
4055,2017,6,28,7,137,100,10245,71,16,-9999,-9999,-9999
4056,2017,6,28,8,132,99,10247,84,3,-9999,-9999,-9999
4057,2017,6,28,9,132,100,10249,62,7,-9999,-9999,-9999
4058,2017,6,28,10,135,107,10251,47,8,-9999,-9999,-9999
4059,2017,6,28,11,155,119,10250,49,8,-9999,-9999,-9999
4060,2017,6,28,12,172,121,10249,73,14,-9999,-9999,-9999
4061,2017,6,28,13,192,122,10245,58,13,-9999,-9999,-9999
4062,2017,6,28,14,200,119,10241,116,9,-9999,-9999,-9999
4063,2017,6,28,15,216,121,10230,296,10,-9999,-9999,-9999
4064,2017,6,28,16,227,118,10214,212,6,-9999,-9999,-9999
4065,2017,6,28,17,232,118,10205,81,11,-9999,-9999,-9999
4066,2017,6,28,18,242,109,10198,343,15,-9999,-9999,-9999
4067,2017,6,28,19,240,110,10195,228,9,-9999,-9999,-9999
4068,2017,6,28,20,226,110,10200,231,1,-9999,-9999,-9999
4069,2017,6,28,21,210,141,10209,189,15,-9999,-9999,-9999
4070,2017,6,28,22,196,137,10219,195,11,-9999,-9999,-9999
4071,2017,6,28,23,196,129,10222,180,15,-9999,-9999,-9999
4072,2017,6,29,0,195,121,10228,146,3,-9999,-9999,-9999
4073,2017,6,29,1,192,131,10229,125,7,-9999,-9999,-9999
4074,2017,6,29,2,192,130,10229,132,0,-9999,-9999,-9999
4075,2017,6,29,3,182,136,10230,46,7,-9999,-9999,-9999
4076,2017,6,29,4,175,137,10229,30,9,-9999,-9999,-9999
4077,2017,6,29,5,167,134,10231,28,12,-9999,-9999,-9999
4078,2017,6,29,6,157,130,10229,67,1,-9999,-9999,-9999
4079,2017,6,29,7,156,130,10228,108,0,-9999,-9999,-9999
4080,2017,6,29,8,151,127,10227,96,1,-9999,-9999,-9999
4081,2017,6,29,9,147,127,10230,248,3,-9999,-9999,-9999
4082,2017,6,29,10,142,123,10236,55,6,-9999,-9999,-9999
4083,2017,6,29,11,160,133,10236,72,15,-9999,-9999,-9999
4084,2017,6,29,12,181,134,10234,67,15,-9999,-9999,-9999
4085,2017,6,29,13,195,135,10229,82,18,-9999,-9999,-9999
4086,2017,6,29,14,210,130,10219,89,17,-9999,-9999,-9999
4087,2017,6,29,15,232,115,10205,58,15,-9999,-9999,-9999
4088,2017,6,29,16,240,77,10192,55,7,-9999,-9999,-9999
4089,2017,6,29,17,246,67,10185,261,7,-9999,-9999,-9999
4090,2017,6,29,18,250,57,10182,229,4,-9999,-9999,-9999
4091,2017,6,29,19,246,62,10180,10,17,-9999,-9999,-9999
4092,2017,6,29,20,235,64,10186,351,14,-9999,-9999,-9999
4093,2017,6,29,21,217,79,10193,317,16,-9999,-9999,-9999
4094,2017,6,29,22,205,93,10200,303,16,-9999,-9999,-9999
4095,2017,6,29,23,197,96,10207,105,14,-9999,-9999,-9999
4096,2017,6,30,0,185,105,10215,50,8,-9999,-9999,-9999
4097,2017,6,30,1,172,104,10222,51,7,-9999,-9999,-9999
4098,2017,6,30,2,171,106,10222,29,5,-9999,-9999,-9999
4099,2017,6,30,7,145,101,10218,37,5,-9999,-9999,-9999
4100,2017,6,30,8,142,103,10218,67,7,-9999,-9999,-9999
4101,2017,6,30,9,140,104,10223,131,7,-9999,-9999,-9999
4102,2017,6,30,11,155,110,10229,57,5,-9999,-9999,-9999
4103,2017,6,30,12,170,109,10232,50,10,-9999,-9999,-9999
4104,2017,6,30,13,192,115,10223,71,9,-9999,-9999,-9999
4105,2017,6,30,14,210,104,10215,196,12,-9999,-9999,-9999
4106,2017,6,30,15,227,101,10201,288,23,-9999,-9999,-9999
4107,2017,6,30,16,227,98,10190,305,25,-9999,-9999,-9999
4108,2017,6,30,17,235,101,10181,328,36,-9999,-9999,-9999
4109,2017,6,30,18,240,87,10179,272,23,-9999,-9999,-9999
4110,2017,6,30,19,232,79,10184,291,23,-9999,-9999,-9999
4111,2017,6,30,20,222,84,10196,252,27,-9999,-9999,-9999
4112,2017,6,30,21,217,96,10201,253,26,-9999,-9999,-9999
4113,2017,6,30,22,211,102,10208,244,12,-9999,-9999,-9999
4114,2017,6,30,23,210,96,10208,269,15,-9999,-9999,-9999
4115,2017,7,1,0,202,99,10212,274,14,-9999,-9999,-9999
4116,2017,7,1,1,197,102,10216,284,12,-9999,-9999,-9999
4117,2017,7,1,2,190,105,10219,283,21,-9999,-9999,-9999
4118,2017,7,1,3,182,103,10222,278,16,-9999,-9999,-9999
4119,2017,7,1,4,175,106,10225,301,6,-9999,-9999,-9999
4120,2017,7,1,5,166,107,10225,17,7,-9999,-9999,-9999
4121,2017,7,1,6,156,106,10228,185,10,-9999,-9999,-9999
4122,2017,7,1,7,155,112,10230,182,14,-9999,-9999,-9999
4123,2017,7,1,8,152,127,10230,167,14,-9999,-9999,-9999
4124,2017,7,1,9,156,130,10233,166,12,-9999,-9999,-9999
4125,2017,7,1,10,160,128,10237,175,13,-9999,-9999,-9999
4126,2017,7,1,11,166,133,10241,163,1,-9999,-9999,-9999
4127,2017,7,1,12,172,131,10247,186,14,-9999,-9999,-9999
4128,2017,7,1,13,172,133,10253,199,17,-9999,-9999,-9999
4129,2017,7,1,14,182,130,10246,189,21,-9999,-9999,-9999
4130,2017,7,1,15,180,127,10244,173,25,-9999,-9999,-9999
4131,2017,7,1,16,185,124,10236,166,34,-9999,-9999,-9999
4132,2017,7,1,17,181,131,10233,190,28,-9999,-9999,-9999
4133,2017,7,1,18,175,131,10236,148,23,-9999,-9999,-9999
4134,2017,7,1,19,172,124,10240,138,22,-9999,-9999,-9999
4135,2017,7,1,20,162,119,10247,148,24,-9999,-9999,-9999
4136,2017,7,1,21,155,104,10254,163,24,-9999,-9999,-9999
4137,2017,7,1,22,152,116,10259,169,31,-9999,-9999,-9999
4138,2017,7,1,23,151,118,10266,169,31,-9999,-9999,-9999
4139,2017,7,2,0,146,111,10272,162,35,-9999,-9999,-9999
4140,2017,7,2,1,141,101,10278,162,32,-9999,-9999,-9999
4141,2017,7,2,2,140,96,10279,147,23,-9999,-9999,-9999
4142,2017,7,2,3,137,80,10281,161,28,-9999,-9999,-9999
4143,2017,7,2,4,136,96,10280,149,24,-9999,-9999,-9999
4144,2017,7,2,5,135,93,10280,154,34,-9999,-9999,-9999
4145,2017,7,2,6,131,88,10278,147,25,-9999,-9999,-9999
4146,2017,7,2,7,122,86,10278,138,11,-9999,-9999,-9999
4147,2017,7,2,8,126,89,10278,147,37,-9999,-9999,-9999
4148,2017,7,2,9,125,89,10281,152,23,-9999,-9999,-9999
4149,2017,7,2,10,125,88,10284,152,31,-9999,-9999,-9999
4150,2017,7,2,11,131,89,10290,136,23,-9999,-9999,-9999
4151,2017,7,2,12,132,92,10301,146,23,-9999,-9999,-9999
4152,2017,7,2,13,132,92,10308,145,28,-9999,-9999,-9999
4153,2017,7,2,14,140,91,10306,144,26,-9999,-9999,-9999
4154,2017,7,2,15,152,82,10296,153,32,-9999,-9999,-9999
4155,2017,7,2,16,160,77,10285,169,40,-9999,-9999,-9999
4156,2017,7,2,17,147,76,10288,150,36,-9999,-9999,-9999
4157,2017,7,2,18,146,74,10290,156,37,-9999,-9999,-9999
4158,2017,7,2,19,145,78,10290,162,38,-9999,-9999,-9999
4159,2017,7,2,20,140,82,10294,156,34,-9999,-9999,-9999
4160,2017,7,2,21,130,84,10303,150,37,-9999,-9999,-9999
4161,2017,7,2,22,130,87,10308,143,28,-9999,-9999,-9999
4162,2017,7,2,23,126,86,10313,124,34,-9999,-9999,-9999
4163,2017,7,3,0,125,83,10316,159,44,-9999,-9999,-9999
4164,2017,7,3,1,125,79,10321,129,30,-9999,-9999,-9999
4165,2017,7,3,2,120,82,10323,134,20,-9999,-9999,-9999
4166,2017,7,3,3,117,84,10325,134,23,-9999,-9999,-9999
4167,2017,7,3,4,112,94,10323,114,19,-9999,-9999,-9999
4168,2017,7,3,5,115,89,10317,105,23,-9999,-9999,-9999
4169,2017,7,3,6,115,85,10313,118,43,-9999,-9999,-9999
4170,2017,7,3,7,112,83,10313,120,29,-9999,-9999,-9999
4171,2017,7,3,8,111,81,10315,109,28,-9999,-9999,-9999
4172,2017,7,3,9,110,78,10318,115,32,-9999,-9999,-9999
4173,2017,7,3,10,106,77,10323,107,31,-9999,-9999,-9999
4174,2017,7,3,11,110,79,10326,91,24,-9999,-9999,-9999
4175,2017,7,3,12,125,79,10328,103,36,-9999,-9999,-9999
4176,2017,7,3,13,135,80,10326,112,43,-9999,-9999,-9999
4177,2017,7,3,14,135,71,10325,100,34,-9999,-9999,-9999
4178,2017,7,3,15,147,56,10312,94,34,-9999,-9999,-9999
4179,2017,7,3,16,155,57,10299,86,38,-9999,-9999,-9999
4180,2017,7,3,17,155,61,10295,120,35,-9999,-9999,-9999
4181,2017,7,3,18,147,66,10297,124,42,-9999,-9999,-9999
4182,2017,7,3,19,151,54,10295,110,40,-9999,-9999,-9999
4183,2017,7,3,20,145,66,10298,124,33,-9999,-9999,-9999
4184,2017,7,3,21,135,72,10303,122,38,-9999,-9999,-9999
4185,2017,7,3,22,130,64,10304,117,39,-9999,-9999,-9999
4186,2017,7,3,23,122,66,10308,111,36,-9999,-9999,-9999
4187,2017,7,4,0,117,68,10314,101,28,-9999,-9999,-9999
4188,2017,7,4,1,112,72,10315,94,20,-9999,-9999,-9999
4189,2017,7,4,2,111,70,10320,104,21,-9999,-9999,-9999
4190,2017,7,4,3,107,67,10318,94,16,-9999,-9999,-9999
4191,2017,7,4,4,101,64,10318,65,7,-9999,-9999,-9999
4192,2017,7,4,5,100,65,10316,93,17,-9999,-9999,-9999
4193,2017,7,4,6,100,67,10313,106,15,-9999,-9999,-9999
4194,2017,7,4,7,97,65,10312,113,14,-9999,-9999,-9999
4195,2017,7,4,8,95,66,10314,94,14,-9999,-9999,-9999
4196,2017,7,4,9,95,66,10316,103,23,-9999,-9999,-9999
4197,2017,7,4,10,97,64,10320,80,29,-9999,-9999,-9999
4198,2017,7,4,11,105,68,10324,87,27,-9999,-9999,-9999
4199,2017,7,4,12,122,71,10324,81,28,-9999,-9999,-9999
4200,2017,7,4,13,137,63,10324,57,30,-9999,-9999,-9999
4201,2017,7,4,14,145,56,10316,70,30,-9999,-9999,-9999
4202,2017,7,4,15,155,49,10303,91,50,-9999,-9999,-9999
4203,2017,7,4,16,160,47,10292,86,30,-9999,-9999,-9999
4204,2017,7,4,17,170,38,10277,87,40,-9999,-9999,-9999
4205,2017,7,4,18,170,44,10271,93,36,-9999,-9999,-9999
4206,2017,7,4,19,170,49,10267,104,36,-9999,-9999,-9999
4207,2017,7,4,20,165,50,10271,79,37,-9999,-9999,-9999
4208,2017,7,4,21,150,77,10283,125,17,-9999,-9999,-9999
4209,2017,7,4,22,142,72,10288,110,28,-9999,-9999,-9999
4210,2017,7,4,23,135,76,10294,89,19,-9999,-9999,-9999
4211,2017,7,5,0,127,79,10299,86,12,-9999,-9999,-9999
4212,2017,7,5,1,125,79,10305,80,16,-9999,-9999,-9999
4213,2017,7,5,2,116,74,10312,42,13,-9999,-9999,-9999
4214,2017,7,5,3,112,73,10310,52,14,-9999,-9999,-9999
4215,2017,7,5,4,107,71,10309,51,10,-9999,-9999,-9999
4216,2017,7,5,5,102,68,10308,5,7,-9999,-9999,-9999
4217,2017,7,5,6,97,67,10311,47,2,-9999,-9999,-9999
4218,2017,7,5,7,95,67,10312,46,4,-9999,-9999,-9999
4219,2017,7,5,8,91,64,10313,57,2,-9999,-9999,-9999
4220,2017,7,5,9,87,61,10320,37,1,-9999,-9999,-9999
4221,2017,7,5,10,90,66,10325,60,6,-9999,-9999,-9999
4222,2017,7,5,11,117,82,10320,61,3,-9999,-9999,-9999
4223,2017,7,5,12,127,78,10320,67,20,-9999,-9999,-9999
4224,2017,7,5,13,142,76,10320,72,20,-9999,-9999,-9999
4225,2017,7,5,14,157,57,10311,40,18,-9999,-9999,-9999
4226,2017,7,5,15,167,53,10295,63,19,-9999,-9999,-9999
4227,2017,7,5,16,176,56,10278,106,27,-9999,-9999,-9999
4228,2017,7,5,17,182,52,10264,129,16,-9999,-9999,-9999
4229,2017,7,5,18,187,50,10255,121,11,-9999,-9999,-9999
4230,2017,7,5,19,182,57,10256,121,19,-9999,-9999,-9999
4231,2017,7,5,20,176,63,10259,101,22,-9999,-9999,-9999
4232,2017,7,5,21,162,67,10268,30,7,-9999,-9999,-9999
4233,2017,7,5,22,145,96,10278,139,16,-9999,-9999,-9999
4234,2017,7,5,23,145,101,10285,129,14,-9999,-9999,-9999
4235,2017,7,6,0,140,98,10285,98,21,-9999,-9999,-9999
4236,2017,7,6,1,132,98,10288,93,18,-9999,-9999,-9999
4237,2017,7,6,2,130,100,10286,86,16,-9999,-9999,-9999
4238,2017,7,6,3,125,97,10286,68,12,-9999,-9999,-9999
4239,2017,7,6,4,122,98,10281,58,14,-9999,-9999,-9999
4240,2017,7,6,5,120,96,10279,65,17,-9999,-9999,-9999
4241,2017,7,6,6,117,95,10278,70,14,-9999,-9999,-9999
4242,2017,7,6,7,110,90,10280,44,5,-9999,-9999,-9999
4243,2017,7,6,8,111,93,10280,79,17,-9999,-9999,-9999
4244,2017,7,6,9,115,95,10284,67,22,-9999,-9999,-9999
4245,2017,7,6,10,117,95,10292,69,20,-9999,-9999,-9999
4246,2017,7,6,11,120,92,10295,83,32,-9999,-9999,-9999
4247,2017,7,6,12,126,92,10295,90,23,-9999,-9999,-9999
4248,2017,7,6,13,150,93,10291,82,26,-9999,-9999,-9999
4249,2017,7,6,14,167,93,10283,79,19,-9999,-9999,-9999
4250,2017,7,6,15,182,80,10269,97,26,-9999,-9999,-9999
4251,2017,7,6,16,196,72,10254,78,17,-9999,-9999,-9999
4252,2017,7,6,17,201,68,10242,35,15,-9999,-9999,-9999
4253,2017,7,6,18,201,64,10239,112,13,-9999,-9999,-9999
4254,2017,7,6,19,192,70,10239,110,18,-9999,-9999,-9999
4255,2017,7,6,20,187,72,10245,87,23,-9999,-9999,-9999
4256,2017,7,6,21,162,109,10257,159,24,-9999,-9999,-9999
4257,2017,7,6,22,155,104,10268,165,12,-9999,-9999,-9999
4258,2017,7,6,23,151,97,10274,113,20,-9999,-9999,-9999
4259,2017,7,7,0,146,98,10277,107,15,-9999,-9999,-9999
4260,2017,7,7,1,141,102,10277,89,19,-9999,-9999,-9999
4261,2017,7,7,2,137,106,10281,85,18,-9999,-9999,-9999
4262,2017,7,7,3,127,100,10284,56,7,-9999,-9999,-9999
4263,2017,7,7,4,127,101,10282,55,12,-9999,-9999,-9999
4264,2017,7,7,5,125,100,10279,62,9,-9999,-9999,-9999
4265,2017,7,7,6,122,101,10276,66,14,-9999,-9999,-9999
4266,2017,7,7,7,125,102,10275,73,29,-9999,-9999,-9999
4267,2017,7,7,8,127,104,10276,77,31,-9999,-9999,-9999
4268,2017,7,7,9,127,104,10284,71,26,-9999,-9999,-9999
4269,2017,7,7,10,130,104,10287,68,27,-9999,-9999,-9999
4270,2017,7,7,11,135,106,10292,78,32,-9999,-9999,-9999
4271,2017,7,7,12,145,106,10296,78,19,-9999,-9999,-9999
4272,2017,7,7,13,167,111,10294,69,20,-9999,-9999,-9999
4273,2017,7,7,14,182,105,10286,78,24,-9999,-9999,-9999
4274,2017,7,7,15,187,97,10275,64,11,-9999,-9999,-9999
4275,2017,7,7,16,202,81,10259,54,20,-9999,-9999,-9999
4276,2017,7,7,17,192,78,10252,109,27,-9999,-9999,-9999
4277,2017,7,7,18,192,66,10245,80,15,-9999,-9999,-9999
4278,2017,7,7,19,202,65,10239,70,20,-9999,-9999,-9999
4279,2017,7,7,20,195,75,10242,95,24,-9999,-9999,-9999
4280,2017,7,7,21,167,120,10256,164,28,-9999,-9999,-9999
4281,2017,7,7,22,156,120,10267,158,15,-9999,-9999,-9999
4282,2017,7,7,23,152,121,10270,138,10,-9999,-9999,-9999
4283,2017,7,8,0,152,119,10273,110,20,-9999,-9999,-9999
4284,2017,7,8,1,152,118,10276,106,25,-9999,-9999,-9999
4285,2017,7,8,2,151,119,10279,91,21,-9999,-9999,-9999
4286,2017,7,8,3,146,118,10279,83,14,-9999,-9999,-9999
4287,2017,7,8,4,142,113,10279,64,22,-9999,-9999,-9999
4288,2017,7,8,5,137,110,10275,67,23,-9999,-9999,-9999
4289,2017,7,8,6,137,110,10273,66,24,-9999,-9999,-9999
4290,2017,7,8,7,135,110,10274,79,28,-9999,-9999,-9999
4291,2017,7,8,8,135,106,10273,76,23,-9999,-9999,-9999
4292,2017,7,8,9,132,107,10276,75,25,-9999,-9999,-9999
4293,2017,7,8,10,132,105,10276,80,26,-9999,-9999,-9999
4294,2017,7,8,11,136,105,10282,79,26,-9999,-9999,-9999
4295,2017,7,8,12,151,107,10283,86,30,-9999,-9999,-9999
4296,2017,7,8,13,165,105,10284,94,18,-9999,-9999,-9999
4297,2017,7,8,14,181,100,10273,106,11,-9999,-9999,-9999
4298,2017,7,8,15,191,96,10261,104,24,-9999,-9999,-9999
4299,2017,7,8,16,205,84,10246,66,21,-9999,-9999,-9999
4300,2017,7,8,17,202,83,10239,123,14,-9999,-9999,-9999
4301,2017,7,8,18,215,76,10229,207,4,-9999,-9999,-9999
4302,2017,7,8,19,202,81,10234,97,18,-9999,-9999,-9999
4303,2017,7,8,20,192,81,10236,101,28,-9999,-9999,-9999
4304,2017,7,8,21,176,118,10246,140,14,-9999,-9999,-9999
4305,2017,7,8,22,171,119,10253,106,18,-9999,-9999,-9999
4306,2017,7,8,23,170,110,10255,93,17,-9999,-9999,-9999
4307,2017,7,9,0,167,110,10257,80,19,-9999,-9999,-9999
4308,2017,7,9,1,165,114,10259,80,20,-9999,-9999,-9999
4309,2017,7,9,2,155,113,10264,37,12,-9999,-9999,-9999
4310,2017,7,9,3,152,114,10264,66,18,-9999,-9999,-9999
4311,2017,7,9,4,147,114,10264,69,14,-9999,-9999,-9999
4312,2017,7,9,5,145,114,10262,65,18,-9999,-9999,-9999
4313,2017,7,9,6,136,109,10265,68,9,-9999,-9999,-9999
4314,2017,7,9,7,137,111,10261,70,16,-9999,-9999,-9999
4315,2017,7,9,8,132,109,10263,75,18,-9999,-9999,-9999
4316,2017,7,9,9,137,111,10268,73,22,-9999,-9999,-9999
4317,2017,7,9,10,137,108,10272,78,33,-9999,-9999,-9999
4318,2017,7,9,11,142,111,10278,65,22,-9999,-9999,-9999
4319,2017,7,9,12,157,111,10279,70,29,-9999,-9999,-9999
4320,2017,7,9,13,176,110,10278,73,20,-9999,-9999,-9999
4321,2017,7,9,14,195,104,10266,55,10,-9999,-9999,-9999
4322,2017,7,9,15,210,93,10251,62,16,-9999,-9999,-9999
4323,2017,7,9,16,215,77,10239,31,34,-9999,-9999,-9999
4324,2017,7,9,17,220,84,10230,38,14,-9999,-9999,-9999
4325,2017,7,9,18,211,86,10224,138,8,-9999,-9999,-9999
4326,2017,7,9,19,215,75,10218,15,4,-9999,-9999,-9999
4327,2017,7,9,20,211,74,10223,101,21,-9999,-9999,-9999
4328,2017,7,9,21,195,94,10231,65,20,-9999,-9999,-9999
4329,2017,7,9,22,181,104,10241,83,8,-9999,-9999,-9999
4330,2017,7,9,23,175,121,10248,129,12,-9999,-9999,-9999
4331,2017,7,10,0,170,103,10249,88,16,-9999,-9999,-9999
4332,2017,7,10,1,162,104,10255,78,15,-9999,-9999,-9999
4333,2017,7,10,2,157,109,10254,66,17,-9999,-9999,-9999
4334,2017,7,10,3,151,110,10256,61,13,-9999,-9999,-9999
4335,2017,7,10,4,142,109,10259,35,5,-9999,-9999,-9999
4336,2017,7,10,5,141,111,10255,68,8,-9999,-9999,-9999
4337,2017,7,10,6,140,111,10253,65,12,-9999,-9999,-9999
4338,2017,7,10,7,135,111,10250,65,7,-9999,-9999,-9999
4339,2017,7,10,8,132,109,10248,53,9,-9999,-9999,-9999
4340,2017,7,10,9,130,107,10253,55,8,-9999,-9999,-9999
4341,2017,7,10,10,127,107,10261,58,11,-9999,-9999,-9999
4342,2017,7,10,11,130,110,10268,84,26,-9999,-9999,-9999
4343,2017,7,10,12,132,111,10276,80,25,-9999,-9999,-9999
4344,2017,7,10,13,147,118,10275,61,20,-9999,-9999,-9999
4345,2017,7,10,14,176,115,10262,67,23,-9999,-9999,-9999
4346,2017,7,10,15,185,116,10251,87,13,-9999,-9999,-9999
4347,2017,7,10,16,215,112,10230,92,12,-9999,-9999,-9999
4348,2017,7,10,17,217,106,10219,31,6,-9999,-9999,-9999
4349,2017,7,10,18,220,93,10213,72,2,-9999,-9999,-9999
4350,2017,7,10,19,235,90,10208,233,15,-9999,-9999,-9999
4351,2017,7,10,20,217,76,10216,107,3,-9999,-9999,-9999
4352,2017,7,10,21,206,98,10224,159,9,-9999,-9999,-9999
4353,2017,7,10,22,200,108,10232,111,20,-9999,-9999,-9999
4354,2017,7,10,23,185,113,10242,79,16,-9999,-9999,-9999
4355,2017,7,11,0,172,93,10249,55,4,-9999,-9999,-9999
4356,2017,7,11,1,161,103,10255,42,0,-9999,-9999,-9999
4357,2017,7,11,2,157,106,10257,41,0,-9999,-9999,-9999
4358,2017,7,11,3,157,108,10257,95,13,-9999,-9999,-9999
4359,2017,7,11,4,150,109,10257,51,0,-9999,-9999,-9999
4360,2017,7,11,5,147,108,10253,48,0,-9999,-9999,-9999
4361,2017,7,11,6,141,104,10253,73,7,-9999,-9999,-9999
4362,2017,7,11,7,135,100,10252,63,2,-9999,-9999,-9999
4363,2017,7,11,8,132,101,10251,91,3,-9999,-9999,-9999
4364,2017,7,11,9,130,98,10257,55,1,-9999,-9999,-9999
4365,2017,7,11,10,126,96,10262,31,0,-9999,-9999,-9999
4366,2017,7,11,11,147,101,10259,76,6,-9999,-9999,-9999
4367,2017,7,11,12,167,107,10259,73,13,-9999,-9999,-9999
4368,2017,7,11,13,197,111,10251,52,4,-9999,-9999,-9999
4369,2017,7,11,14,205,100,10245,50,8,-9999,-9999,-9999
4370,2017,7,11,15,220,99,10233,144,12,-9999,-9999,-9999
4371,2017,7,11,16,232,91,10218,175,10,-9999,-9999,-9999
4372,2017,7,11,17,242,76,10207,203,16,-9999,-9999,-9999
4373,2017,7,11,18,241,68,10201,294,15,-9999,-9999,-9999
4374,2017,7,11,19,245,66,10198,159,6,-9999,-9999,-9999
4375,2017,7,11,20,230,69,10207,154,9,-9999,-9999,-9999
4376,2017,7,11,21,210,108,10219,166,23,-9999,-9999,-9999
4377,2017,7,11,22,195,111,10231,139,10,-9999,-9999,-9999
4378,2017,7,11,23,187,101,10238,132,9,-9999,-9999,-9999
4379,2017,7,12,0,180,101,10245,167,5,-9999,-9999,-9999
4380,2017,7,12,1,175,110,10248,56,10,-9999,-9999,-9999
4381,2017,7,12,2,165,109,10255,30,9,-9999,-9999,-9999
4382,2017,7,12,3,160,105,10257,51,6,-9999,-9999,-9999
4383,2017,7,12,4,155,103,10256,48,7,-9999,-9999,-9999
4384,2017,7,12,5,146,103,10256,34,5,-9999,-9999,-9999
4385,2017,7,12,6,145,100,10253,101,7,-9999,-9999,-9999
4386,2017,7,12,7,142,101,10253,57,8,-9999,-9999,-9999
4387,2017,7,12,8,140,102,10253,48,8,-9999,-9999,-9999
4388,2017,7,12,9,130,101,10260,35,2,-9999,-9999,-9999
4389,2017,7,12,10,131,102,10265,92,11,-9999,-9999,-9999
4390,2017,7,12,11,150,105,10268,93,9,-9999,-9999,-9999
4391,2017,7,12,12,170,108,10269,126,9,-9999,-9999,-9999
4392,2017,7,12,13,190,123,10265,74,22,-9999,-9999,-9999
4393,2017,7,12,14,205,121,10257,98,32,-9999,-9999,-9999
4394,2017,7,12,15,220,111,10246,81,24,-9999,-9999,-9999
4395,2017,7,12,16,227,93,10234,115,20,-9999,-9999,-9999
4396,2017,7,12,17,230,112,10226,163,23,-9999,-9999,-9999
4397,2017,7,12,18,222,111,10225,155,28,-9999,-9999,-9999
4398,2017,7,12,19,210,112,10231,156,29,-9999,-9999,-9999
4399,2017,7,12,20,180,115,10246,166,33,-9999,-9999,-9999
4400,2017,7,12,21,162,115,10256,148,22,-9999,-9999,-9999
4401,2017,7,12,22,162,119,10256,113,19,-9999,-9999,-9999
4402,2017,7,12,23,157,121,10261,130,15,-9999,-9999,-9999
4403,2017,7,13,0,156,117,10266,113,28,-9999,-9999,-9999
4404,2017,7,13,1,150,113,10270,99,26,-9999,-9999,-9999
4405,2017,7,13,2,146,111,10272,98,18,-9999,-9999,-9999
4406,2017,7,13,3,142,110,10272,117,24,-9999,-9999,-9999
4407,2017,7,13,4,142,112,10271,109,15,-9999,-9999,-9999
4408,2017,7,13,5,142,113,10267,111,19,-9999,-9999,-9999
4409,2017,7,13,6,145,114,10261,98,23,-9999,-9999,-9999
4410,2017,7,13,7,142,114,10256,81,26,-9999,-9999,-9999
4411,2017,7,13,8,145,115,10254,75,22,-9999,-9999,-9999
4412,2017,7,13,9,145,115,10256,70,23,-9999,-9999,-9999
4413,2017,7,13,10,142,112,10259,63,25,-9999,-9999,-9999
4414,2017,7,13,11,147,112,10264,65,21,-9999,-9999,-9999
4415,2017,7,13,12,151,109,10272,75,34,-9999,-9999,-9999
4416,2017,7,13,13,157,114,10272,103,32,-9999,-9999,-9999
4417,2017,7,13,14,165,115,10270,93,31,-9999,-9999,-9999
4418,2017,7,13,15,180,118,10258,90,29,-9999,-9999,-9999
4419,2017,7,13,16,195,114,10242,76,24,-9999,-9999,-9999
4420,2017,7,13,17,206,113,10227,95,14,-9999,-9999,-9999
4421,2017,7,13,18,220,105,10216,112,18,-9999,-9999,-9999
4422,2017,7,13,19,225,102,10213,140,18,-9999,-9999,-9999
4423,2017,7,13,20,215,100,10217,116,13,-9999,-9999,-9999
4424,2017,7,13,21,190,133,10230,145,19,-9999,-9999,-9999
4425,2017,7,13,22,167,129,10241,159,9,-9999,-9999,-9999
4426,2017,7,13,23,161,127,10248,157,17,-9999,-9999,-9999
4427,2017,7,14,0,157,127,10253,124,15,-9999,-9999,-9999
4428,2017,7,14,1,156,127,10257,134,12,-9999,-9999,-9999
4429,2017,7,14,2,152,127,10259,96,13,-9999,-9999,-9999
4430,2017,7,14,3,151,125,10255,90,14,-9999,-9999,-9999
4431,2017,7,14,4,147,125,10255,80,19,-9999,-9999,-9999
4432,2017,7,14,5,145,123,10253,62,20,-9999,-9999,-9999
4433,2017,7,14,6,141,120,10252,66,16,-9999,-9999,-9999
4434,2017,7,14,7,137,118,10251,43,12,-9999,-9999,-9999
4435,2017,7,14,8,137,117,10251,85,16,-9999,-9999,-9999
4436,2017,7,14,9,135,116,10254,82,16,-9999,-9999,-9999
4437,2017,7,14,10,130,112,10260,69,15,-9999,-9999,-9999
4438,2017,7,14,11,130,114,10268,63,22,-9999,-9999,-9999
4439,2017,7,14,12,145,121,10270,69,17,-9999,-9999,-9999
4440,2017,7,14,13,170,122,10266,72,15,-9999,-9999,-9999
4441,2017,7,14,14,195,122,10252,74,7,-9999,-9999,-9999
4442,2017,7,14,15,212,107,10238,89,6,-9999,-9999,-9999
4443,2017,7,14,16,225,95,10221,59,19,-9999,-9999,-9999
4444,2017,7,14,17,232,81,10208,116,24,-9999,-9999,-9999
4445,2017,7,14,18,235,90,10201,114,24,-9999,-9999,-9999
4446,2017,7,14,19,232,85,10202,97,18,-9999,-9999,-9999
4447,2017,7,14,20,225,77,10204,106,25,-9999,-9999,-9999
4448,2017,7,14,21,210,78,10211,77,20,-9999,-9999,-9999
4449,2017,7,14,22,190,111,10222,56,10,-9999,-9999,-9999
4450,2017,7,14,23,185,111,10226,46,13,-9999,-9999,-9999
4451,2017,7,15,0,175,113,10232,53,12,-9999,-9999,-9999
4452,2017,7,15,1,165,114,10236,60,9,-9999,-9999,-9999
4453,2017,7,15,2,157,113,10235,57,2,-9999,-9999,-9999
4454,2017,7,15,3,160,109,10232,65,12,-9999,-9999,-9999
4455,2017,7,15,4,146,103,10234,56,0,-9999,-9999,-9999
4456,2017,7,15,5,145,104,10232,42,5,-9999,-9999,-9999
4457,2017,7,15,6,137,104,10231,79,5,-9999,-9999,-9999
4458,2017,7,15,7,135,101,10227,97,3,-9999,-9999,-9999
4459,2017,7,15,8,130,101,10223,180,3,-9999,-9999,-9999
4460,2017,7,15,9,127,100,10227,172,6,-9999,-9999,-9999
4461,2017,7,15,10,127,97,10232,135,7,-9999,-9999,-9999
4462,2017,7,15,11,147,105,10237,114,8,-9999,-9999,-9999
4463,2017,7,15,12,172,107,10235,61,5,-9999,-9999,-9999
4464,2017,7,15,13,201,104,10228,16,18,-9999,-9999,-9999
4465,2017,7,15,14,217,90,10219,358,33,-9999,-9999,-9999
4466,2017,7,15,15,226,91,10207,339,42,-9999,-9999,-9999
4467,2017,7,15,16,231,79,10192,344,40,-9999,-9999,-9999
4468,2017,7,15,17,240,77,10177,331,41,-9999,-9999,-9999
4469,2017,7,15,18,237,80,10171,9,45,-9999,-9999,-9999
4470,2017,7,15,19,237,87,10170,340,31,-9999,-9999,-9999
4471,2017,7,15,20,226,86,10174,13,27,-9999,-9999,-9999
4472,2017,7,15,21,212,89,10184,20,21,-9999,-9999,-9999
4473,2017,7,15,22,201,95,10193,14,11,-9999,-9999,-9999
4474,2017,7,15,23,190,96,10202,27,14,-9999,-9999,-9999
4475,2017,7,16,0,182,94,10207,31,16,-9999,-9999,-9999
4476,2017,7,16,1,180,94,10210,23,11,-9999,-9999,-9999
4477,2017,7,16,2,165,96,10215,24,6,-9999,-9999,-9999
4478,2017,7,16,3,162,89,10213,26,10,-9999,-9999,-9999
4479,2017,7,16,4,165,83,10213,12,15,-9999,-9999,-9999
4480,2017,7,16,5,162,72,10207,28,20,-9999,-9999,-9999
4481,2017,7,16,6,167,66,10204,27,23,-9999,-9999,-9999
4482,2017,7,16,7,172,63,10203,28,26,-9999,-9999,-9999
4483,2017,7,16,8,175,62,10203,28,29,-9999,-9999,-9999
4484,2017,7,16,9,165,65,10213,49,14,-9999,-9999,-9999
4485,2017,7,16,10,152,68,10219,63,14,-9999,-9999,-9999
4486,2017,7,16,11,170,70,10220,47,15,-9999,-9999,-9999
4487,2017,7,16,12,195,66,10220,16,30,-9999,-9999,-9999
4488,2017,7,16,13,207,61,10219,26,42,-9999,-9999,-9999
4489,2017,7,16,14,220,68,10214,2,35,-9999,-9999,-9999
4490,2017,7,16,15,227,58,10203,6,44,-9999,-9999,-9999
4491,2017,7,16,16,232,59,10190,1,49,-9999,-9999,-9999
4492,2017,7,16,17,236,58,10180,331,48,-9999,-9999,-9999
4493,2017,7,16,18,230,61,10175,324,33,-9999,-9999,-9999
4494,2017,7,16,19,231,55,10173,326,37,-9999,-9999,-9999
4495,2017,7,16,20,226,60,10180,334,17,-9999,-9999,-9999
4496,2017,7,16,21,216,70,10186,9,18,-9999,-9999,-9999
4497,2017,7,16,22,212,70,10191,10,17,-9999,-9999,-9999
4498,2017,7,16,23,212,70,10194,15,17,-9999,-9999,-9999
4499,2017,7,17,0,201,75,10196,62,5,-9999,-9999,-9999
4500,2017,7,17,1,192,78,10201,21,15,-9999,-9999,-9999
4501,2017,7,17,2,190,69,10201,16,16,-9999,-9999,-9999
4502,2017,7,17,3,177,79,10204,74,8,-9999,-9999,-9999
4503,2017,7,17,4,165,81,10208,61,4,-9999,-9999,-9999
4504,2017,7,17,5,157,86,10211,148,6,-9999,-9999,-9999
4505,2017,7,17,6,160,82,10208,3,6,-9999,-9999,-9999
4506,2017,7,17,7,156,83,10209,57,14,-9999,-9999,-9999
4507,2017,7,17,8,150,85,10212,61,8,-9999,-9999,-9999
4508,2017,7,17,9,146,84,10216,63,13,-9999,-9999,-9999
4509,2017,7,17,10,162,72,10216,334,20,-9999,-9999,-9999
4510,2017,7,17,11,175,71,10217,313,26,-9999,-9999,-9999
4511,2017,7,17,12,196,72,10214,297,16,-9999,-9999,-9999
4512,2017,7,17,13,207,69,10213,294,32,-9999,-9999,-9999
4513,2017,7,17,14,232,73,10202,294,20,-9999,-9999,-9999
4514,2017,7,17,15,236,61,10193,303,39,-9999,-9999,-9999
4515,2017,7,17,16,245,62,10177,341,37,-9999,-9999,-9999
4516,2017,7,17,17,255,49,10168,334,25,-9999,-9999,-9999
4517,2017,7,17,18,252,48,10166,293,31,-9999,-9999,-9999
4518,2017,7,17,19,251,45,10170,318,29,-9999,-9999,-9999
4519,2017,7,17,20,237,98,10179,141,14,-9999,-9999,-9999
4520,2017,7,17,21,182,135,10203,171,33,-9999,-9999,-9999
4521,2017,7,17,22,172,133,10211,136,15,-9999,-9999,-9999
4522,2017,7,17,23,177,134,10215,146,15,-9999,-9999,-9999
4523,2017,7,18,0,176,131,10218,154,14,-9999,-9999,-9999
4524,2017,7,18,1,171,130,10225,159,19,-9999,-9999,-9999
4525,2017,7,18,2,170,131,10225,145,13,-9999,-9999,-9999
4526,2017,7,18,3,167,127,10226,158,24,-9999,-9999,-9999
4527,2017,7,18,4,166,127,10227,165,27,-9999,-9999,-9999
4528,2017,7,18,5,157,124,10225,177,35,-9999,-9999,-9999
4529,2017,7,18,6,146,107,10229,190,34,-9999,-9999,-9999
4530,2017,7,18,7,136,100,10234,180,37,-9999,-9999,-9999
4531,2017,7,18,8,130,91,10239,171,37,-9999,-9999,-9999
4532,2017,7,18,9,117,87,10247,181,40,-9999,-9999,-9999
4533,2017,7,18,10,115,88,10254,163,28,-9999,-9999,-9999
4534,2017,7,18,11,110,81,10264,167,35,-9999,-9999,-9999
4535,2017,7,18,12,110,71,10272,171,35,-9999,-9999,-9999
4536,2017,7,18,13,105,69,10280,179,34,-9999,-9999,-9999
4537,2017,7,18,14,107,65,10278,163,41,-9999,-9999,-9999
4538,2017,7,18,15,110,64,10273,155,35,-9999,-9999,-9999
4539,2017,7,18,16,105,61,10268,181,37,-9999,-9999,-9999
4540,2017,7,18,17,97,52,10267,179,33,-9999,-9999,-9999
4541,2017,7,18,18,100,56,10264,157,28,-9999,-9999,-9999
4542,2017,7,18,19,92,53,10269,161,37,-9999,-9999,-9999
4543,2017,7,18,20,91,55,10273,150,23,-9999,-9999,-9999
4544,2017,7,18,21,82,51,10281,169,34,-9999,-9999,-9999
4545,2017,7,18,22,86,54,10282,175,30,-9999,-9999,-9999
4546,2017,7,18,23,80,51,10287,172,37,-9999,-9999,-9999
4547,2017,7,19,0,82,51,10290,174,32,-9999,-9999,-9999
4548,2017,7,19,1,80,50,10291,165,33,-9999,-9999,-9999
4549,2017,7,19,2,82,55,10289,178,21,-9999,-9999,-9999
4550,2017,7,19,3,85,54,10284,144,21,-9999,-9999,-9999
4551,2017,7,19,4,87,57,10281,143,21,-9999,-9999,-9999
4552,2017,7,19,5,90,61,10277,161,21,-9999,-9999,-9999
4553,2017,7,19,6,91,61,10273,137,21,-9999,-9999,-9999
4554,2017,7,19,7,92,62,10271,145,22,-9999,-9999,-9999
4555,2017,7,19,8,87,66,10274,164,28,-9999,-9999,-9999
4556,2017,7,19,9,87,70,10279,145,22,-9999,-9999,-9999
4557,2017,7,19,10,91,72,10282,135,17,-9999,-9999,-9999
4558,2017,7,19,11,97,72,10283,138,19,-9999,-9999,-9999
4559,2017,7,19,12,102,74,10289,127,28,-9999,-9999,-9999
4560,2017,7,19,13,107,79,10292,121,30,-9999,-9999,-9999
4561,2017,7,19,14,115,81,10286,131,19,-9999,-9999,-9999
4562,2017,7,19,15,116,83,10278,134,23,-9999,-9999,-9999
4563,2017,7,19,16,121,85,10264,128,26,-9999,-9999,-9999
4564,2017,7,19,17,131,85,10251,113,35,-9999,-9999,-9999
4565,2017,7,19,18,132,85,10247,117,32,-9999,-9999,-9999
4566,2017,7,19,19,135,88,10243,103,33,-9999,-9999,-9999
4567,2017,7,19,20,135,89,10244,101,34,-9999,-9999,-9999
4568,2017,7,19,21,132,92,10249,115,26,-9999,-9999,-9999
4569,2017,7,19,22,130,91,10253,116,29,-9999,-9999,-9999
4570,2017,7,19,23,122,93,10259,123,25,-9999,-9999,-9999
4571,2017,7,20,0,122,93,10258,123,22,-9999,-9999,-9999
4572,2017,7,20,1,125,93,10260,115,23,-9999,-9999,-9999
4573,2017,7,20,2,125,93,10260,110,25,-9999,-9999,-9999
4574,2017,7,20,3,122,94,10258,110,23,-9999,-9999,-9999
4575,2017,7,20,4,122,95,10255,109,28,-9999,-9999,-9999
4576,2017,7,20,5,125,96,10251,115,27,-9999,-9999,-9999
4577,2017,7,20,6,126,96,10245,101,27,-9999,-9999,-9999
4578,2017,7,20,7,126,96,10242,97,30,-9999,-9999,-9999
4579,2017,7,20,8,127,97,10239,84,23,-9999,-9999,-9999
4580,2017,7,20,9,126,96,10243,79,31,-9999,-9999,-9999
4581,2017,7,20,10,125,97,10247,76,27,-9999,-9999,-9999
4582,2017,7,20,11,127,99,10252,80,28,-9999,-9999,-9999
4583,2017,7,20,12,135,99,10253,86,28,-9999,-9999,-9999
4584,2017,7,20,13,160,103,10246,60,22,-9999,-9999,-9999
4585,2017,7,20,14,170,104,10236,79,21,-9999,-9999,-9999
4586,2017,7,20,15,190,105,10218,104,20,-9999,-9999,-9999
4587,2017,7,20,16,207,106,10201,107,19,-9999,-9999,-9999
4588,2017,7,20,17,217,109,10190,155,14,-9999,-9999,-9999
4589,2017,7,20,18,227,104,10181,136,13,-9999,-9999,-9999
4590,2017,7,20,19,221,106,10182,121,12,-9999,-9999,-9999
4591,2017,7,20,20,182,123,10199,167,42,-9999,-9999,-9999
4592,2017,7,20,21,156,121,10215,175,25,-9999,-9999,-9999
4593,2017,7,20,22,147,119,10224,172,14,-9999,-9999,-9999
4594,2017,7,20,23,145,120,10230,138,10,-9999,-9999,-9999
4595,2017,7,21,0,145,121,10232,119,6,-9999,-9999,-9999
4596,2017,7,21,1,145,122,10237,128,8,-9999,-9999,-9999
4597,2017,7,21,2,142,121,10240,77,4,-9999,-9999,-9999
4598,2017,7,21,3,142,120,10237,77,9,-9999,-9999,-9999
4599,2017,7,21,4,141,118,10231,87,12,-9999,-9999,-9999
4600,2017,7,21,5,137,116,10225,34,12,-9999,-9999,-9999
4601,2017,7,21,6,132,112,10225,90,4,-9999,-9999,-9999
4602,2017,7,21,7,132,113,10224,52,10,-9999,-9999,-9999
4603,2017,7,21,8,127,109,10224,49,6,-9999,-9999,-9999
4604,2017,7,21,9,126,108,10228,68,8,-9999,-9999,-9999
4605,2017,7,21,10,122,105,10238,135,0,-9999,-9999,-9999
4606,2017,7,21,11,142,121,10237,88,3,-9999,-9999,-9999
4607,2017,7,21,12,160,117,10237,76,9,-9999,-9999,-9999
4608,2017,7,21,13,190,107,10228,85,6,-9999,-9999,-9999
4609,2017,7,21,14,220,109,10211,72,9,-9999,-9999,-9999
4610,2017,7,21,15,230,103,10198,356,13,-9999,-9999,-9999
4611,2017,7,21,16,241,74,10184,346,30,-9999,-9999,-9999
4612,2017,7,21,17,236,82,10176,304,34,-9999,-9999,-9999
4613,2017,7,21,18,250,72,10169,282,33,-9999,-9999,-9999
4614,2017,7,21,19,237,76,10175,265,34,-9999,-9999,-9999
4615,2017,7,21,20,230,83,10182,250,24,-9999,-9999,-9999
4616,2017,7,21,21,217,85,10190,279,19,-9999,-9999,-9999
4617,2017,7,21,22,210,93,10199,317,15,-9999,-9999,-9999
4618,2017,7,21,23,201,95,10209,259,16,-9999,-9999,-9999
4619,2017,7,22,0,192,98,10218,282,15,-9999,-9999,-9999
4620,2017,7,22,1,185,99,10224,315,16,-9999,-9999,-9999
4621,2017,7,22,2,180,87,10224,316,17,-9999,-9999,-9999
4622,2017,7,22,3,175,75,10225,281,8,-9999,-9999,-9999
4623,2017,7,22,4,160,83,10228,191,0,-9999,-9999,-9999
4624,2017,7,22,5,162,68,10221,310,6,-9999,-9999,-9999
4625,2017,7,22,6,147,76,10224,64,0,-9999,-9999,-9999
4626,2017,7,22,7,142,75,10225,60,8,-9999,-9999,-9999
4627,2017,7,22,8,135,88,10233,186,9,-9999,-9999,-9999
4628,2017,7,22,9,132,114,10244,193,18,-9999,-9999,-9999
4629,2017,7,22,10,140,118,10247,139,12,-9999,-9999,-9999
4630,2017,7,22,11,142,105,10252,113,18,-9999,-9999,-9999
4631,2017,7,22,12,147,106,10255,93,19,-9999,-9999,-9999
4632,2017,7,22,13,166,100,10250,74,19,-9999,-9999,-9999
4633,2017,7,22,14,187,96,10239,98,14,-9999,-9999,-9999
4634,2017,7,22,15,202,83,10225,113,17,-9999,-9999,-9999
4635,2017,7,22,16,220,69,10210,70,11,-9999,-9999,-9999
4636,2017,7,22,17,222,53,10199,198,9,-9999,-9999,-9999
4637,2017,7,22,18,226,85,10195,102,12,-9999,-9999,-9999
4638,2017,7,22,19,192,115,10211,154,30,-9999,-9999,-9999
4639,2017,7,22,20,167,116,10224,158,28,-9999,-9999,-9999
4640,2017,7,22,21,161,116,10230,144,17,-9999,-9999,-9999
4641,2017,7,22,22,157,114,10236,123,17,-9999,-9999,-9999
4642,2017,7,22,23,152,113,10241,117,21,-9999,-9999,-9999
4643,2017,7,23,0,152,111,10244,112,21,-9999,-9999,-9999
4644,2017,7,23,1,147,109,10251,101,25,-9999,-9999,-9999
4645,2017,7,23,2,147,109,10249,104,23,-9999,-9999,-9999
4646,2017,7,23,3,150,108,10246,81,29,-9999,-9999,-9999
4647,2017,7,23,4,150,108,10245,87,30,-9999,-9999,-9999
4648,2017,7,23,5,146,110,10244,89,31,-9999,-9999,-9999
4649,2017,7,23,6,150,111,10239,95,31,-9999,-9999,-9999
4650,2017,7,23,7,146,115,10240,95,28,-9999,-9999,-9999
4651,2017,7,23,8,146,115,10243,90,37,-9999,-9999,-9999
4652,2017,7,23,9,150,113,10247,87,30,-9999,-9999,-9999
4653,2017,7,23,10,142,113,10256,74,38,-9999,-9999,-9999
4654,2017,7,23,11,147,112,10261,77,37,-9999,-9999,-9999
4655,2017,7,23,12,162,113,10262,74,46,-9999,-9999,-9999
4656,2017,7,23,13,180,111,10260,90,36,-9999,-9999,-9999
4657,2017,7,23,14,197,112,10251,104,26,-9999,-9999,-9999
4658,2017,7,23,15,212,108,10238,80,24,-9999,-9999,-9999
4659,2017,7,23,16,230,104,10220,107,13,-9999,-9999,-9999
4660,2017,7,23,17,245,88,10206,75,14,-9999,-9999,-9999
4661,2017,7,23,18,252,41,10200,42,19,-9999,-9999,-9999
4662,2017,7,23,19,246,44,10200,75,17,-9999,-9999,-9999
4663,2017,7,23,20,237,87,10206,40,10,-9999,-9999,-9999
4664,2017,7,23,21,215,96,10218,60,15,-9999,-9999,-9999
4665,2017,7,23,22,205,103,10227,57,20,-9999,-9999,-9999
4666,2017,7,23,23,192,106,10238,40,16,-9999,-9999,-9999
4667,2017,7,24,0,187,95,10244,52,13,-9999,-9999,-9999
4668,2017,7,24,1,182,95,10251,49,15,-9999,-9999,-9999
4669,2017,7,24,2,177,98,10252,63,25,-9999,-9999,-9999
4670,2017,7,24,3,167,99,10254,60,12,-9999,-9999,-9999
4671,2017,7,24,4,161,102,10256,64,20,-9999,-9999,-9999
4672,2017,7,24,5,151,102,10256,59,7,-9999,-9999,-9999
4673,2017,7,24,6,142,101,10257,68,1,-9999,-9999,-9999
4674,2017,7,24,7,137,102,10257,28,10,-9999,-9999,-9999
4675,2017,7,24,8,130,98,10263,51,3,-9999,-9999,-9999
4676,2017,7,24,9,130,100,10272,79,13,-9999,-9999,-9999
4677,2017,7,24,10,127,96,10277,87,13,-9999,-9999,-9999
4678,2017,7,24,11,150,99,10280,54,14,-9999,-9999,-9999
4679,2017,7,24,12,171,100,10282,80,16,-9999,-9999,-9999
4680,2017,7,24,13,190,86,10279,62,17,-9999,-9999,-9999
4681,2017,7,24,14,210,69,10269,73,20,-9999,-9999,-9999
4682,2017,7,24,15,226,61,10255,301,15,-9999,-9999,-9999
4683,2017,7,24,16,240,38,10241,351,28,-9999,-9999,-9999
4684,2017,7,24,17,237,36,10233,340,23,-9999,-9999,-9999
4685,2017,7,24,18,242,43,10227,339,20,-9999,-9999,-9999
4686,2017,7,24,19,241,43,10226,347,17,-9999,-9999,-9999
4687,2017,7,24,20,235,50,10228,330,9,-9999,-9999,-9999
4688,2017,7,24,21,212,77,10238,39,13,-9999,-9999,-9999
4689,2017,7,24,22,201,85,10247,35,18,-9999,-9999,-9999
4690,2017,7,24,23,192,83,10252,126,15,-9999,-9999,-9999
4691,2017,7,25,0,182,84,10257,311,1,-9999,-9999,-9999
4692,2017,7,25,1,170,87,10264,43,2,-9999,-9999,-9999
4693,2017,7,25,2,165,89,10265,124,9,-9999,-9999,-9999
4694,2017,7,25,3,160,84,10266,97,0,-9999,-9999,-9999
4695,2017,7,25,4,152,88,10266,36,1,-9999,-9999,-9999
4696,2017,7,25,5,145,87,10267,97,0,-9999,-9999,-9999
4697,2017,7,25,6,141,88,10267,62,3,-9999,-9999,-9999
4698,2017,7,25,7,142,89,10266,32,0,-9999,-9999,-9999
4699,2017,7,25,8,135,88,10268,48,0,-9999,-9999,-9999
4700,2017,7,25,9,132,89,10273,11,6,-9999,-9999,-9999
4701,2017,7,25,10,132,89,10279,47,3,-9999,-9999,-9999
4702,2017,7,25,11,157,90,10277,48,3,-9999,-9999,-9999
4703,2017,7,25,12,185,92,10272,30,17,-9999,-9999,-9999
4704,2017,7,25,13,220,91,10265,40,19,-9999,-9999,-9999
4705,2017,7,25,14,227,70,10259,326,32,-9999,-9999,-9999
4706,2017,7,25,15,235,62,10250,12,32,-9999,-9999,-9999
4707,2017,7,25,16,240,58,10238,336,22,-9999,-9999,-9999
4708,2017,7,25,17,256,71,10223,63,13,-9999,-9999,-9999
4709,2017,7,25,18,250,62,10221,239,7,-9999,-9999,-9999
4710,2017,7,25,19,251,65,10217,33,6,-9999,-9999,-9999
4711,2017,7,25,20,240,68,10221,28,12,-9999,-9999,-9999
4712,2017,7,25,21,212,103,10234,157,27,-9999,-9999,-9999
4713,2017,7,25,22,202,102,10243,119,12,-9999,-9999,-9999
4714,2017,7,25,23,192,95,10248,88,9,-9999,-9999,-9999
4715,2017,7,26,0,182,93,10255,43,5,-9999,-9999,-9999
4716,2017,7,26,1,180,90,10256,92,11,-9999,-9999,-9999
4717,2017,7,26,2,167,97,10259,51,1,-9999,-9999,-9999
4718,2017,7,26,3,165,99,10257,64,8,-9999,-9999,-9999
4719,2017,7,26,4,157,98,10256,56,4,-9999,-9999,-9999
4720,2017,7,26,5,156,95,10252,70,7,-9999,-9999,-9999
4721,2017,7,26,6,151,93,10250,88,9,-9999,-9999,-9999
4722,2017,7,26,7,142,93,10250,61,4,-9999,-9999,-9999
4723,2017,7,26,8,140,92,10251,72,4,-9999,-9999,-9999
4724,2017,7,26,9,137,91,10257,81,8,-9999,-9999,-9999
4725,2017,7,26,10,137,92,10263,58,9,-9999,-9999,-9999
4726,2017,7,26,11,155,96,10266,72,16,-9999,-9999,-9999
4727,2017,7,26,12,180,101,10262,37,9,-9999,-9999,-9999
4728,2017,7,26,13,192,101,10260,94,12,-9999,-9999,-9999
4729,2017,7,26,14,210,93,10251,80,7,-9999,-9999,-9999
4730,2017,7,26,15,231,67,10237,64,13,-9999,-9999,-9999
4731,2017,7,26,16,235,76,10227,41,12,-9999,-9999,-9999
4732,2017,7,26,17,237,73,10217,111,10,-9999,-9999,-9999
4733,2017,7,26,18,240,64,10212,164,16,-9999,-9999,-9999
4734,2017,7,26,19,242,59,10208,148,17,-9999,-9999,-9999
4735,2017,7,26,20,222,113,10214,154,23,-9999,-9999,-9999
4736,2017,7,26,21,206,125,10225,125,19,-9999,-9999,-9999
4737,2017,7,26,22,195,126,10231,130,15,-9999,-9999,-9999
4738,2017,7,26,23,185,105,10240,106,21,-9999,-9999,-9999
4739,2017,7,27,0,180,99,10247,107,18,-9999,-9999,-9999
4740,2017,7,27,1,175,97,10253,96,16,-9999,-9999,-9999
4741,2017,7,27,2,171,96,10254,106,18,-9999,-9999,-9999
4742,2017,7,27,3,166,95,10254,104,21,-9999,-9999,-9999
4743,2017,7,27,4,157,95,10253,111,15,-9999,-9999,-9999
4744,2017,7,27,5,150,100,10251,88,12,-9999,-9999,-9999
4745,2017,7,27,6,145,98,10249,65,6,-9999,-9999,-9999
4746,2017,7,27,7,137,98,10247,70,5,-9999,-9999,-9999
4747,2017,7,27,8,140,93,10247,77,16,-9999,-9999,-9999
4748,2017,7,27,9,137,95,10253,106,16,-9999,-9999,-9999
4749,2017,7,27,10,136,96,10257,70,13,-9999,-9999,-9999
4750,2017,7,27,11,152,96,10258,85,16,-9999,-9999,-9999
4751,2017,7,27,12,175,100,10258,80,21,-9999,-9999,-9999
4752,2017,7,27,13,195,106,10257,78,28,-9999,-9999,-9999
4753,2017,7,27,14,202,99,10250,74,29,-9999,-9999,-9999
4754,2017,7,27,15,215,94,10237,87,22,-9999,-9999,-9999
4755,2017,7,27,16,215,71,10227,114,20,-9999,-9999,-9999
4756,2017,7,27,17,227,70,10218,115,24,-9999,-9999,-9999
4757,2017,7,27,18,230,55,10214,93,21,-9999,-9999,-9999
4758,2017,7,27,19,217,117,10217,129,28,-9999,-9999,-9999
4759,2017,7,27,20,192,120,10230,146,32,-9999,-9999,-9999
4760,2017,7,27,21,172,120,10241,154,32,-9999,-9999,-9999
4761,2017,7,27,22,165,124,10248,161,19,-9999,-9999,-9999
4762,2017,7,27,23,161,112,10255,119,30,-9999,-9999,-9999
4763,2017,7,28,0,155,110,10260,128,20,-9999,-9999,-9999
4764,2017,7,28,1,151,108,10265,118,24,-9999,-9999,-9999
4765,2017,7,28,2,147,109,10267,111,25,-9999,-9999,-9999
4766,2017,7,28,3,145,109,10269,107,29,-9999,-9999,-9999
4767,2017,7,28,4,140,106,10267,91,18,-9999,-9999,-9999
4768,2017,7,28,5,137,100,10264,95,18,-9999,-9999,-9999
4769,2017,7,28,6,132,97,10263,85,22,-9999,-9999,-9999
4770,2017,7,28,7,130,99,10266,72,25,-9999,-9999,-9999
4771,2017,7,28,8,127,103,10269,71,29,-9999,-9999,-9999
4772,2017,7,28,9,130,104,10272,82,32,-9999,-9999,-9999
4773,2017,7,28,10,132,102,10275,76,32,-9999,-9999,-9999
4774,2017,7,28,11,132,97,10284,84,52,-9999,-9999,-9999
4775,2017,7,28,12,136,98,10291,63,29,-9999,-9999,-9999
4776,2017,7,28,13,150,99,10288,76,36,-9999,-9999,-9999
4777,2017,7,28,14,167,97,10280,73,33,-9999,-9999,-9999
4778,2017,7,28,15,191,91,10265,73,22,-9999,-9999,-9999
4779,2017,7,28,16,201,76,10251,56,22,-9999,-9999,-9999
4780,2017,7,28,17,210,79,10239,118,19,-9999,-9999,-9999
4781,2017,7,28,18,212,75,10234,89,24,-9999,-9999,-9999
4782,2017,7,28,19,211,71,10232,76,27,-9999,-9999,-9999
4783,2017,7,28,20,206,74,10234,85,24,-9999,-9999,-9999
4784,2017,7,28,21,182,114,10247,155,19,-9999,-9999,-9999
4785,2017,7,28,22,170,119,10257,151,13,-9999,-9999,-9999
4786,2017,7,28,23,167,119,10264,108,20,-9999,-9999,-9999
4787,2017,7,29,0,165,114,10267,93,19,-9999,-9999,-9999
4788,2017,7,29,1,160,114,10271,88,15,-9999,-9999,-9999
4789,2017,7,29,2,155,113,10276,70,18,-9999,-9999,-9999
4790,2017,7,29,3,150,110,10276,60,19,-9999,-9999,-9999
4791,2017,7,29,4,145,107,10277,64,22,-9999,-9999,-9999
4792,2017,7,29,5,142,103,10273,70,24,-9999,-9999,-9999
4793,2017,7,29,6,140,100,10273,77,17,-9999,-9999,-9999
4794,2017,7,29,7,130,96,10277,60,7,-9999,-9999,-9999
4795,2017,7,29,8,130,96,10278,62,15,-9999,-9999,-9999
4796,2017,7,29,9,127,95,10283,61,17,-9999,-9999,-9999
4797,2017,7,29,10,127,96,10290,67,20,-9999,-9999,-9999
4798,2017,7,29,11,145,100,10293,64,25,-9999,-9999,-9999
4799,2017,7,29,12,162,95,10294,62,48,-9999,-9999,-9999
4800,2017,7,29,13,176,95,10293,67,39,-9999,-9999,-9999
4801,2017,7,29,14,197,91,10285,66,36,-9999,-9999,-9999
4802,2017,7,29,15,202,83,10277,85,45,-9999,-9999,-9999
4803,2017,7,29,16,227,83,10259,70,22,-9999,-9999,-9999
4804,2017,7,29,17,230,80,10248,115,11,-9999,-9999,-9999
4805,2017,7,29,18,230,69,10242,124,23,-9999,-9999,-9999
4806,2017,7,29,19,227,79,10241,82,32,-9999,-9999,-9999
4807,2017,7,29,20,222,84,10241,84,21,-9999,-9999,-9999
4808,2017,7,29,21,200,121,10252,156,22,-9999,-9999,-9999
4809,2017,7,29,22,182,127,10263,146,16,-9999,-9999,-9999
4810,2017,7,29,23,172,128,10272,148,13,-9999,-9999,-9999
4811,2017,7,30,0,171,125,10275,114,17,-9999,-9999,-9999
4812,2017,7,30,1,170,124,10277,85,26,-9999,-9999,-9999
4813,2017,7,30,2,165,125,10278,63,35,-9999,-9999,-9999
4814,2017,7,30,3,161,125,10278,70,27,-9999,-9999,-9999
4815,2017,7,30,4,157,125,10277,69,30,-9999,-9999,-9999
4816,2017,7,30,5,156,124,10273,79,28,-9999,-9999,-9999
4817,2017,7,30,6,155,123,10272,66,14,-9999,-9999,-9999
4818,2017,7,30,7,150,121,10272,70,21,-9999,-9999,-9999
4819,2017,7,30,8,146,120,10272,63,18,-9999,-9999,-9999
4820,2017,7,30,9,145,119,10278,86,21,-9999,-9999,-9999
4821,2017,7,30,10,142,118,10286,66,21,-9999,-9999,-9999
4822,2017,7,30,11,145,117,10292,79,27,-9999,-9999,-9999
4823,2017,7,30,12,160,115,10294,81,19,-9999,-9999,-9999
4824,2017,7,30,13,160,114,10296,91,31,-9999,-9999,-9999
4825,2017,7,30,14,192,113,10282,71,15,-9999,-9999,-9999
4826,2017,7,30,15,215,112,10268,68,8,-9999,-9999,-9999
4827,2017,7,30,16,220,80,10257,82,13,-9999,-9999,-9999
4828,2017,7,30,17,221,59,10246,101,21,-9999,-9999,-9999
4829,2017,7,30,18,236,64,10233,79,18,-9999,-9999,-9999
4830,2017,7,30,19,236,60,10231,12,15,-9999,-9999,-9999
4831,2017,7,30,20,222,55,10233,62,15,-9999,-9999,-9999
4832,2017,7,30,21,200,99,10243,130,18,-9999,-9999,-9999
4833,2017,7,30,22,187,116,10252,117,28,-9999,-9999,-9999
4834,2017,7,30,23,177,118,10261,91,14,-9999,-9999,-9999
4835,2017,7,31,0,177,112,10263,111,15,-9999,-9999,-9999
4836,2017,7,31,1,175,112,10263,87,10,-9999,-9999,-9999
4837,2017,7,31,2,170,113,10262,58,7,-9999,-9999,-9999
4838,2017,7,31,3,160,111,10262,44,8,-9999,-9999,-9999
4839,2017,7,31,4,155,103,10257,61,6,-9999,-9999,-9999
4840,2017,7,31,5,147,92,10255,71,3,-9999,-9999,-9999
4841,2017,7,31,6,141,91,10253,56,3,-9999,-9999,-9999
4842,2017,7,31,7,135,88,10251,24,3,-9999,-9999,-9999
4843,2017,7,31,8,132,86,10251,58,4,-9999,-9999,-9999
4844,2017,7,31,9,132,86,10255,11,2,-9999,-9999,-9999
4845,2017,7,31,10,132,86,10260,61,12,-9999,-9999,-9999
4846,2017,7,31,11,155,88,10260,55,10,-9999,-9999,-9999
4847,2017,7,31,12,166,90,10259,84,14,-9999,-9999,-9999
4848,2017,7,31,13,187,82,10251,77,11,-9999,-9999,-9999
4849,2017,7,31,14,200,48,10243,357,17,-9999,-9999,-9999
4850,2017,7,31,15,200,50,10236,306,26,-9999,-9999,-9999
4851,2017,7,31,16,215,44,10218,49,19,-9999,-9999,-9999
4852,2017,7,31,17,210,49,10209,328,10,-9999,-9999,-9999
4853,2017,7,31,18,206,43,10202,44,6,-9999,-9999,-9999
4854,2017,7,31,19,220,35,10198,340,14,-9999,-9999,-9999
4855,2017,7,31,20,210,40,10200,320,15,-9999,-9999,-9999
4856,2017,7,31,21,195,51,10204,347,12,-9999,-9999,-9999
4857,2017,7,31,22,182,76,10215,129,10,-9999,-9999,-9999
4858,2017,7,31,23,177,73,10220,83,11,-9999,-9999,-9999
4859,2017,8,1,0,166,76,10224,49,10,-9999,-9999,-9999
4860,2017,8,1,1,157,79,10224,100,9,-9999,-9999,-9999
4861,2017,8,1,2,146,82,10226,59,6,-9999,-9999,-9999
4862,2017,8,1,3,146,80,10225,82,7,-9999,-9999,-9999
4863,2017,8,1,4,145,79,10227,33,7,-9999,-9999,-9999
4864,2017,8,1,5,141,79,10223,78,0,-9999,-9999,-9999
4865,2017,8,1,6,135,80,10219,39,4,-9999,-9999,-9999
4866,2017,8,1,7,127,79,10216,23,3,-9999,-9999,-9999
4867,2017,8,1,8,126,78,10217,46,4,-9999,-9999,-9999
4868,2017,8,1,9,121,77,10221,44,4,-9999,-9999,-9999
4869,2017,8,1,10,125,80,10228,104,7,-9999,-9999,-9999
4870,2017,8,1,11,145,86,10225,126,7,-9999,-9999,-9999
4871,2017,8,1,12,165,82,10226,60,12,-9999,-9999,-9999
4872,2017,8,1,13,190,79,10216,182,5,-9999,-9999,-9999
4873,2017,8,1,14,200,65,10211,325,31,-9999,-9999,-9999
4874,2017,8,1,15,197,52,10206,302,48,-9999,-9999,-9999
4875,2017,8,1,16,197,58,10201,304,41,-9999,-9999,-9999
4876,2017,8,1,17,201,56,10185,290,26,-9999,-9999,-9999
4877,2017,8,1,18,215,51,10173,278,17,-9999,-9999,-9999
4878,2017,8,1,19,205,49,10175,272,18,-9999,-9999,-9999
4879,2017,8,1,20,202,48,10176,321,19,-9999,-9999,-9999
4880,2017,8,1,21,200,47,10179,347,8,-9999,-9999,-9999
4881,2017,8,1,22,191,58,10182,359,4,-9999,-9999,-9999
4882,2017,8,1,23,185,63,10188,6,4,-9999,-9999,-9999
4883,2017,8,2,0,182,60,10189,14,14,-9999,-9999,-9999
4884,2017,8,2,1,172,65,10195,8,14,-9999,-9999,-9999
4885,2017,8,2,2,170,67,10199,24,10,-9999,-9999,-9999
4886,2017,8,2,3,166,70,10197,65,12,-9999,-9999,-9999
4887,2017,8,2,4,160,70,10198,268,1,-9999,-9999,-9999
4888,2017,8,2,5,157,72,10198,57,6,-9999,-9999,-9999
4889,2017,8,2,6,155,74,10199,103,3,-9999,-9999,-9999
4890,2017,8,2,7,155,76,10199,84,11,-9999,-9999,-9999
4891,2017,8,2,8,152,78,10202,77,13,-9999,-9999,-9999
4892,2017,8,2,9,150,80,10204,78,14,-9999,-9999,-9999
4893,2017,8,2,10,150,79,10210,69,14,-9999,-9999,-9999
4894,2017,8,2,11,152,78,10215,69,8,-9999,-9999,-9999
4895,2017,8,2,12,157,79,10216,65,13,-9999,-9999,-9999
4896,2017,8,2,13,175,80,10210,60,11,-9999,-9999,-9999
4897,2017,8,2,14,201,76,10196,180,7,-9999,-9999,-9999
4898,2017,8,2,15,222,57,10174,344,32,-9999,-9999,-9999
4899,2017,8,2,16,240,49,10157,350,35,-9999,-9999,-9999
4900,2017,8,2,17,241,34,10149,328,37,-9999,-9999,-9999
4901,2017,8,2,18,247,33,10140,333,39,-9999,-9999,-9999
4902,2017,8,2,19,247,32,10141,307,37,-9999,-9999,-9999
4903,2017,8,2,20,241,35,10150,322,38,-9999,-9999,-9999
4904,2017,8,2,21,227,42,10157,331,18,-9999,-9999,-9999
4905,2017,8,2,22,216,50,10165,11,15,-9999,-9999,-9999
4906,2017,8,2,23,215,48,10168,353,16,-9999,-9999,-9999
4907,2017,8,3,0,212,51,10168,310,19,-9999,-9999,-9999
4908,2017,8,3,1,206,52,10168,359,12,-9999,-9999,-9999
4909,2017,8,3,2,201,53,10166,4,16,-9999,-9999,-9999
4910,2017,8,3,3,197,53,10160,10,27,-9999,-9999,-9999
4911,2017,8,3,4,195,53,10154,5,25,-9999,-9999,-9999
4912,2017,8,3,5,195,51,10146,359,23,-9999,-9999,-9999
4913,2017,8,3,6,187,53,10139,360,32,-9999,-9999,-9999
4914,2017,8,3,7,192,48,10123,356,30,-9999,-9999,-9999
4915,2017,8,3,8,201,44,10113,7,49,-9999,-9999,-9999
4916,2017,8,3,9,197,47,10119,9,49,-9999,-9999,-9999
4917,2017,8,3,10,190,53,10130,324,23,-9999,-9999,-9999
4918,2017,8,3,11,192,57,10130,351,29,-9999,-9999,-9999
4919,2017,8,3,12,205,58,10129,319,59,-9999,-9999,-9999
4920,2017,8,3,13,207,54,10140,304,68,-9999,-9999,-9999
4921,2017,8,3,14,190,88,10144,311,45,-9999,-9999,-9999
4922,2017,8,3,15,170,112,10148,290,29,-9999,-9999,-9999
4923,2017,8,3,16,182,117,10133,289,34,-9999,-9999,-9999
4924,2017,8,3,17,182,123,10131,273,26,-9999,-9999,-9999
4925,2017,8,3,18,205,114,10116,303,61,-9999,-9999,-9999
4926,2017,8,3,19,210,94,10123,295,49,-9999,-9999,-9999
4927,2017,8,3,20,206,90,10137,278,42,-9999,-9999,-9999
4928,2017,8,3,21,196,84,10148,299,40,-9999,-9999,-9999
4929,2017,8,3,22,187,83,10159,285,18,-9999,-9999,-9999
4930,2017,8,3,23,182,88,10167,263,20,-9999,-9999,-9999
4931,2017,8,4,0,177,91,10174,274,20,-9999,-9999,-9999
4932,2017,8,4,1,166,120,10187,194,16,-9999,-9999,-9999
4933,2017,8,4,2,165,111,10191,241,24,-9999,-9999,-9999
4934,2017,8,4,3,160,101,10191,247,20,-9999,-9999,-9999
4935,2017,8,4,4,155,102,10192,233,17,-9999,-9999,-9999
4936,2017,8,4,5,150,101,10191,243,17,-9999,-9999,-9999
4937,2017,8,4,6,147,105,10194,200,14,-9999,-9999,-9999
4938,2017,8,4,7,135,114,10198,188,17,-9999,-9999,-9999
4939,2017,8,4,8,135,108,10205,179,40,-9999,-9999,-9999
4940,2017,8,4,9,132,95,10212,186,32,-9999,-9999,-9999
4941,2017,8,4,10,135,94,10222,188,36,-9999,-9999,-9999
4942,2017,8,4,11,140,94,10228,190,32,-9999,-9999,-9999
4943,2017,8,4,12,146,96,10235,187,37,-9999,-9999,-9999
4944,2017,8,4,13,152,104,10237,193,34,-9999,-9999,-9999
4945,2017,8,4,14,155,97,10238,187,35,-9999,-9999,-9999
4946,2017,8,4,15,152,107,10237,178,39,-9999,-9999,-9999
4947,2017,8,4,16,142,105,10237,203,19,-9999,-9999,-9999
4948,2017,8,4,17,146,104,10233,204,23,-9999,-9999,-9999
4949,2017,8,4,18,142,101,10233,188,31,-9999,-9999,-9999
4950,2017,8,4,19,145,98,10235,193,31,-9999,-9999,-9999
4951,2017,8,4,20,145,100,10241,177,31,-9999,-9999,-9999
4952,2017,8,4,21,135,102,10248,176,37,-9999,-9999,-9999
4953,2017,8,4,22,137,98,10250,183,30,-9999,-9999,-9999
4954,2017,8,4,23,132,102,10256,179,29,-9999,-9999,-9999
4955,2017,8,5,0,131,103,10259,173,32,-9999,-9999,-9999
4956,2017,8,5,1,130,109,10259,182,20,-9999,-9999,-9999
4957,2017,8,5,2,130,112,10256,186,15,-9999,-9999,-9999
4958,2017,8,5,3,132,115,10251,172,26,-9999,-9999,-9999
4959,2017,8,5,4,132,116,10249,185,18,-9999,-9999,-9999
4960,2017,8,5,5,132,115,10245,154,20,-9999,-9999,-9999
4961,2017,8,5,6,132,116,10240,157,23,-9999,-9999,-9999
4962,2017,8,5,7,132,115,10236,149,31,-9999,-9999,-9999
4963,2017,8,5,8,132,112,10237,134,20,-9999,-9999,-9999
4964,2017,8,5,9,132,106,10242,138,25,-9999,-9999,-9999
4965,2017,8,5,10,130,99,10249,146,27,-9999,-9999,-9999
4966,2017,8,5,11,130,100,10255,140,27,-9999,-9999,-9999
4967,2017,8,5,12,135,97,10257,138,26,-9999,-9999,-9999
4968,2017,8,5,13,155,88,10256,131,31,-9999,-9999,-9999
4969,2017,8,5,14,157,84,10254,149,29,-9999,-9999,-9999
4970,2017,8,5,15,162,82,10247,136,24,-9999,-9999,-9999
4971,2017,8,5,16,157,76,10239,151,38,-9999,-9999,-9999
4972,2017,8,5,17,165,83,10230,151,34,-9999,-9999,-9999
4973,2017,8,5,18,161,78,10227,165,37,-9999,-9999,-9999
4974,2017,8,5,19,155,66,10231,150,42,-9999,-9999,-9999
4975,2017,8,5,20,150,62,10234,160,39,-9999,-9999,-9999
4976,2017,8,5,21,135,59,10240,140,28,-9999,-9999,-9999
4977,2017,8,5,22,132,64,10245,124,32,-9999,-9999,-9999
4978,2017,8,5,23,127,69,10251,130,26,-9999,-9999,-9999
4979,2017,8,6,0,122,81,10255,126,17,-9999,-9999,-9999
4980,2017,8,6,1,117,84,10259,146,14,-9999,-9999,-9999
4981,2017,8,6,2,120,86,10258,105,26,-9999,-9999,-9999
4982,2017,8,6,3,117,85,10256,109,27,-9999,-9999,-9999
4983,2017,8,6,4,115,85,10254,106,30,-9999,-9999,-9999
4984,2017,8,6,5,115,85,10248,112,26,-9999,-9999,-9999
4985,2017,8,6,6,115,87,10243,111,30,-9999,-9999,-9999
4986,2017,8,6,7,115,86,10238,112,26,-9999,-9999,-9999
4987,2017,8,6,8,116,82,10239,117,34,-9999,-9999,-9999
4988,2017,8,6,9,117,82,10246,112,31,-9999,-9999,-9999
4989,2017,8,6,10,117,76,10252,122,28,-9999,-9999,-9999
4990,2017,8,6,11,125,82,10252,117,36,-9999,-9999,-9999
4991,2017,8,6,12,135,77,10256,99,49,-9999,-9999,-9999
4992,2017,8,6,13,145,78,10261,100,40,-9999,-9999,-9999
4993,2017,8,6,14,157,78,10254,104,36,-9999,-9999,-9999
4994,2017,8,6,15,175,75,10234,114,33,-9999,-9999,-9999
4995,2017,8,6,16,182,71,10223,124,28,-9999,-9999,-9999
4996,2017,8,6,17,185,67,10210,96,32,-9999,-9999,-9999
4997,2017,8,6,18,191,68,10195,110,27,-9999,-9999,-9999
4998,2017,8,6,19,191,70,10194,117,23,-9999,-9999,-9999
4999,2017,8,6,20,175,92,10204,173,37,-9999,-9999,-9999
5000,2017,8,6,21,150,91,10217,170,39,-9999,-9999,-9999
5001,2017,8,6,22,137,91,10227,155,28,-9999,-9999,-9999
5002,2017,8,6,23,135,92,10230,114,25,-9999,-9999,-9999
5003,2017,8,7,0,131,90,10233,96,22,-9999,-9999,-9999
5004,2017,8,7,1,127,83,10237,104,24,-9999,-9999,-9999
5005,2017,8,7,2,125,86,10233,101,20,-9999,-9999,-9999
5006,2017,8,7,3,121,84,10232,81,18,-9999,-9999,-9999
5007,2017,8,7,4,116,82,10233,99,30,-9999,-9999,-9999
5008,2017,8,7,5,111,82,10229,89,20,-9999,-9999,-9999
5009,2017,8,7,6,112,84,10221,79,20,-9999,-9999,-9999
5010,2017,8,7,7,111,83,10217,66,24,-9999,-9999,-9999
5011,2017,8,7,8,110,83,10220,81,31,-9999,-9999,-9999
5012,2017,8,7,9,102,81,10225,76,35,-9999,-9999,-9999
5013,2017,8,7,10,105,83,10233,78,31,-9999,-9999,-9999
5014,2017,8,7,11,110,86,10236,68,27,-9999,-9999,-9999
5015,2017,8,7,12,125,89,10235,60,26,-9999,-9999,-9999
5016,2017,8,7,13,145,89,10229,73,24,-9999,-9999,-9999
5017,2017,8,7,14,167,92,10216,73,21,-9999,-9999,-9999
5018,2017,8,7,15,195,100,10194,83,21,-9999,-9999,-9999
5019,2017,8,7,16,217,91,10174,68,16,-9999,-9999,-9999
5020,2017,8,7,17,242,97,10155,66,5,-9999,-9999,-9999
5021,2017,8,7,18,242,88,10146,39,7,-9999,-9999,-9999
5022,2017,8,7,19,255,54,10137,291,26,-9999,-9999,-9999
5023,2017,8,7,20,247,53,10138,316,19,-9999,-9999,-9999
5024,2017,8,7,21,227,66,10149,357,9,-9999,-9999,-9999
5025,2017,8,7,22,206,90,10158,49,12,-9999,-9999,-9999
5026,2017,8,7,23,191,105,10165,34,10,-9999,-9999,-9999
5027,2017,8,8,0,185,101,10171,3,12,-9999,-9999,-9999
5028,2017,8,8,1,175,103,10175,116,2,-9999,-9999,-9999
5029,2017,8,8,4,155,99,10176,56,12,-9999,-9999,-9999
5030,2017,8,8,5,147,99,10173,55,6,-9999,-9999,-9999
5031,2017,8,8,6,142,96,10170,60,11,-9999,-9999,-9999
5032,2017,8,8,7,141,96,10173,61,7,-9999,-9999,-9999
5033,2017,8,8,8,137,96,10176,46,10,-9999,-9999,-9999
5034,2017,8,8,9,132,93,10185,74,9,-9999,-9999,-9999
5035,2017,8,8,10,131,94,10196,64,5,-9999,-9999,-9999
5036,2017,8,8,11,152,96,10192,55,19,-9999,-9999,-9999
5037,2017,8,8,12,182,100,10188,77,13,-9999,-9999,-9999
5038,2017,8,8,13,210,92,10185,24,9,-9999,-9999,-9999
5039,2017,8,8,14,242,82,10169,341,19,-9999,-9999,-9999
5040,2017,8,8,15,255,83,10154,351,27,-9999,-9999,-9999
5041,2017,8,8,16,257,75,10142,298,37,-9999,-9999,-9999
5042,2017,8,8,17,267,70,10131,319,40,-9999,-9999,-9999
5043,2017,8,8,18,267,68,10126,299,37,-9999,-9999,-9999
5044,2017,8,8,19,267,63,10126,317,37,-9999,-9999,-9999
5045,2017,8,8,20,260,70,10130,298,17,-9999,-9999,-9999
5046,2017,8,8,21,250,71,10139,310,11,-9999,-9999,-9999
5047,2017,8,8,22,241,71,10146,328,17,-9999,-9999,-9999
5048,2017,8,8,23,232,72,10154,321,18,-9999,-9999,-9999
5049,2017,8,9,0,232,70,10153,331,22,-9999,-9999,-9999
5050,2017,8,9,1,226,71,10151,343,15,-9999,-9999,-9999
5051,2017,8,9,2,217,74,10152,302,12,-9999,-9999,-9999
5052,2017,8,9,3,220,69,10147,317,15,-9999,-9999,-9999
5053,2017,8,9,4,211,73,10151,356,7,-9999,-9999,-9999
5054,2017,8,9,5,216,67,10145,331,28,-9999,-9999,-9999
5055,2017,8,9,6,207,68,10142,299,11,-9999,-9999,-9999
5056,2017,8,9,7,207,67,10137,315,17,-9999,-9999,-9999
5057,2017,8,9,8,205,67,10137,311,17,-9999,-9999,-9999
5058,2017,8,9,9,207,65,10133,332,25,-9999,-9999,-9999
5059,2017,8,9,10,176,90,10149,144,5,-9999,-9999,-9999
5060,2017,8,9,11,215,72,10141,317,23,-9999,-9999,-9999
5061,2017,8,9,12,231,69,10145,304,42,-9999,-9999,-9999
5062,2017,8,9,13,252,70,10142,311,30,-9999,-9999,-9999
5063,2017,8,9,14,260,70,10136,284,41,-9999,-9999,-9999
5064,2017,8,9,15,272,76,10127,296,43,-9999,-9999,-9999
5065,2017,8,9,16,282,69,10117,295,52,-9999,-9999,-9999
5066,2017,8,9,17,281,67,10111,301,58,-9999,-9999,-9999
5067,2017,8,9,18,282,75,10108,278,54,-9999,-9999,-9999
5068,2017,8,9,19,282,79,10108,295,40,-9999,-9999,-9999
5069,2017,8,9,20,277,82,10111,293,28,-9999,-9999,-9999
5070,2017,8,9,21,265,85,10119,299,14,-9999,-9999,-9999
5071,2017,8,9,22,255,93,10126,320,23,-9999,-9999,-9999
5072,2017,8,9,23,210,122,10151,169,29,-9999,-9999,-9999
5073,2017,8,10,0,186,99,10167,178,20,-9999,-9999,-9999
5074,2017,8,10,1,181,71,10175,173,17,-9999,-9999,-9999
5075,2017,8,10,2,177,46,10181,184,21,-9999,-9999,-9999
5076,2017,8,10,3,175,42,10186,184,14,-9999,-9999,-9999
5077,2017,8,10,4,167,43,10186,169,6,-9999,-9999,-9999
5078,2017,8,10,5,162,55,10184,172,4,-9999,-9999,-9999
5079,2017,8,10,6,155,94,10184,170,20,-9999,-9999,-9999
5080,2017,8,10,7,147,107,10185,152,9,-9999,-9999,-9999
5081,2017,8,10,8,150,111,10186,128,13,-9999,-9999,-9999
5082,2017,8,10,9,152,114,10191,115,18,-9999,-9999,-9999
5083,2017,8,10,10,156,117,10195,95,18,-9999,-9999,-9999
5084,2017,8,10,11,156,124,10204,105,23,-9999,-9999,-9999
5085,2017,8,10,12,160,126,10205,121,22,-9999,-9999,-9999
5086,2017,8,10,13,165,126,10207,124,18,-9999,-9999,-9999
5087,2017,8,10,14,170,128,10206,133,21,-9999,-9999,-9999
5088,2017,8,10,15,172,127,10202,142,19,-9999,-9999,-9999
5089,2017,8,10,16,177,125,10195,115,17,-9999,-9999,-9999
5090,2017,8,10,17,176,126,10191,153,19,-9999,-9999,-9999
5091,2017,8,10,18,175,123,10188,144,17,-9999,-9999,-9999
5092,2017,8,10,19,166,122,10192,158,24,-9999,-9999,-9999
5093,2017,8,10,20,162,119,10197,149,23,-9999,-9999,-9999
5094,2017,8,10,21,157,119,10204,132,27,-9999,-9999,-9999
5095,2017,8,10,22,157,116,10206,126,26,-9999,-9999,-9999
5096,2017,8,10,23,152,117,10214,143,26,-9999,-9999,-9999
5097,2017,8,11,0,150,110,10218,132,30,-9999,-9999,-9999
5098,2017,8,11,1,151,106,10221,126,22,-9999,-9999,-9999
5099,2017,8,11,2,147,99,10224,128,29,-9999,-9999,-9999
5100,2017,8,11,3,147,92,10224,131,22,-9999,-9999,-9999
5101,2017,8,11,4,142,84,10224,131,27,-9999,-9999,-9999
5102,2017,8,11,5,140,78,10223,111,27,-9999,-9999,-9999
5103,2017,8,11,6,137,73,10221,124,30,-9999,-9999,-9999
5104,2017,8,11,7,136,76,10218,108,32,-9999,-9999,-9999
5105,2017,8,11,8,131,75,10219,86,27,-9999,-9999,-9999
5106,2017,8,11,9,127,76,10224,99,22,-9999,-9999,-9999
5107,2017,8,11,10,127,84,10225,95,18,-9999,-9999,-9999
5108,2017,8,11,11,140,86,10222,95,37,-9999,-9999,-9999
5109,2017,8,11,12,155,83,10223,108,47,-9999,-9999,-9999
5110,2017,8,11,13,170,83,10220,108,42,-9999,-9999,-9999
5111,2017,8,11,14,185,79,10209,113,39,-9999,-9999,-9999
5112,2017,8,11,15,200,74,10195,95,34,-9999,-9999,-9999
5113,2017,8,11,16,215,73,10179,114,26,-9999,-9999,-9999
5114,2017,8,11,17,227,77,10165,123,25,-9999,-9999,-9999
5115,2017,8,11,18,210,110,10168,143,33,-9999,-9999,-9999
5116,2017,8,11,19,192,113,10175,149,36,-9999,-9999,-9999
5117,2017,8,11,20,182,118,10180,150,24,-9999,-9999,-9999
5118,2017,8,11,21,167,118,10192,152,26,-9999,-9999,-9999
5119,2017,8,11,22,166,120,10198,111,22,-9999,-9999,-9999
5120,2017,8,11,23,161,116,10205,114,34,-9999,-9999,-9999
5121,2017,8,12,0,156,112,10207,106,39,-9999,-9999,-9999
5122,2017,8,12,1,155,114,10209,110,32,-9999,-9999,-9999
5123,2017,8,12,2,155,115,10208,97,30,-9999,-9999,-9999
5124,2017,8,12,3,150,114,10204,93,41,-9999,-9999,-9999
5125,2017,8,12,4,147,113,10202,100,40,-9999,-9999,-9999
5126,2017,8,12,5,147,112,10202,72,42,-9999,-9999,-9999
5127,2017,8,12,6,145,109,10199,74,34,-9999,-9999,-9999
5128,2017,8,12,7,142,109,10196,84,47,-9999,-9999,-9999
5129,2017,8,12,8,141,110,10196,86,43,-9999,-9999,-9999
5130,2017,8,12,9,142,110,10200,83,30,-9999,-9999,-9999
5131,2017,8,12,10,142,109,10203,67,33,-9999,-9999,-9999
5132,2017,8,12,11,145,111,10208,76,37,-9999,-9999,-9999
5133,2017,8,12,12,152,112,10210,70,37,-9999,-9999,-9999
5134,2017,8,12,13,172,116,10204,62,31,-9999,-9999,-9999
5135,2017,8,12,14,180,112,10202,80,35,-9999,-9999,-9999
5136,2017,8,12,15,205,115,10189,62,24,-9999,-9999,-9999
5137,2017,8,12,16,220,118,10174,88,19,-9999,-9999,-9999
5138,2017,8,12,17,235,122,10158,100,26,-9999,-9999,-9999
5139,2017,8,12,18,242,119,10152,102,22,-9999,-9999,-9999
5140,2017,8,12,19,240,123,10150,93,31,-9999,-9999,-9999
5141,2017,8,12,20,231,124,10154,89,26,-9999,-9999,-9999
5142,2017,8,12,21,215,125,10161,63,29,-9999,-9999,-9999
5143,2017,8,12,22,206,124,10166,68,22,-9999,-9999,-9999
5144,2017,8,12,23,200,124,10172,77,20,-9999,-9999,-9999
5145,2017,8,13,0,195,125,10174,81,21,-9999,-9999,-9999
5146,2017,8,13,1,180,124,10180,77,24,-9999,-9999,-9999
5147,2017,8,13,2,171,124,10184,78,24,-9999,-9999,-9999
5148,2017,8,13,3,165,123,10184,79,28,-9999,-9999,-9999
5149,2017,8,13,4,160,122,10183,78,22,-9999,-9999,-9999
5150,2017,8,13,5,156,122,10180,77,21,-9999,-9999,-9999
5151,2017,8,13,6,152,121,10174,69,16,-9999,-9999,-9999
5152,2017,8,13,7,147,120,10174,67,13,-9999,-9999,-9999
5153,2017,8,13,8,145,119,10178,65,14,-9999,-9999,-9999
5154,2017,8,13,9,140,118,10182,63,18,-9999,-9999,-9999
5155,2017,8,13,10,140,120,10188,59,22,-9999,-9999,-9999
5156,2017,8,13,11,142,123,10191,63,19,-9999,-9999,-9999
5157,2017,8,13,12,152,127,10192,44,22,-9999,-9999,-9999
5158,2017,8,13,13,186,128,10176,61,22,-9999,-9999,-9999
5159,2017,8,13,14,217,123,10163,49,16,-9999,-9999,-9999
5160,2017,8,13,15,247,127,10142,72,16,-9999,-9999,-9999
5161,2017,8,13,16,287,105,10114,59,15,-9999,-9999,-9999
5162,2017,8,13,17,296,92,10101,353,24,-9999,-9999,-9999
5163,2017,8,13,18,292,75,10096,347,29,-9999,-9999,-9999
5164,2017,8,13,19,292,79,10092,335,33,-9999,-9999,-9999
5165,2017,8,13,20,277,83,10096,348,17,-9999,-9999,-9999
5166,2017,8,13,21,266,84,10107,325,15,-9999,-9999,-9999
5167,2017,8,13,22,252,93,10116,18,6,-9999,-9999,-9999
5168,2017,8,13,23,237,118,10122,35,10,-9999,-9999,-9999
5169,2017,8,14,0,227,134,10131,61,9,-9999,-9999,-9999
5170,2017,8,14,1,222,131,10136,77,17,-9999,-9999,-9999
5171,2017,8,14,2,217,134,10153,219,24,-9999,-9999,-9999
5172,2017,8,14,3,221,124,10155,243,19,-9999,-9999,-9999
5173,2017,8,14,4,212,120,10141,331,10,-9999,-9999,-9999
5174,2017,8,14,5,206,130,10143,326,14,-9999,-9999,-9999
5175,2017,8,14,6,197,128,10136,27,17,-9999,-9999,-9999
5176,2017,8,14,7,197,127,10139,18,9,-9999,-9999,-9999
5177,2017,8,14,8,197,127,10145,9,9,-9999,-9999,-9999
5178,2017,8,14,9,206,121,10150,320,15,-9999,-9999,-9999
5179,2017,8,14,10,197,124,10158,175,9,-9999,-9999,-9999
5180,2017,8,14,11,217,126,10159,138,1,-9999,-9999,-9999
5181,2017,8,14,12,221,128,10167,288,11,-9999,-9999,-9999
5182,2017,8,14,13,222,129,10172,244,27,-9999,-9999,-9999
5183,2017,8,14,14,225,134,10170,210,21,-9999,-9999,-9999
5184,2017,8,14,15,222,133,10163,148,10,-9999,-9999,-9999
5185,2017,8,14,16,237,134,10153,211,14,-9999,-9999,-9999
5186,2017,8,14,17,232,137,10153,156,31,-9999,-9999,-9999
5187,2017,8,14,18,215,123,10164,150,28,-9999,-9999,-9999
5188,2017,8,14,19,196,127,10174,137,31,-9999,-9999,-9999
5189,2017,8,14,20,181,124,10186,146,20,-9999,-9999,-9999
5190,2017,8,14,21,167,122,10191,139,22,-9999,-9999,-9999
5191,2017,8,14,22,162,119,10198,143,19,-9999,-9999,-9999
5192,2017,8,14,23,160,109,10202,140,19,-9999,-9999,-9999
5193,2017,8,15,0,157,112,10204,143,20,-9999,-9999,-9999
5194,2017,8,15,1,157,111,10204,119,18,-9999,-9999,-9999
5195,2017,8,15,2,156,112,10205,150,20,-9999,-9999,-9999
5196,2017,8,15,3,151,105,10205,149,23,-9999,-9999,-9999
5197,2017,8,15,4,152,103,10196,127,17,-9999,-9999,-9999
5198,2017,8,15,5,151,105,10190,109,33,-9999,-9999,-9999
5199,2017,8,15,6,152,104,10194,145,20,-9999,-9999,-9999
5200,2017,8,15,7,155,109,10191,110,21,-9999,-9999,-9999
5201,2017,8,15,8,151,108,10193,113,34,-9999,-9999,-9999
5202,2017,8,15,9,146,124,10203,136,20,-9999,-9999,-9999
5203,2017,8,15,10,147,127,10204,116,23,-9999,-9999,-9999
5204,2017,8,15,11,145,124,10213,146,19,-9999,-9999,-9999
5205,2017,8,15,12,145,122,10222,145,24,-9999,-9999,-9999
5206,2017,8,15,13,145,112,10224,155,28,-9999,-9999,-9999
5207,2017,8,15,14,151,114,10218,142,25,-9999,-9999,-9999
5208,2017,8,15,15,151,106,10218,175,26,-9999,-9999,-9999
5209,2017,8,15,16,140,110,10219,161,19,-9999,-9999,-9999
5210,2017,8,15,17,141,118,10206,67,15,-9999,-9999,-9999
5211,2017,8,15,21,147,118,10195,67,23,-9999,-9999,-9999
5212,2017,8,15,22,145,108,10201,73,19,-9999,-9999,-9999
5213,2017,8,15,23,142,112,10197,87,25,-9999,-9999,-9999
5214,2017,8,16,0,145,116,10195,71,21,-9999,-9999,-9999
5215,2017,8,16,1,145,116,10197,102,23,-9999,-9999,-9999
5216,2017,8,16,2,146,119,10195,107,24,-9999,-9999,-9999
5217,2017,8,16,3,147,120,10202,166,13,-9999,-9999,-9999
5218,2017,8,16,4,147,124,10196,122,8,-9999,-9999,-9999
5219,2017,8,16,5,146,123,10187,67,23,-9999,-9999,-9999
5220,2017,8,16,6,146,126,10187,72,5,-9999,-9999,-9999
5221,2017,8,16,7,147,129,10183,109,12,-9999,-9999,-9999
5222,2017,8,16,9,147,130,10188,91,14,-9999,-9999,-9999
5223,2017,8,16,10,147,131,10188,79,19,-9999,-9999,-9999
5224,2017,8,16,11,150,133,10197,93,17,-9999,-9999,-9999
5225,2017,8,16,12,156,138,10202,117,13,-9999,-9999,-9999
5226,2017,8,16,13,157,137,10207,101,12,-9999,-9999,-9999
5227,2017,8,16,14,165,140,10205,177,12,-9999,-9999,-9999
5228,2017,8,16,15,155,134,10204,180,25,-9999,-9999,-9999
5229,2017,8,16,16,157,137,10197,257,12,-9999,-9999,-9999
5230,2017,8,16,17,160,141,10189,235,11,-9999,-9999,-9999
5231,2017,8,16,18,161,142,10176,42,11,-9999,-9999,-9999
5232,2017,8,16,19,162,144,10174,61,13,-9999,-9999,-9999
5233,2017,8,16,20,165,145,10181,121,12,-9999,-9999,-9999
5234,2017,8,16,21,161,141,10178,41,9,-9999,-9999,-9999
5235,2017,8,16,22,161,141,10190,139,12,-9999,-9999,-9999
5236,2017,8,16,23,162,141,10198,134,12,-9999,-9999,-9999
5237,2017,8,17,0,152,135,10204,149,20,-9999,-9999,-9999
5238,2017,8,17,1,155,135,10203,140,8,-9999,-9999,-9999
5239,2017,8,17,2,155,131,10198,150,17,-9999,-9999,-9999
5240,2017,8,17,3,155,132,10195,161,11,-9999,-9999,-9999
5241,2017,8,17,4,152,131,10188,155,12,-9999,-9999,-9999
5242,2017,8,17,5,150,129,10189,167,6,-9999,-9999,-9999
5243,2017,8,17,6,150,128,10187,177,17,-9999,-9999,-9999
5244,2017,8,17,7,150,127,10185,104,11,-9999,-9999,-9999
5245,2017,8,17,8,150,129,10182,104,17,-9999,-9999,-9999
5246,2017,8,17,9,151,128,10195,126,11,-9999,-9999,-9999
5247,2017,8,17,10,152,129,10200,124,16,-9999,-9999,-9999
5248,2017,8,17,11,151,129,10204,134,16,-9999,-9999,-9999
5249,2017,8,17,12,152,127,10211,161,21,-9999,-9999,-9999
5250,2017,8,17,13,151,133,10212,108,15,-9999,-9999,-9999
5251,2017,8,17,14,150,132,10215,158,8,-9999,-9999,-9999
5252,2017,8,17,15,150,133,10212,126,15,-9999,-9999,-9999
5253,2017,8,17,16,152,134,10200,109,12,-9999,-9999,-9999
5254,2017,8,17,18,160,140,10188,128,7,-9999,-9999,-9999
5255,2017,8,17,19,160,138,10181,91,22,-9999,-9999,-9999
5256,2017,8,17,20,157,136,10190,152,16,-9999,-9999,-9999
5257,2017,8,17,21,151,131,10195,128,14,-9999,-9999,-9999
5258,2017,8,17,22,150,131,10198,139,4,-9999,-9999,-9999
5259,2017,8,17,23,147,128,10208,170,16,-9999,-9999,-9999
5260,2017,8,18,1,142,123,10212,129,10,-9999,-9999,-9999
5261,2017,8,18,2,145,126,10206,106,15,-9999,-9999,-9999
5262,2017,8,18,3,146,126,10202,125,7,-9999,-9999,-9999
5263,2017,8,18,4,146,126,10194,108,10,-9999,-9999,-9999
5264,2017,8,18,5,145,126,10190,108,12,-9999,-9999,-9999
5265,2017,8,18,6,142,126,10185,124,12,-9999,-9999,-9999
5266,2017,8,18,8,142,128,10186,134,11,-9999,-9999,-9999
5267,2017,8,18,9,142,128,10189,131,13,-9999,-9999,-9999
5268,2017,8,18,10,141,127,10196,112,4,-9999,-9999,-9999
5269,2017,8,18,11,145,131,10198,123,8,-9999,-9999,-9999
5270,2017,8,18,12,142,130,10204,118,10,-9999,-9999,-9999
5271,2017,8,18,13,151,138,10203,66,17,-9999,-9999,-9999
5272,2017,8,18,14,155,142,10201,78,12,-9999,-9999,-9999
5273,2017,8,18,15,160,144,10200,106,6,-9999,-9999,-9999
5274,2017,8,18,16,165,145,10188,64,5,-9999,-9999,-9999
5275,2017,8,18,17,167,146,10179,45,8,-9999,-9999,-9999
5276,2017,8,18,18,167,146,10173,128,8,-9999,-9999,-9999
5277,2017,8,18,19,170,146,10171,98,6,-9999,-9999,-9999
5278,2017,8,18,20,170,148,10170,112,8,-9999,-9999,-9999
5279,2017,8,18,21,166,145,10173,43,7,-9999,-9999,-9999
5280,2017,8,18,22,166,147,10177,126,12,-9999,-9999,-9999
5281,2017,8,18,23,166,145,10182,92,11,-9999,-9999,-9999
5282,2017,8,19,0,165,143,10183,76,16,-9999,-9999,-9999
5283,2017,8,19,2,162,143,10179,104,18,-9999,-9999,-9999
5284,2017,8,19,4,166,145,10169,73,24,-9999,-9999,-9999
5285,2017,8,19,7,162,142,10156,68,21,-9999,-9999,-9999
5286,2017,8,19,8,162,141,10160,61,21,-9999,-9999,-9999
5287,2017,8,19,9,161,140,10159,76,18,-9999,-9999,-9999
5288,2017,8,19,10,160,140,10166,121,5,-9999,-9999,-9999
5289,2017,8,19,11,161,142,10172,177,9,-9999,-9999,-9999
5290,2017,8,19,12,165,146,10181,341,9,-9999,-9999,-9999
5291,2017,8,19,13,166,148,10180,70,6,-9999,-9999,-9999
5292,2017,8,19,14,171,151,10183,133,4,-9999,-9999,-9999
5293,2017,8,19,15,175,152,10173,7,12,-9999,-9999,-9999
5294,2017,8,19,17,177,152,10150,3,15,-9999,-9999,-9999
5295,2017,8,19,18,177,151,10147,29,11,-9999,-9999,-9999
5296,2017,8,19,19,176,154,10158,6,2,-9999,-9999,-9999
5297,2017,8,19,20,172,154,10164,257,4,-9999,-9999,-9999
5298,2017,8,19,21,172,153,10163,293,5,-9999,-9999,-9999
5299,2017,8,19,22,170,152,10161,20,11,-9999,-9999,-9999
5300,2017,8,19,23,167,148,10160,70,16,-9999,-9999,-9999
5301,2017,8,20,0,165,141,10159,47,14,-9999,-9999,-9999
5302,2017,8,20,1,161,136,10158,47,15,-9999,-9999,-9999
5303,2017,8,20,2,157,132,10156,68,12,-9999,-9999,-9999
5304,2017,8,20,3,156,132,10149,65,14,-9999,-9999,-9999
5305,2017,8,20,4,155,134,10141,56,22,-9999,-9999,-9999
5306,2017,8,20,5,155,138,10132,55,22,-9999,-9999,-9999
5307,2017,8,20,7,156,140,10115,68,12,-9999,-9999,-9999
5308,2017,8,20,8,157,142,10114,92,13,-9999,-9999,-9999
5309,2017,8,20,9,156,141,10115,54,10,-9999,-9999,-9999
5310,2017,8,20,10,155,140,10120,57,8,-9999,-9999,-9999
5311,2017,8,20,11,161,147,10125,163,15,-9999,-9999,-9999
5312,2017,8,20,12,180,155,10134,185,28,-9999,-9999,-9999
5313,2017,8,20,13,205,153,10128,150,20,-9999,-9999,-9999
5314,2017,8,20,14,180,141,10154,202,46,-9999,-9999,-9999
5315,2017,8,20,15,171,142,10149,149,24,-9999,-9999,-9999
5316,2017,8,20,17,150,128,10175,190,25,-9999,-9999,-9999
5317,2017,8,20,18,147,130,10178,233,15,-9999,-9999,-9999
5318,2017,8,20,19,147,131,10184,297,19,-9999,-9999,-9999
5319,2017,8,20,20,150,134,10180,2,6,-9999,-9999,-9999
5320,2017,8,20,21,160,135,10177,332,19,-9999,-9999,-9999
5321,2017,8,20,22,155,135,10178,210,15,-9999,-9999,-9999
5322,2017,8,20,23,160,137,10190,340,18,-9999,-9999,-9999
5323,2017,8,21,0,150,131,10195,189,29,-9999,-9999,-9999
5324,2017,8,21,1,142,125,10209,206,19,-9999,-9999,-9999
5325,2017,8,21,2,142,128,10215,200,2,-9999,-9999,-9999
5326,2017,8,21,3,142,127,10220,189,19,-9999,-9999,-9999
5327,2017,8,21,4,135,119,10229,192,29,-9999,-9999,-9999
5328,2017,8,21,5,127,104,10234,184,54,-9999,-9999,-9999
5329,2017,8,21,6,120,94,10238,181,35,-9999,-9999,-9999
5330,2017,8,21,7,117,91,10244,187,33,-9999,-9999,-9999
5331,2017,8,21,8,116,92,10249,166,29,-9999,-9999,-9999
5332,2017,8,21,11,117,98,10275,142,23,-9999,-9999,-9999
5333,2017,8,21,12,120,96,10284,139,31,-9999,-9999,-9999
5334,2017,8,21,14,130,100,10290,141,32,-9999,-9999,-9999
5335,2017,8,21,15,131,87,10285,162,41,-9999,-9999,-9999
5336,2017,8,21,16,137,93,10278,142,39,-9999,-9999,-9999
5337,2017,8,21,17,130,90,10276,139,36,-9999,-9999,-9999
5338,2017,8,21,18,127,89,10276,150,38,-9999,-9999,-9999
5339,2017,8,21,21,120,85,10290,147,32,-9999,-9999,-9999
5340,2017,8,21,22,117,85,10297,148,39,-9999,-9999,-9999
5341,2017,8,21,23,116,85,10302,139,32,-9999,-9999,-9999
5342,2017,8,22,0,116,83,10304,136,30,-9999,-9999,-9999
5343,2017,8,22,1,115,85,10305,142,26,-9999,-9999,-9999
5344,2017,8,22,2,115,86,10307,137,28,-9999,-9999,-9999
5345,2017,8,22,3,115,84,10311,122,30,-9999,-9999,-9999
5346,2017,8,22,4,116,85,10301,120,28,-9999,-9999,-9999
5347,2017,8,22,6,115,86,10285,107,36,-9999,-9999,-9999
5348,2017,8,22,7,112,87,10283,115,25,-9999,-9999,-9999
5349,2017,8,22,8,111,89,10281,108,48,-9999,-9999,-9999
5350,2017,8,22,9,112,94,10282,107,45,-9999,-9999,-9999
5351,2017,8,22,10,112,95,10282,108,40,-9999,-9999,-9999
5352,2017,8,22,11,125,95,10280,113,44,-9999,-9999,-9999
5353,2017,8,22,12,130,89,10285,107,56,-9999,-9999,-9999
5354,2017,8,22,14,147,90,10275,109,47,-9999,-9999,-9999
5355,2017,8,22,17,171,101,10237,81,43,-9999,-9999,-9999
5356,2017,8,22,18,167,107,10230,114,35,-9999,-9999,-9999
5357,2017,8,22,22,146,107,10244,105,37,-9999,-9999,-9999
5358,2017,8,23,0,145,107,10254,85,41,-9999,-9999,-9999
5359,2017,8,23,1,142,106,10253,82,51,-9999,-9999,-9999
5360,2017,8,23,2,141,105,10254,76,47,-9999,-9999,-9999
5361,2017,8,23,3,140,107,10248,83,50,-9999,-9999,-9999
5362,2017,8,23,4,137,107,10242,78,45,-9999,-9999,-9999
5363,2017,8,23,6,132,108,10237,72,40,-9999,-9999,-9999
5364,2017,8,23,7,132,109,10236,69,21,-9999,-9999,-9999
5365,2017,8,23,8,130,108,10238,81,36,-9999,-9999,-9999
5366,2017,8,23,9,131,108,10241,72,23,-9999,-9999,-9999
5367,2017,8,23,10,131,108,10250,67,21,-9999,-9999,-9999
5368,2017,8,23,11,132,108,10256,82,33,-9999,-9999,-9999
5369,2017,8,23,12,140,111,10257,79,33,-9999,-9999,-9999
5370,2017,8,23,13,150,113,10257,66,28,-9999,-9999,-9999
5371,2017,8,23,14,157,111,10252,94,22,-9999,-9999,-9999
5372,2017,8,23,15,172,116,10242,89,26,-9999,-9999,-9999
5373,2017,8,23,16,190,116,10225,59,24,-9999,-9999,-9999
5374,2017,8,23,17,205,121,10208,87,22,-9999,-9999,-9999
5375,2017,8,23,18,212,118,10199,92,22,-9999,-9999,-9999
5376,2017,8,23,19,217,119,10194,104,25,-9999,-9999,-9999
5377,2017,8,23,20,215,122,10195,118,27,-9999,-9999,-9999
5378,2017,8,23,21,205,126,10199,77,21,-9999,-9999,-9999
5379,2017,8,23,22,185,139,10211,137,15,-9999,-9999,-9999
5380,2017,8,23,23,172,136,10219,143,12,-9999,-9999,-9999
5381,2017,8,24,0,161,132,10228,152,13,-9999,-9999,-9999
5382,2017,8,24,1,155,132,10232,127,17,-9999,-9999,-9999
5383,2017,8,24,2,157,131,10236,95,23,-9999,-9999,-9999
5384,2017,8,24,4,145,120,10238,96,22,-9999,-9999,-9999
5385,2017,8,24,5,141,116,10237,77,26,-9999,-9999,-9999
5386,2017,8,24,6,140,115,10237,70,27,-9999,-9999,-9999
5387,2017,8,24,7,137,116,10237,96,23,-9999,-9999,-9999
5388,2017,8,24,9,137,112,10243,75,21,-9999,-9999,-9999
5389,2017,8,24,10,137,105,10246,68,19,-9999,-9999,-9999
5390,2017,8,24,11,147,102,10250,82,23,-9999,-9999,-9999
5391,2017,8,24,13,167,99,10251,97,29,-9999,-9999,-9999
5392,2017,8,24,16,215,71,10205,104,35,-9999,-9999,-9999
5393,2017,8,24,17,220,52,10193,108,30,-9999,-9999,-9999
5394,2017,8,24,18,225,59,10184,105,24,-9999,-9999,-9999
5395,2017,8,24,19,225,64,10180,122,25,-9999,-9999,-9999
5396,2017,8,24,20,202,119,10187,145,30,-9999,-9999,-9999
5397,2017,8,24,21,175,127,10203,159,27,-9999,-9999,-9999
5398,2017,8,24,22,161,123,10212,153,23,-9999,-9999,-9999
5399,2017,8,24,23,157,121,10218,122,19,-9999,-9999,-9999
5400,2017,8,25,0,157,123,10222,117,22,-9999,-9999,-9999
5401,2017,8,25,3,146,116,10226,59,23,-9999,-9999,-9999
5402,2017,8,25,4,145,116,10224,71,31,-9999,-9999,-9999
5403,2017,8,25,5,142,115,10219,72,38,-9999,-9999,-9999
5404,2017,8,25,6,140,113,10219,74,29,-9999,-9999,-9999
5405,2017,8,25,7,137,112,10219,76,41,-9999,-9999,-9999
5406,2017,8,25,8,136,109,10222,72,44,-9999,-9999,-9999
5407,2017,8,25,9,135,109,10225,77,36,-9999,-9999,-9999
5408,2017,8,25,10,136,108,10233,78,37,-9999,-9999,-9999
5409,2017,8,25,11,141,108,10237,68,32,-9999,-9999,-9999
5410,2017,8,25,12,147,105,10239,70,36,-9999,-9999,-9999
5411,2017,8,25,15,210,106,10208,65,21,-9999,-9999,-9999
5412,2017,8,25,17,250,74,10175,107,18,-9999,-9999,-9999
5413,2017,8,25,19,246,114,10168,184,17,-9999,-9999,-9999
5414,2017,8,25,20,215,133,10180,188,29,-9999,-9999,-9999
5415,2017,8,25,22,167,129,10207,163,11,-9999,-9999,-9999
5416,2017,8,25,23,162,130,10213,155,5,-9999,-9999,-9999
5417,2017,8,26,0,161,130,10217,158,10,-9999,-9999,-9999
5418,2017,8,26,1,157,128,10220,153,7,-9999,-9999,-9999
5419,2017,8,26,3,150,118,10223,126,12,-9999,-9999,-9999
5420,2017,8,26,4,147,116,10217,113,6,-9999,-9999,-9999
5421,2017,8,26,5,145,113,10212,105,13,-9999,-9999,-9999
5422,2017,8,26,6,140,112,10212,113,15,-9999,-9999,-9999
5423,2017,8,26,8,132,105,10214,68,12,-9999,-9999,-9999
5424,2017,8,26,9,130,100,10220,77,18,-9999,-9999,-9999
5425,2017,8,26,10,132,103,10224,77,13,-9999,-9999,-9999
5426,2017,8,26,11,152,108,10223,79,16,-9999,-9999,-9999
5427,2017,8,26,12,170,108,10222,81,19,-9999,-9999,-9999
5428,2017,8,26,13,202,114,10210,80,9,-9999,-9999,-9999
5429,2017,8,26,14,225,103,10196,93,10,-9999,-9999,-9999
5430,2017,8,26,15,236,77,10183,135,12,-9999,-9999,-9999
5431,2017,8,26,16,260,69,10166,137,13,-9999,-9999,-9999
5432,2017,8,26,17,265,56,10154,344,9,-9999,-9999,-9999
5433,2017,8,26,18,267,50,10147,171,6,-9999,-9999,-9999
5434,2017,8,26,19,262,35,10148,97,8,-9999,-9999,-9999
5435,2017,8,26,20,247,82,10153,142,18,-9999,-9999,-9999
5436,2017,8,26,21,230,83,10163,116,29,-9999,-9999,-9999
5437,2017,8,27,0,196,91,10186,93,11,-9999,-9999,-9999
5438,2017,8,27,1,186,99,10190,86,10,-9999,-9999,-9999
5439,2017,8,27,2,182,75,10191,78,17,-9999,-9999,-9999
5440,2017,8,27,3,177,64,10191,88,15,-9999,-9999,-9999
5441,2017,8,27,4,166,71,10191,100,7,-9999,-9999,-9999
5442,2017,8,27,5,160,75,10188,100,7,-9999,-9999,-9999
5443,2017,8,27,6,155,79,10185,69,3,-9999,-9999,-9999
5444,2017,8,27,8,145,81,10188,65,7,-9999,-9999,-9999
5445,2017,8,27,9,142,82,10191,77,10,-9999,-9999,-9999
5446,2017,8,27,10,150,86,10193,81,10,-9999,-9999,-9999
5447,2017,8,27,11,172,88,10191,54,5,-9999,-9999,-9999
5448,2017,8,27,12,197,88,10186,71,5,-9999,-9999,-9999
5449,2017,8,27,14,230,68,10175,69,13,-9999,-9999,-9999
5450,2017,8,27,15,245,61,10161,125,10,-9999,-9999,-9999
5451,2017,8,27,16,260,69,10145,283,9,-9999,-9999,-9999
5452,2017,8,27,17,267,59,10134,174,13,-9999,-9999,-9999
5453,2017,8,27,19,272,43,10128,190,11,-9999,-9999,-9999
5454,2017,8,27,20,245,105,10140,135,19,-9999,-9999,-9999
5455,2017,8,27,21,220,91,10155,150,15,-9999,-9999,-9999
5456,2017,8,27,22,201,123,10167,173,25,-9999,-9999,-9999
5457,2017,8,27,23,187,124,10176,139,10,-9999,-9999,-9999
5458,2017,8,28,0,191,99,10185,109,17,-9999,-9999,-9999
5459,2017,8,28,1,177,113,10191,138,9,-9999,-9999,-9999
5460,2017,8,28,2,165,114,10195,157,12,-9999,-9999,-9999
5461,2017,8,28,3,160,118,10195,138,7,-9999,-9999,-9999
5462,2017,8,28,4,161,119,10189,70,9,-9999,-9999,-9999
5463,2017,8,28,5,151,114,10189,152,0,-9999,-9999,-9999
5464,2017,8,28,6,155,116,10185,63,4,-9999,-9999,-9999
5465,2017,8,28,7,147,105,10185,39,4,-9999,-9999,-9999
5466,2017,8,28,8,145,107,10191,141,1,-9999,-9999,-9999
5467,2017,8,28,9,145,106,10197,53,7,-9999,-9999,-9999
5468,2017,8,28,10,155,103,10200,53,11,-9999,-9999,-9999
5469,2017,8,28,11,170,106,10202,111,13,-9999,-9999,-9999
5470,2017,8,28,12,196,87,10197,72,14,-9999,-9999,-9999
5471,2017,8,28,13,202,81,10194,100,21,-9999,-9999,-9999
5472,2017,8,28,14,225,67,10183,86,19,-9999,-9999,-9999
5473,2017,8,28,15,231,69,10175,80,14,-9999,-9999,-9999
5474,2017,8,28,16,250,66,10158,91,13,-9999,-9999,-9999
5475,2017,8,28,17,260,61,10147,243,5,-9999,-9999,-9999
5476,2017,8,28,18,271,51,10138,219,10,-9999,-9999,-9999
5477,2017,8,28,19,257,67,10143,171,24,-9999,-9999,-9999
5478,2017,8,28,20,240,94,10151,175,26,-9999,-9999,-9999
5479,2017,8,28,21,201,105,10172,168,35,-9999,-9999,-9999
5480,2017,8,28,22,167,119,10192,185,21,-9999,-9999,-9999
5481,2017,8,28,23,162,118,10199,176,21,-9999,-9999,-9999
5482,2017,8,29,0,160,117,10201,137,13,-9999,-9999,-9999
5483,2017,8,29,1,155,118,10202,129,13,-9999,-9999,-9999
5484,2017,8,29,2,151,115,10205,125,14,-9999,-9999,-9999
5485,2017,8,29,3,147,114,10207,126,10,-9999,-9999,-9999
5486,2017,8,29,4,141,110,10206,139,7,-9999,-9999,-9999
5487,2017,8,29,5,140,109,10202,116,12,-9999,-9999,-9999
5488,2017,8,29,6,136,108,10199,94,15,-9999,-9999,-9999
5489,2017,8,29,7,131,105,10196,83,16,-9999,-9999,-9999
5490,2017,8,29,8,125,104,10200,83,15,-9999,-9999,-9999
5491,2017,8,29,9,125,103,10205,40,8,-9999,-9999,-9999
5492,2017,8,29,10,130,108,10208,54,11,-9999,-9999,-9999
5493,2017,8,29,11,127,109,10217,96,24,-9999,-9999,-9999
5494,2017,8,29,12,142,113,10214,48,20,-9999,-9999,-9999
5495,2017,8,29,13,155,115,10208,93,24,-9999,-9999,-9999
5496,2017,8,29,14,185,119,10194,63,19,-9999,-9999,-9999
5497,2017,8,29,15,207,111,10176,93,19,-9999,-9999,-9999
5498,2017,8,29,16,232,111,10162,109,13,-9999,-9999,-9999
5499,2017,8,29,17,262,111,10142,142,12,-9999,-9999,-9999
5500,2017,8,29,18,275,83,10134,51,4,-9999,-9999,-9999
5501,2017,8,29,19,290,51,10129,166,5,-9999,-9999,-9999
5502,2017,8,29,20,275,45,10134,78,2,-9999,-9999,-9999
5503,2017,8,29,21,255,58,10142,91,6,-9999,-9999,-9999
5504,2017,8,29,22,230,106,10154,51,2,-9999,-9999,-9999
5505,2017,8,29,23,212,122,10165,54,0,-9999,-9999,-9999
5506,2017,8,30,0,215,127,10169,99,0,-9999,-9999,-9999
5507,2017,8,30,1,205,138,10178,162,10,-9999,-9999,-9999
5508,2017,8,30,2,195,146,10180,149,1,-9999,-9999,-9999
5509,2017,8,30,3,187,123,10181,58,11,-9999,-9999,-9999
5510,2017,8,30,4,172,121,10179,38,2,-9999,-9999,-9999
5511,2017,8,30,5,172,122,10176,23,6,-9999,-9999,-9999
5512,2017,8,30,6,167,123,10173,21,0,-9999,-9999,-9999
5513,2017,8,30,7,165,119,10172,334,4,-9999,-9999,-9999
5514,2017,8,30,8,160,115,10177,13,1,-9999,-9999,-9999
5515,2017,8,30,9,155,111,10185,303,0,-9999,-9999,-9999
5516,2017,8,30,10,167,112,10184,41,4,-9999,-9999,-9999
5517,2017,8,30,11,182,108,10186,95,7,-9999,-9999,-9999
5518,2017,8,30,12,215,108,10176,72,7,-9999,-9999,-9999
5519,2017,8,30,13,247,100,10166,39,9,-9999,-9999,-9999
5520,2017,8,30,14,275,73,10154,321,18,-9999,-9999,-9999
5521,2017,8,30,15,291,47,10141,293,26,-9999,-9999,-9999
5522,2017,8,30,16,297,43,10129,299,33,-9999,-9999,-9999
5523,2017,8,30,17,302,41,10119,292,27,-9999,-9999,-9999
5524,2017,8,30,18,306,32,10114,268,19,-9999,-9999,-9999
5525,2017,8,30,19,305,54,10114,273,22,-9999,-9999,-9999
5526,2017,8,30,20,296,50,10120,293,21,-9999,-9999,-9999
5527,2017,8,30,21,280,57,10132,313,22,-9999,-9999,-9999
5528,2017,8,30,22,266,63,10141,294,18,-9999,-9999,-9999
5529,2017,8,30,23,252,72,10150,49,6,-9999,-9999,-9999
5530,2017,8,31,0,252,61,10154,335,0,-9999,-9999,-9999
5531,2017,8,31,1,232,81,10167,68,0,-9999,-9999,-9999
5532,2017,8,31,2,221,94,10171,21,10,-9999,-9999,-9999
5533,2017,8,31,3,205,140,10183,172,37,-9999,-9999,-9999
5534,2017,8,31,4,190,154,10191,160,31,-9999,-9999,-9999
5535,2017,8,31,5,186,145,10192,141,25,-9999,-9999,-9999
5536,2017,8,31,6,180,143,10197,190,31,-9999,-9999,-9999
5537,2017,8,31,7,177,142,10201,179,38,-9999,-9999,-9999
5538,2017,8,31,8,176,142,10208,170,39,-9999,-9999,-9999
5539,2017,8,31,9,175,144,10216,138,18,-9999,-9999,-9999
5540,2017,8,31,10,166,133,10227,169,32,-9999,-9999,-9999
5541,2017,8,31,11,162,127,10237,161,39,-9999,-9999,-9999
5542,2017,8,31,12,170,122,10243,149,29,-9999,-9999,-9999
5543,2017,8,31,13,171,122,10248,142,34,-9999,-9999,-9999
5544,2017,8,31,14,176,120,10245,135,31,-9999,-9999,-9999
5545,2017,8,31,15,172,119,10243,147,29,-9999,-9999,-9999
5546,2017,8,31,16,176,123,10237,151,27,-9999,-9999,-9999
5547,2017,8,31,17,166,122,10238,157,40,-9999,-9999,-9999
5548,2017,8,31,18,175,121,10233,152,34,-9999,-9999,-9999
5549,2017,8,31,19,155,121,10244,154,36,-9999,-9999,-9999
5550,2017,8,31,20,152,121,10246,140,32,-9999,-9999,-9999
5551,2017,8,31,21,155,120,10250,131,28,-9999,-9999,-9999
5552,2017,8,31,22,156,118,10250,128,22,-9999,-9999,-9999
5553,2017,8,31,23,155,119,10256,136,23,-9999,-9999,-9999
5554,2017,9,1,0,157,118,10255,124,21,-9999,-9999,-9999
5555,2017,9,1,1,162,116,10253,110,27,-9999,-9999,-9999
5556,2017,9,1,2,147,118,10262,148,27,-9999,-9999,-9999
5557,2017,9,1,3,150,118,10261,122,28,-9999,-9999,-9999
5558,2017,9,1,4,151,119,10257,120,38,-9999,-9999,-9999
5559,2017,9,1,5,152,119,10253,121,32,-9999,-9999,-9999
5560,2017,9,1,6,155,122,10248,110,33,-9999,-9999,-9999
5561,2017,9,1,7,152,125,10250,128,28,-9999,-9999,-9999
5562,2017,9,1,8,152,125,10252,128,29,-9999,-9999,-9999
5563,2017,9,1,9,155,121,10256,114,36,-9999,-9999,-9999
5564,2017,9,1,10,156,123,10266,114,28,-9999,-9999,-9999
5565,2017,9,1,11,162,123,10271,111,44,-9999,-9999,-9999
5566,2017,9,1,12,172,123,10271,112,39,-9999,-9999,-9999
5567,2017,9,1,13,180,120,10270,108,34,-9999,-9999,-9999
5568,2017,9,1,14,195,114,10261,106,43,-9999,-9999,-9999
5569,2017,9,1,15,215,115,10245,102,34,-9999,-9999,-9999
5570,2017,9,1,16,231,119,10231,126,25,-9999,-9999,-9999
5571,2017,9,1,17,232,132,10224,162,31,-9999,-9999,-9999
5572,2017,9,1,18,206,129,10232,167,37,-9999,-9999,-9999
5573,2017,9,1,20,172,125,10251,154,29,-9999,-9999,-9999
5574,2017,9,1,21,162,121,10258,160,29,-9999,-9999,-9999
5575,2017,9,1,22,157,118,10264,148,26,-9999,-9999,-9999
5576,2017,9,1,23,155,116,10270,147,23,-9999,-9999,-9999
5577,2017,9,2,0,151,116,10275,133,24,-9999,-9999,-9999
5578,2017,9,2,1,151,118,10277,121,32,-9999,-9999,-9999
5579,2017,9,2,2,152,120,10271,108,40,-9999,-9999,-9999
5580,2017,9,2,3,155,114,10269,95,36,-9999,-9999,-9999
5581,2017,9,2,4,152,111,10264,88,43,-9999,-9999,-9999
5582,2017,9,2,5,152,109,10260,86,37,-9999,-9999,-9999
5583,2017,9,2,6,150,109,10258,85,38,-9999,-9999,-9999
5584,2017,9,2,7,147,104,10255,82,56,-9999,-9999,-9999
5585,2017,9,2,8,147,106,10258,77,33,-9999,-9999,-9999
5586,2017,9,2,9,147,101,10264,77,41,-9999,-9999,-9999
5587,2017,9,2,10,147,100,10270,79,36,-9999,-9999,-9999
5588,2017,9,2,11,152,98,10275,79,46,-9999,-9999,-9999
5589,2017,9,2,12,175,100,10273,61,25,-9999,-9999,-9999
5590,2017,9,2,13,187,104,10269,65,33,-9999,-9999,-9999
5591,2017,9,2,14,202,103,10258,58,25,-9999,-9999,-9999
5592,2017,9,2,15,211,105,10249,81,28,-9999,-9999,-9999
5593,2017,9,2,16,230,89,10234,107,22,-9999,-9999,-9999
5594,2017,9,2,17,237,70,10223,99,23,-9999,-9999,-9999
5595,2017,9,2,18,251,75,10216,142,16,-9999,-9999,-9999
5596,2017,9,2,19,245,111,10216,145,22,-9999,-9999,-9999
5597,2017,9,2,20,205,125,10232,176,40,-9999,-9999,-9999
5598,2017,9,2,21,175,120,10250,177,36,-9999,-9999,-9999
5599,2017,9,2,22,161,119,10259,186,19,-9999,-9999,-9999
5600,2017,9,2,23,165,121,10263,127,18,-9999,-9999,-9999
5601,2017,9,3,0,157,118,10265,108,15,-9999,-9999,-9999
5602,2017,9,3,1,155,117,10265,138,12,-9999,-9999,-9999
5603,2017,9,3,2,152,117,10264,119,11,-9999,-9999,-9999
5604,2017,9,3,3,151,118,10261,95,20,-9999,-9999,-9999
5605,2017,9,3,4,146,111,10255,81,24,-9999,-9999,-9999
5606,2017,9,3,5,142,107,10251,92,18,-9999,-9999,-9999
5607,2017,9,3,6,137,103,10251,88,24,-9999,-9999,-9999
5608,2017,9,3,7,136,102,10248,79,24,-9999,-9999,-9999
5609,2017,9,3,8,132,98,10252,75,17,-9999,-9999,-9999
5610,2017,9,3,9,127,96,10259,74,26,-9999,-9999,-9999
5611,2017,9,3,10,131,95,10264,80,30,-9999,-9999,-9999
5612,2017,9,3,11,142,93,10266,81,45,-9999,-9999,-9999
5613,2017,9,3,12,160,91,10265,67,28,-9999,-9999,-9999
5614,2017,9,3,13,192,101,10253,55,20,-9999,-9999,-9999
5615,2017,9,3,14,207,104,10240,74,17,-9999,-9999,-9999
5616,2017,9,3,15,230,81,10225,68,17,-9999,-9999,-9999
5617,2017,9,3,16,240,66,10211,121,18,-9999,-9999,-9999
5618,2017,9,3,17,257,49,10195,106,19,-9999,-9999,-9999
5619,2017,9,3,18,260,32,10188,96,16,-9999,-9999,-9999
5620,2017,9,3,19,262,23,10185,142,19,-9999,-9999,-9999
5621,2017,9,3,20,242,86,10194,176,31,-9999,-9999,-9999
5622,2017,9,3,21,215,86,10207,179,29,-9999,-9999,-9999
5623,2017,9,3,22,196,101,10219,127,10,-9999,-9999,-9999
5624,2017,9,3,23,185,98,10227,138,11,-9999,-9999,-9999
5625,2017,9,4,0,180,114,10231,119,8,-9999,-9999,-9999
5626,2017,9,4,1,180,120,10232,88,10,-9999,-9999,-9999
5627,2017,9,4,2,172,113,10233,62,6,-9999,-9999,-9999
5628,2017,9,4,3,165,114,10233,61,7,-9999,-9999,-9999
5629,2017,9,4,4,165,109,10229,71,19,-9999,-9999,-9999
5630,2017,9,4,5,155,101,10229,71,14,-9999,-9999,-9999
5631,2017,9,4,6,150,97,10225,67,16,-9999,-9999,-9999
5632,2017,9,4,7,142,96,10225,61,12,-9999,-9999,-9999
5633,2017,9,4,8,140,92,10226,52,12,-9999,-9999,-9999
5634,2017,9,4,9,135,91,10236,53,11,-9999,-9999,-9999
5635,2017,9,4,10,145,94,10239,54,19,-9999,-9999,-9999
5636,2017,9,4,11,162,97,10237,61,13,-9999,-9999,-9999
5637,2017,9,4,12,182,91,10234,78,16,-9999,-9999,-9999
5638,2017,9,4,13,212,88,10220,57,11,-9999,-9999,-9999
5639,2017,9,4,14,241,84,10206,65,11,-9999,-9999,-9999
5640,2017,9,4,15,262,68,10190,48,17,-9999,-9999,-9999
5641,2017,9,4,16,275,58,10176,262,14,-9999,-9999,-9999
5642,2017,9,4,17,271,26,10167,280,27,-9999,-9999,-9999
5643,2017,9,4,18,280,24,10161,344,21,-9999,-9999,-9999
5644,2017,9,4,19,285,15,10157,1,15,-9999,-9999,-9999
5645,2017,9,4,20,272,28,10161,26,11,-9999,-9999,-9999
5646,2017,9,4,21,260,23,10167,295,11,-9999,-9999,-9999
5647,2017,9,4,22,242,48,10178,306,19,-9999,-9999,-9999
5648,2017,9,4,23,230,55,10187,251,5,-9999,-9999,-9999
5649,2017,9,5,0,216,81,10194,56,8,-9999,-9999,-9999
5650,2017,9,5,1,202,79,10200,330,7,-9999,-9999,-9999
5651,2017,9,5,2,195,75,10203,41,7,-9999,-9999,-9999
5652,2017,9,5,3,187,79,10203,34,11,-9999,-9999,-9999
5653,2017,9,5,4,180,79,10201,360,1,-9999,-9999,-9999
5654,2017,9,5,5,175,81,10197,40,5,-9999,-9999,-9999
5655,2017,9,5,6,165,84,10196,287,0,-9999,-9999,-9999
5656,2017,9,5,7,157,86,10197,32,7,-9999,-9999,-9999
5657,2017,9,5,8,151,86,10201,36,0,-9999,-9999,-9999
5658,2017,9,5,9,150,93,10206,86,11,-9999,-9999,-9999
5659,2017,9,5,10,161,98,10209,53,8,-9999,-9999,-9999
5660,2017,9,5,11,180,94,10212,115,9,-9999,-9999,-9999
5661,2017,9,5,12,205,81,10210,86,13,-9999,-9999,-9999
5662,2017,9,5,13,232,71,10201,328,9,-9999,-9999,-9999
5663,2017,9,5,14,255,51,10194,331,20,-9999,-9999,-9999
5664,2017,9,5,15,271,33,10182,311,19,-9999,-9999,-9999
5665,2017,9,5,16,270,31,10176,303,27,-9999,-9999,-9999
5666,2017,9,5,17,280,43,10163,229,19,-9999,-9999,-9999
5667,2017,9,5,18,285,48,10157,281,20,-9999,-9999,-9999
5668,2017,9,5,19,281,37,10155,299,26,-9999,-9999,-9999
5669,2017,9,5,20,275,29,10157,345,19,-9999,-9999,-9999
5670,2017,9,5,21,260,34,10162,326,21,-9999,-9999,-9999
5671,2017,9,5,22,250,46,10171,276,17,-9999,-9999,-9999
5672,2017,9,5,23,235,75,10185,172,12,-9999,-9999,-9999
5673,2017,9,6,0,221,72,10193,31,9,-9999,-9999,-9999
5674,2017,9,6,1,212,65,10197,32,12,-9999,-9999,-9999
5675,2017,9,6,2,206,56,10202,68,11,-9999,-9999,-9999
5676,2017,9,6,3,201,55,10201,37,6,-9999,-9999,-9999
5677,2017,9,6,4,190,70,10200,145,11,-9999,-9999,-9999
5678,2017,9,6,5,166,113,10207,179,25,-9999,-9999,-9999
5679,2017,9,6,6,156,124,10206,184,16,-9999,-9999,-9999
5680,2017,9,6,7,152,121,10207,148,13,-9999,-9999,-9999
5681,2017,9,6,8,155,123,10208,128,6,-9999,-9999,-9999
5682,2017,9,6,9,157,124,10213,132,16,-9999,-9999,-9999
5683,2017,9,6,10,157,123,10217,93,16,-9999,-9999,-9999
5684,2017,9,6,11,172,122,10219,73,15,-9999,-9999,-9999
5685,2017,9,6,12,192,119,10221,140,13,-9999,-9999,-9999
5686,2017,9,6,13,221,108,10212,68,16,-9999,-9999,-9999
5687,2017,9,6,14,245,99,10201,97,24,-9999,-9999,-9999
5688,2017,9,6,15,255,59,10191,83,21,-9999,-9999,-9999
5689,2017,9,6,16,272,58,10179,96,16,-9999,-9999,-9999
5690,2017,9,6,17,261,103,10173,173,31,-9999,-9999,-9999
5691,2017,9,6,18,265,86,10167,148,21,-9999,-9999,-9999
5692,2017,9,6,19,260,96,10168,142,30,-9999,-9999,-9999
5693,2017,9,6,20,241,90,10178,156,25,-9999,-9999,-9999
5694,2017,9,6,21,202,122,10196,139,19,-9999,-9999,-9999
5695,2017,9,6,22,185,130,10208,144,18,-9999,-9999,-9999
5696,2017,9,6,23,175,130,10217,139,14,-9999,-9999,-9999
5697,2017,9,7,0,172,130,10221,99,22,-9999,-9999,-9999
5698,2017,9,7,1,167,126,10224,138,16,-9999,-9999,-9999
5699,2017,9,7,2,162,125,10225,139,13,-9999,-9999,-9999
5700,2017,9,7,3,162,121,10224,119,13,-9999,-9999,-9999
5701,2017,9,7,4,157,122,10223,144,17,-9999,-9999,-9999
5702,2017,9,7,5,152,119,10219,134,12,-9999,-9999,-9999
5703,2017,9,7,6,152,118,10216,101,17,-9999,-9999,-9999
5704,2017,9,7,7,147,113,10214,79,22,-9999,-9999,-9999
5705,2017,9,7,8,141,111,10218,81,15,-9999,-9999,-9999
5706,2017,9,7,9,140,111,10223,88,18,-9999,-9999,-9999
5707,2017,9,7,10,146,114,10225,82,26,-9999,-9999,-9999
5708,2017,9,7,11,162,114,10229,101,24,-9999,-9999,-9999
5709,2017,9,7,12,186,111,10227,88,31,-9999,-9999,-9999
5710,2017,9,7,13,210,109,10217,98,31,-9999,-9999,-9999
5711,2017,9,7,14,220,94,10210,106,34,-9999,-9999,-9999
5712,2017,9,7,15,242,86,10196,106,22,-9999,-9999,-9999
5713,2017,9,7,16,260,56,10180,79,30,-9999,-9999,-9999
5714,2017,9,7,17,275,30,10164,111,23,-9999,-9999,-9999
5715,2017,9,7,18,275,21,10157,119,22,-9999,-9999,-9999
5716,2017,9,7,19,280,22,10150,93,16,-9999,-9999,-9999
5717,2017,9,7,20,270,21,10151,92,19,-9999,-9999,-9999
5718,2017,9,7,21,247,63,10160,131,20,-9999,-9999,-9999
5719,2017,9,7,22,236,70,10167,121,16,-9999,-9999,-9999
5720,2017,9,8,0,215,5,10182,85,13,-9999,-9999,-9999
5721,2017,9,8,2,191,46,10190,53,6,-9999,-9999,-9999
5722,2017,9,8,3,187,52,10188,69,7,-9999,-9999,-9999
5723,2017,9,8,4,180,57,10185,65,15,-9999,-9999,-9999
5724,2017,9,8,5,172,59,10181,80,5,-9999,-9999,-9999
5725,2017,9,8,6,170,63,10174,93,16,-9999,-9999,-9999
5726,2017,9,8,7,161,77,10175,81,22,-9999,-9999,-9999
5727,2017,9,8,8,157,96,10178,63,31,-9999,-9999,-9999
5728,2017,9,8,9,155,98,10185,73,20,-9999,-9999,-9999
5729,2017,9,8,10,160,104,10192,74,23,-9999,-9999,-9999
5730,2017,9,8,12,197,109,10191,56,17,-9999,-9999,-9999
5731,2017,9,8,13,217,108,10185,89,17,-9999,-9999,-9999
5732,2017,9,8,14,252,90,10169,93,19,-9999,-9999,-9999
5733,2017,9,8,15,277,59,10152,83,13,-9999,-9999,-9999
5734,2017,9,8,16,277,33,10143,158,12,-9999,-9999,-9999
5735,2017,9,8,17,287,37,10132,116,14,-9999,-9999,-9999
5736,2017,9,8,18,292,32,10123,239,20,-9999,-9999,-9999
5737,2017,9,8,19,290,36,10120,139,15,-9999,-9999,-9999
5738,2017,9,8,20,275,58,10125,146,28,-9999,-9999,-9999
5739,2017,9,8,21,260,47,10135,122,24,-9999,-9999,-9999
5740,2017,9,8,22,250,33,10143,115,24,-9999,-9999,-9999
5741,2017,9,8,23,236,28,10156,68,14,-9999,-9999,-9999
5742,2017,9,9,0,225,41,10166,49,11,-9999,-9999,-9999
5743,2017,9,9,1,215,53,10173,78,11,-9999,-9999,-9999
5744,2017,9,9,2,202,68,10176,63,12,-9999,-9999,-9999
5745,2017,9,9,3,200,32,10176,55,15,-9999,-9999,-9999
5746,2017,9,9,4,192,19,10174,66,9,-9999,-9999,-9999
5747,2017,9,9,5,187,18,10171,73,11,-9999,-9999,-9999
5748,2017,9,9,6,187,8,10165,63,18,-9999,-9999,-9999
5749,2017,9,9,7,176,25,10168,60,9,-9999,-9999,-9999
5750,2017,9,9,8,172,34,10173,84,14,-9999,-9999,-9999
5751,2017,9,9,9,170,47,10180,83,10,-9999,-9999,-9999
5752,2017,9,9,10,172,70,10188,77,14,-9999,-9999,-9999
5753,2017,9,9,11,185,82,10194,70,16,-9999,-9999,-9999
5754,2017,9,9,12,216,83,10188,53,13,-9999,-9999,-9999
5755,2017,9,9,13,237,76,10179,71,21,-9999,-9999,-9999
5756,2017,9,9,14,266,73,10166,70,27,-9999,-9999,-9999
5757,2017,9,9,15,282,42,10153,74,24,-9999,-9999,-9999
5758,2017,9,9,16,287,37,10143,69,23,-9999,-9999,-9999
5759,2017,9,9,17,292,39,10133,74,24,-9999,-9999,-9999
5760,2017,9,9,18,290,44,10128,84,29,-9999,-9999,-9999
5761,2017,9,9,19,287,44,10128,91,26,-9999,-9999,-9999
5762,2017,9,9,20,282,39,10130,100,22,-9999,-9999,-9999
5763,2017,9,9,21,271,45,10137,75,24,-9999,-9999,-9999
5764,2017,9,9,22,255,65,10150,87,18,-9999,-9999,-9999
5765,2017,9,9,23,237,71,10163,53,7,-9999,-9999,-9999
5766,2017,9,10,0,225,84,10171,39,4,-9999,-9999,-9999
5767,2017,9,10,1,215,97,10176,48,7,-9999,-9999,-9999
5768,2017,9,10,2,207,105,10178,61,10,-9999,-9999,-9999
5769,2017,9,10,3,210,88,10175,67,19,-9999,-9999,-9999
5770,2017,9,10,4,205,78,10175,94,18,-9999,-9999,-9999
5771,2017,9,10,5,201,82,10172,85,22,-9999,-9999,-9999
5772,2017,9,10,6,191,85,10172,79,18,-9999,-9999,-9999
5773,2017,9,10,7,182,88,10174,68,10,-9999,-9999,-9999
5774,2017,9,10,8,176,90,10179,79,2,-9999,-9999,-9999
5775,2017,9,10,9,175,90,10184,96,13,-9999,-9999,-9999
5776,2017,9,10,10,182,92,10187,91,18,-9999,-9999,-9999
5777,2017,9,10,11,201,86,10187,83,20,-9999,-9999,-9999
5778,2017,9,10,12,226,82,10182,83,18,-9999,-9999,-9999
5779,2017,9,10,13,257,81,10169,58,19,-9999,-9999,-9999
5780,2017,9,10,14,271,60,10160,47,22,-9999,-9999,-9999
5781,2017,9,10,15,287,44,10145,44,21,-9999,-9999,-9999
5782,2017,9,10,16,287,49,10134,86,24,-9999,-9999,-9999
5783,2017,9,10,17,295,61,10123,46,13,-9999,-9999,-9999
5784,2017,9,10,18,297,50,10117,152,13,-9999,-9999,-9999
5785,2017,9,10,19,296,52,10114,84,14,-9999,-9999,-9999
5786,2017,9,10,20,285,53,10121,91,29,-9999,-9999,-9999
5787,2017,9,10,21,260,53,10138,116,37,-9999,-9999,-9999
5788,2017,9,10,22,245,47,10150,96,33,-9999,-9999,-9999
5789,2017,9,10,23,235,69,10161,85,15,-9999,-9999,-9999
5790,2017,9,11,0,226,79,10165,65,14,-9999,-9999,-9999
5791,2017,9,11,1,225,72,10166,65,21,-9999,-9999,-9999
5792,2017,9,11,2,215,73,10171,100,5,-9999,-9999,-9999
5793,2017,9,11,3,210,80,10172,72,13,-9999,-9999,-9999
5794,2017,9,11,4,200,83,10173,52,4,-9999,-9999,-9999
5795,2017,9,11,5,191,87,10171,56,6,-9999,-9999,-9999
5796,2017,9,11,6,187,89,10172,27,9,-9999,-9999,-9999
5797,2017,9,11,7,187,87,10171,26,9,-9999,-9999,-9999
5798,2017,9,11,8,195,89,10174,23,16,-9999,-9999,-9999
5799,2017,9,11,9,191,92,10183,52,12,-9999,-9999,-9999
5800,2017,9,11,10,192,97,10190,108,22,-9999,-9999,-9999
5801,2017,9,11,11,212,109,10190,92,17,-9999,-9999,-9999
5802,2017,9,11,12,240,103,10186,66,21,-9999,-9999,-9999
5803,2017,9,11,13,255,97,10183,71,16,-9999,-9999,-9999
5804,2017,9,11,14,277,91,10170,329,12,-9999,-9999,-9999
5805,2017,9,11,15,295,84,10159,312,22,-9999,-9999,-9999
5806,2017,9,11,16,290,69,10150,208,14,-9999,-9999,-9999
5807,2017,9,11,17,305,66,10140,255,14,-9999,-9999,-9999
5808,2017,9,11,18,305,54,10136,23,17,-9999,-9999,-9999
5809,2017,9,11,19,310,61,10133,125,9,-9999,-9999,-9999
5810,2017,9,11,20,300,57,10139,50,13,-9999,-9999,-9999
5811,2017,9,11,21,277,85,10148,108,32,-9999,-9999,-9999
5812,2017,9,11,22,265,73,10158,89,32,-9999,-9999,-9999
5813,2017,9,11,23,256,74,10165,81,17,-9999,-9999,-9999
5814,2017,9,12,0,247,76,10173,81,29,-9999,-9999,-9999
5815,2017,9,12,1,240,73,10178,79,25,-9999,-9999,-9999
5816,2017,9,12,2,232,76,10181,97,20,-9999,-9999,-9999
5817,2017,9,12,3,226,82,10182,91,20,-9999,-9999,-9999
5818,2017,9,12,4,217,85,10180,83,17,-9999,-9999,-9999
5819,2017,9,12,5,211,91,10180,74,14,-9999,-9999,-9999
5820,2017,9,12,6,202,96,10180,55,11,-9999,-9999,-9999
5821,2017,9,12,7,195,101,10183,42,7,-9999,-9999,-9999
5822,2017,9,12,8,191,104,10191,57,6,-9999,-9999,-9999
5823,2017,9,12,9,190,109,10198,63,17,-9999,-9999,-9999
5824,2017,9,12,10,197,114,10201,71,20,-9999,-9999,-9999
5825,2017,9,12,11,217,116,10200,91,18,-9999,-9999,-9999
5826,2017,9,12,12,236,112,10202,97,14,-9999,-9999,-9999
5827,2017,9,12,13,257,106,10195,42,21,-9999,-9999,-9999
5828,2017,9,12,14,277,100,10185,51,11,-9999,-9999,-9999
5829,2017,9,12,15,287,61,10175,171,25,-9999,-9999,-9999
5830,2017,9,12,16,300,64,10164,99,23,-9999,-9999,-9999
5831,2017,9,12,17,310,49,10150,61,15,-9999,-9999,-9999
5832,2017,9,12,18,301,69,10145,111,25,-9999,-9999,-9999
5833,2017,9,12,19,287,96,10151,145,37,-9999,-9999,-9999
5834,2017,9,12,20,252,123,10168,157,31,-9999,-9999,-9999
5835,2017,9,12,21,220,137,10189,151,20,-9999,-9999,-9999
5836,2017,9,12,22,201,135,10202,145,28,-9999,-9999,-9999
5837,2017,9,12,23,192,137,10211,151,22,-9999,-9999,-9999
5838,2017,9,13,0,187,138,10216,145,16,-9999,-9999,-9999
5839,2017,9,13,1,185,136,10216,138,13,-9999,-9999,-9999
5840,2017,9,13,2,182,136,10214,128,11,-9999,-9999,-9999
5841,2017,9,13,3,180,137,10213,122,5,-9999,-9999,-9999
5842,2017,9,13,4,180,134,10210,99,15,-9999,-9999,-9999
5843,2017,9,13,5,177,134,10207,89,17,-9999,-9999,-9999
5844,2017,9,13,6,175,134,10208,102,15,-9999,-9999,-9999
5845,2017,9,13,7,171,134,10207,88,15,-9999,-9999,-9999
5846,2017,9,13,8,167,133,10208,88,11,-9999,-9999,-9999
5847,2017,9,13,9,165,132,10212,48,6,-9999,-9999,-9999
5848,2017,9,13,10,175,134,10217,118,13,-9999,-9999,-9999
5849,2017,9,13,11,195,135,10214,64,12,-9999,-9999,-9999
5850,2017,9,13,12,217,128,10207,64,13,-9999,-9999,-9999
5851,2017,9,13,13,245,121,10201,111,12,-9999,-9999,-9999
5852,2017,9,13,14,271,103,10185,87,17,-9999,-9999,-9999
5853,2017,9,13,15,290,94,10170,118,19,-9999,-9999,-9999
5854,2017,9,13,16,296,69,10157,70,16,-9999,-9999,-9999
5855,2017,9,13,17,302,61,10145,104,15,-9999,-9999,-9999
5856,2017,9,13,18,311,74,10135,68,25,-9999,-9999,-9999
5857,2017,9,13,19,306,60,10133,116,16,-9999,-9999,-9999
5858,2017,9,13,20,297,66,10135,108,28,-9999,-9999,-9999
5859,2017,9,13,21,275,92,10147,106,34,-9999,-9999,-9999
5860,2017,9,13,22,260,81,10160,93,18,-9999,-9999,-9999
5861,2017,9,13,23,250,84,10169,97,20,-9999,-9999,-9999
5862,2017,9,14,0,236,99,10178,105,9,-9999,-9999,-9999
5863,2017,9,14,1,227,106,10183,107,6,-9999,-9999,-9999
5864,2017,9,14,2,222,115,10189,64,7,-9999,-9999,-9999
5865,2017,9,14,3,207,112,10192,41,6,-9999,-9999,-9999
5866,2017,9,14,4,205,102,10187,59,13,-9999,-9999,-9999
5867,2017,9,14,5,195,100,10186,59,4,-9999,-9999,-9999
5868,2017,9,14,6,190,96,10182,83,8,-9999,-9999,-9999
5869,2017,9,14,7,195,80,10180,66,15,-9999,-9999,-9999
5870,2017,9,14,8,192,79,10181,77,13,-9999,-9999,-9999
5871,2017,9,14,9,196,75,10182,99,26,-9999,-9999,-9999
5872,2017,9,14,10,205,79,10188,92,18,-9999,-9999,-9999
5873,2017,9,14,11,235,78,10185,39,22,-9999,-9999,-9999
5874,2017,9,14,12,257,76,10180,31,24,-9999,-9999,-9999
5875,2017,9,14,13,272,67,10171,8,34,-9999,-9999,-9999
5876,2017,9,14,14,285,69,10164,1,35,-9999,-9999,-9999
5877,2017,9,14,15,297,49,10151,313,44,-9999,-9999,-9999
5878,2017,9,14,16,307,45,10140,339,40,-9999,-9999,-9999
5879,2017,9,14,17,312,37,10133,313,44,-9999,-9999,-9999
5880,2017,9,14,18,317,39,10126,331,44,-9999,-9999,-9999
5881,2017,9,14,19,317,34,10127,318,34,-9999,-9999,-9999
5882,2017,9,14,20,312,36,10131,333,27,-9999,-9999,-9999
5883,2017,9,14,21,296,47,10141,3,10,-9999,-9999,-9999
5884,2017,9,14,22,277,62,10151,34,9,-9999,-9999,-9999
5885,2017,9,14,23,267,60,10161,346,17,-9999,-9999,-9999
5886,2017,9,15,0,265,63,10170,12,16,-9999,-9999,-9999
5887,2017,9,15,1,256,63,10178,314,12,-9999,-9999,-9999
5888,2017,9,15,2,242,66,10182,36,7,-9999,-9999,-9999
5889,2017,9,15,3,245,60,10180,309,5,-9999,-9999,-9999
5890,2017,9,15,4,241,57,10177,88,6,-9999,-9999,-9999
5891,2017,9,15,5,225,65,10178,169,7,-9999,-9999,-9999
5892,2017,9,15,6,217,67,10182,190,14,-9999,-9999,-9999
5893,2017,9,15,7,211,66,10188,183,0,-9999,-9999,-9999
5894,2017,9,15,8,206,76,10195,80,8,-9999,-9999,-9999
5895,2017,9,15,9,197,83,10203,42,7,-9999,-9999,-9999
5896,2017,9,15,10,211,77,10205,61,11,-9999,-9999,-9999
5897,2017,9,15,11,231,73,10204,67,14,-9999,-9999,-9999
5898,2017,9,15,12,255,68,10200,72,15,-9999,-9999,-9999
5899,2017,9,15,13,282,70,10191,111,5,-9999,-9999,-9999
5900,2017,9,15,14,305,61,10175,87,12,-9999,-9999,-9999
5901,2017,9,15,15,312,23,10164,85,26,-9999,-9999,-9999
5902,2017,9,15,16,311,-5,10155,112,27,-9999,-9999,-9999
5903,2017,9,15,17,327,-2,10141,29,26,-9999,-9999,-9999
5904,2017,9,15,18,322,5,10136,40,32,-9999,-9999,-9999
5905,2017,9,15,19,322,0,10136,53,18,-9999,-9999,-9999
5906,2017,9,15,20,295,80,10149,141,34,-9999,-9999,-9999
5907,2017,9,15,21,272,86,10165,125,33,-9999,-9999,-9999
5908,2017,9,15,22,236,117,10184,158,29,-9999,-9999,-9999
5909,2017,9,15,23,211,134,10204,176,28,-9999,-9999,-9999
5910,2017,9,16,0,197,133,10222,173,41,-9999,-9999,-9999
5911,2017,9,16,1,187,137,10231,181,26,-9999,-9999,-9999
5912,2017,9,16,2,185,138,10230,157,24,-9999,-9999,-9999
5913,2017,9,16,3,182,141,10227,170,25,-9999,-9999,-9999
5914,2017,9,16,4,180,141,10222,162,14,-9999,-9999,-9999
5915,2017,9,16,5,180,140,10215,142,14,-9999,-9999,-9999
5916,2017,9,16,6,177,140,10211,118,13,-9999,-9999,-9999
5917,2017,9,16,7,175,138,10209,104,21,-9999,-9999,-9999
5918,2017,9,16,8,170,136,10212,111,10,-9999,-9999,-9999
5919,2017,9,16,9,171,137,10217,102,18,-9999,-9999,-9999
5920,2017,9,16,10,171,134,10221,101,23,-9999,-9999,-9999
5921,2017,9,16,11,182,126,10226,109,21,-9999,-9999,-9999
5922,2017,9,16,12,200,125,10220,102,19,-9999,-9999,-9999
5923,2017,9,16,13,227,115,10208,76,16,-9999,-9999,-9999
5924,2017,9,16,14,245,112,10193,94,15,-9999,-9999,-9999
5925,2017,9,16,15,271,99,10174,77,20,-9999,-9999,-9999
5926,2017,9,16,16,292,79,10157,341,14,-9999,-9999,-9999
5927,2017,9,16,17,307,41,10140,140,13,-9999,-9999,-9999
5928,2017,9,16,18,311,45,10133,175,16,-9999,-9999,-9999
5929,2017,9,16,19,316,53,10132,222,7,-9999,-9999,-9999
5930,2017,9,16,20,311,55,10134,267,10,-9999,-9999,-9999
5931,2017,9,16,21,272,114,10153,140,23,-9999,-9999,-9999
5932,2017,9,16,22,227,153,10178,178,25,-9999,-9999,-9999
5933,2017,9,16,23,200,152,10198,171,30,-9999,-9999,-9999
5934,2017,9,17,0,192,154,10203,171,16,-9999,-9999,-9999
5935,2017,9,17,1,190,154,10205,195,9,-9999,-9999,-9999
5936,2017,9,17,2,190,153,10203,205,6,-9999,-9999,-9999
5937,2017,9,17,3,190,149,10197,117,2,-9999,-9999,-9999
5938,2017,9,17,4,190,149,10190,141,7,-9999,-9999,-9999
5939,2017,9,17,5,190,149,10184,125,5,-9999,-9999,-9999
5940,2017,9,17,6,187,147,10182,102,7,-9999,-9999,-9999
5941,2017,9,17,7,185,145,10182,33,4,-9999,-9999,-9999
5942,2017,9,17,8,180,141,10186,61,9,-9999,-9999,-9999
5943,2017,9,17,9,176,138,10191,71,11,-9999,-9999,-9999
5944,2017,9,17,10,187,136,10195,72,14,-9999,-9999,-9999
5945,2017,9,17,11,206,136,10195,99,11,-9999,-9999,-9999
5946,2017,9,17,12,235,116,10189,51,15,-9999,-9999,-9999
5947,2017,9,17,13,256,106,10182,90,8,-9999,-9999,-9999
5948,2017,9,17,14,287,76,10167,335,21,-9999,-9999,-9999
5949,2017,9,17,15,300,63,10156,354,17,-9999,-9999,-9999
5950,2017,9,17,16,312,50,10142,263,28,-9999,-9999,-9999
5951,2017,9,17,17,315,39,10133,57,18,-9999,-9999,-9999
5952,2017,9,17,18,315,41,10129,99,13,-9999,-9999,-9999
5953,2017,9,17,19,310,31,10130,76,7,-9999,-9999,-9999
5954,2017,9,17,20,252,149,10157,181,45,-9999,-9999,-9999
5955,2017,9,17,21,201,153,10187,161,36,-9999,-9999,-9999
5956,2017,9,17,22,195,150,10196,161,29,-9999,-9999,-9999
5957,2017,9,17,23,192,150,10207,143,20,-9999,-9999,-9999
5958,2017,9,18,0,187,149,10212,182,25,-9999,-9999,-9999
5959,2017,9,18,1,187,148,10216,172,19,-9999,-9999,-9999
5960,2017,9,18,2,187,146,10216,135,17,-9999,-9999,-9999
5961,2017,9,18,3,182,145,10214,179,24,-9999,-9999,-9999
5962,2017,9,18,4,181,141,10210,185,19,-9999,-9999,-9999
5963,2017,9,18,5,181,140,10208,182,14,-9999,-9999,-9999
5964,2017,9,18,6,177,140,10204,143,15,-9999,-9999,-9999
5965,2017,9,18,7,181,137,10202,139,17,-9999,-9999,-9999
5966,2017,9,18,8,180,133,10207,127,18,-9999,-9999,-9999
5967,2017,9,18,9,180,133,10214,119,21,-9999,-9999,-9999
5968,2017,9,18,10,182,132,10219,99,26,-9999,-9999,-9999
5969,2017,9,18,11,197,134,10218,83,15,-9999,-9999,-9999
5970,2017,9,18,12,216,134,10213,81,16,-9999,-9999,-9999
5971,2017,9,18,13,225,125,10209,87,13,-9999,-9999,-9999
5972,2017,9,18,14,250,130,10196,103,13,-9999,-9999,-9999
5973,2017,9,18,15,270,120,10181,228,15,-9999,-9999,-9999
5974,2017,9,18,18,257,155,10164,159,39,-9999,-9999,-9999
5975,2017,9,18,19,227,154,10180,170,48,-9999,-9999,-9999
5976,2017,9,18,20,205,155,10193,186,35,-9999,-9999,-9999
5977,2017,9,18,21,201,154,10199,136,20,-9999,-9999,-9999
5978,2017,9,18,22,192,153,10207,154,21,-9999,-9999,-9999
5979,2017,9,18,23,187,152,10215,117,25,-9999,-9999,-9999
5980,2017,9,19,0,187,143,10220,143,18,-9999,-9999,-9999
5981,2017,9,19,1,182,136,10222,113,25,-9999,-9999,-9999
5982,2017,9,19,2,177,133,10222,109,27,-9999,-9999,-9999
5983,2017,9,19,3,177,134,10218,113,15,-9999,-9999,-9999
5984,2017,9,19,4,175,133,10215,135,13,-9999,-9999,-9999
5985,2017,9,19,5,171,131,10212,106,22,-9999,-9999,-9999
5986,2017,9,19,6,167,131,10210,120,10,-9999,-9999,-9999
5987,2017,9,19,7,166,131,10209,103,16,-9999,-9999,-9999
5988,2017,9,19,8,167,132,10215,114,15,-9999,-9999,-9999
5989,2017,9,19,9,167,131,10221,103,14,-9999,-9999,-9999
5990,2017,9,19,10,170,132,10228,102,23,-9999,-9999,-9999
5991,2017,9,19,11,172,130,10235,123,17,-9999,-9999,-9999
5992,2017,9,19,12,182,134,10234,183,10,-9999,-9999,-9999
5993,2017,9,19,13,207,137,10224,118,16,-9999,-9999,-9999
5994,2017,9,19,14,230,132,10212,113,12,-9999,-9999,-9999
5995,2017,9,19,15,250,129,10196,122,19,-9999,-9999,-9999
5996,2017,9,19,16,272,115,10180,152,15,-9999,-9999,-9999
5997,2017,9,19,17,280,124,10168,145,22,-9999,-9999,-9999
5998,2017,9,19,18,267,143,10167,148,31,-9999,-9999,-9999
5999,2017,9,19,19,252,147,10171,153,30,-9999,-9999,-9999
6000,2017,9,19,20,240,136,10179,177,34,-9999,-9999,-9999
6001,2017,9,19,21,215,139,10192,157,25,-9999,-9999,-9999
6002,2017,9,19,22,195,141,10205,168,22,-9999,-9999,-9999
6003,2017,9,19,23,185,133,10213,145,16,-9999,-9999,-9999
6004,2017,9,20,0,185,132,10219,115,14,-9999,-9999,-9999
6005,2017,9,20,1,176,131,10222,100,27,-9999,-9999,-9999
6006,2017,9,20,2,171,131,10221,92,28,-9999,-9999,-9999
6007,2017,9,20,3,167,131,10219,117,19,-9999,-9999,-9999
6008,2017,9,20,4,165,129,10213,101,17,-9999,-9999,-9999
6009,2017,9,20,5,165,129,10207,107,13,-9999,-9999,-9999
6010,2017,9,20,6,162,129,10206,109,17,-9999,-9999,-9999
6011,2017,9,20,7,160,128,10206,110,12,-9999,-9999,-9999
6012,2017,9,20,8,157,128,10213,123,13,-9999,-9999,-9999
6013,2017,9,20,9,155,124,10225,142,15,-9999,-9999,-9999
6014,2017,9,20,10,166,129,10225,77,8,-9999,-9999,-9999
6015,2017,9,20,11,182,128,10230,132,14,-9999,-9999,-9999
6016,2017,9,20,12,205,131,10227,164,16,-9999,-9999,-9999
6017,2017,9,20,13,210,129,10225,87,23,-9999,-9999,-9999
6018,2017,9,20,14,235,126,10212,95,23,-9999,-9999,-9999
6019,2017,9,20,15,255,114,10198,130,19,-9999,-9999,-9999
6020,2017,9,20,16,272,107,10180,137,18,-9999,-9999,-9999
6021,2017,9,20,17,260,124,10178,141,23,-9999,-9999,-9999
6022,2017,9,20,18,256,140,10176,159,37,-9999,-9999,-9999
6023,2017,9,20,19,235,143,10181,125,27,-9999,-9999,-9999
6024,2017,9,20,20,221,143,10188,136,24,-9999,-9999,-9999
6025,2017,9,20,21,197,141,10199,139,20,-9999,-9999,-9999
6026,2017,9,20,22,185,141,10208,156,21,-9999,-9999,-9999
6027,2017,9,20,23,180,140,10216,142,13,-9999,-9999,-9999
6028,2017,9,21,0,180,136,10219,110,19,-9999,-9999,-9999
6029,2017,9,21,1,175,134,10221,99,24,-9999,-9999,-9999
6030,2017,9,21,2,170,133,10219,129,14,-9999,-9999,-9999
6031,2017,9,21,3,170,132,10217,128,12,-9999,-9999,-9999
6032,2017,9,21,4,167,133,10214,126,18,-9999,-9999,-9999
6033,2017,9,21,5,166,133,10209,120,13,-9999,-9999,-9999
6034,2017,9,21,6,161,132,10207,148,6,-9999,-9999,-9999
6035,2017,9,21,7,157,131,10208,163,2,-9999,-9999,-9999
6036,2017,9,21,8,160,132,10214,150,0,-9999,-9999,-9999
6037,2017,9,21,9,160,132,10222,108,2,-9999,-9999,-9999
6038,2017,9,21,10,175,138,10227,138,3,-9999,-9999,-9999
6039,2017,9,21,11,190,136,10227,134,5,-9999,-9999,-9999
6040,2017,9,21,12,215,136,10221,60,10,-9999,-9999,-9999
6041,2017,9,21,13,235,119,10211,55,10,-9999,-9999,-9999
6042,2017,9,21,14,250,115,10198,115,13,-9999,-9999,-9999
6043,2017,9,21,15,270,96,10181,115,18,-9999,-9999,-9999
6044,2017,9,21,16,280,76,10167,97,22,-9999,-9999,-9999
6045,2017,9,21,17,287,64,10155,167,22,-9999,-9999,-9999
6046,2017,9,21,18,287,58,10148,138,19,-9999,-9999,-9999
6047,2017,9,21,19,297,58,10143,202,12,-9999,-9999,-9999
6048,2017,9,21,20,285,49,10148,95,10,-9999,-9999,-9999
6049,2017,9,21,21,262,72,10157,139,20,-9999,-9999,-9999
6050,2017,9,21,22,250,120,10167,130,12,-9999,-9999,-9999
6051,2017,9,21,23,242,138,10173,111,16,-9999,-9999,-9999
6052,2017,9,22,0,232,95,10182,91,10,-9999,-9999,-9999
6053,2017,9,22,1,221,103,10185,53,2,-9999,-9999,-9999
6054,2017,9,22,2,217,105,10183,81,8,-9999,-9999,-9999
6055,2017,9,22,3,212,87,10183,85,14,-9999,-9999,-9999
6056,2017,9,22,4,205,94,10182,73,9,-9999,-9999,-9999
6057,2017,9,22,5,197,95,10183,67,9,-9999,-9999,-9999
6058,2017,9,22,6,187,94,10186,57,5,-9999,-9999,-9999
6059,2017,9,22,7,186,96,10186,48,9,-9999,-9999,-9999
6060,2017,9,22,8,177,95,10196,29,3,-9999,-9999,-9999
6061,2017,9,22,9,176,95,10202,57,8,-9999,-9999,-9999
6062,2017,9,22,10,192,99,10203,13,4,-9999,-9999,-9999
6063,2017,9,22,11,220,87,10199,10,8,-9999,-9999,-9999
6064,2017,9,22,12,245,84,10194,17,5,-9999,-9999,-9999
6065,2017,9,22,13,260,76,10183,69,12,-9999,-9999,-9999
6066,2017,9,22,14,286,63,10168,115,19,-9999,-9999,-9999
6067,2017,9,22,15,282,43,10163,348,22,-9999,-9999,-9999
6068,2017,9,22,16,286,42,10152,58,21,-9999,-9999,-9999
6069,2017,9,22,17,295,44,10140,49,16,-9999,-9999,-9999
6070,2017,9,22,18,290,35,10135,33,11,-9999,-9999,-9999
6071,2017,9,22,19,290,31,10135,15,9,-9999,-9999,-9999
6072,2017,9,22,20,281,11,10139,4,15,-9999,-9999,-9999
6073,2017,9,22,21,270,26,10144,28,27,-9999,-9999,-9999
6074,2017,9,22,22,252,39,10156,18,23,-9999,-9999,-9999
6075,2017,9,22,23,241,43,10163,45,13,-9999,-9999,-9999
6076,2017,9,23,0,232,43,10173,32,7,-9999,-9999,-9999
6077,2017,9,23,1,221,46,10175,33,4,-9999,-9999,-9999
6078,2017,9,23,2,220,48,10174,192,1,-9999,-9999,-9999
6079,2017,9,23,3,220,45,10172,92,6,-9999,-9999,-9999
6080,2017,9,23,5,210,49,10168,133,9,-9999,-9999,-9999
6081,2017,9,23,6,202,58,10170,101,11,-9999,-9999,-9999
6082,2017,9,23,7,192,66,10172,67,9,-9999,-9999,-9999
6083,2017,9,23,8,181,66,10181,3,2,-9999,-9999,-9999
6084,2017,9,23,9,185,64,10185,306,0,-9999,-9999,-9999
6085,2017,9,23,10,206,73,10187,125,7,-9999,-9999,-9999
6086,2017,9,23,11,230,60,10187,76,9,-9999,-9999,-9999
6087,2017,9,23,12,241,70,10186,67,10,-9999,-9999,-9999
6088,2017,9,23,13,262,64,10178,310,17,-9999,-9999,-9999
6089,2017,9,23,14,272,55,10169,314,16,-9999,-9999,-9999
6090,2017,9,23,15,295,57,10155,59,20,-9999,-9999,-9999
6091,2017,9,23,16,290,55,10147,70,21,-9999,-9999,-9999
6092,2017,9,23,17,302,46,10135,173,22,-9999,-9999,-9999
6093,2017,9,23,18,277,103,10140,140,48,-9999,-9999,-9999
6094,2017,9,23,19,237,147,10159,170,42,-9999,-9999,-9999
6095,2017,9,23,20,210,151,10177,185,37,-9999,-9999,-9999
6096,2017,9,23,21,202,146,10186,129,26,-9999,-9999,-9999
6097,2017,9,23,22,200,144,10191,137,25,-9999,-9999,-9999
6098,2017,9,23,23,200,139,10198,158,24,-9999,-9999,-9999
6099,2017,9,24,0,200,140,10205,133,18,-9999,-9999,-9999
6100,2017,9,24,1,200,144,10204,150,17,-9999,-9999,-9999
6101,2017,9,24,2,196,142,10207,174,31,-9999,-9999,-9999
6102,2017,9,24,3,186,140,10209,176,27,-9999,-9999,-9999
6103,2017,9,24,4,186,135,10205,162,26,-9999,-9999,-9999
6104,2017,9,24,5,185,135,10201,174,38,-9999,-9999,-9999
6105,2017,9,24,6,177,133,10197,166,31,-9999,-9999,-9999
6106,2017,9,24,7,180,132,10198,165,28,-9999,-9999,-9999
6107,2017,9,24,8,177,135,10198,178,29,-9999,-9999,-9999
6108,2017,9,24,9,180,137,10202,166,23,-9999,-9999,-9999
6109,2017,9,24,10,182,136,10208,160,19,-9999,-9999,-9999
6110,2017,9,24,11,187,138,10213,172,20,-9999,-9999,-9999
6111,2017,9,24,12,205,141,10211,188,25,-9999,-9999,-9999
6112,2017,9,24,13,216,132,10207,159,28,-9999,-9999,-9999
6113,2017,9,24,14,227,127,10201,157,32,-9999,-9999,-9999
6114,2017,9,24,15,230,120,10195,163,32,-9999,-9999,-9999
6115,2017,9,24,16,237,122,10186,151,32,-9999,-9999,-9999
6116,2017,9,24,17,237,117,10179,135,36,-9999,-9999,-9999
6117,2017,9,24,18,235,120,10176,139,36,-9999,-9999,-9999
6118,2017,9,24,19,222,123,10180,154,39,-9999,-9999,-9999
6119,2017,9,24,20,205,124,10192,144,35,-9999,-9999,-9999
6120,2017,9,24,21,195,127,10200,145,36,-9999,-9999,-9999
6121,2017,9,24,22,187,130,10207,166,36,-9999,-9999,-9999
6122,2017,9,24,23,186,128,10211,144,28,-9999,-9999,-9999
6123,2017,9,25,0,182,127,10216,140,27,-9999,-9999,-9999
6124,2017,9,25,1,180,125,10220,140,29,-9999,-9999,-9999
6125,2017,9,25,2,175,125,10220,144,27,-9999,-9999,-9999
6126,2017,9,25,3,172,121,10218,152,30,-9999,-9999,-9999
6127,2017,9,25,4,170,123,10216,159,28,-9999,-9999,-9999
6128,2017,9,25,5,166,121,10215,154,23,-9999,-9999,-9999
6129,2017,9,25,6,167,121,10213,144,21,-9999,-9999,-9999
6130,2017,9,25,7,167,124,10212,146,14,-9999,-9999,-9999
6131,2017,9,25,8,162,122,10218,145,18,-9999,-9999,-9999
6132,2017,9,25,9,165,124,10221,131,17,-9999,-9999,-9999
6133,2017,9,25,10,167,122,10226,114,31,-9999,-9999,-9999
6134,2017,9,25,11,177,125,10230,108,27,-9999,-9999,-9999
6135,2017,9,25,12,187,126,10230,85,30,-9999,-9999,-9999
6136,2017,9,25,13,205,123,10223,89,32,-9999,-9999,-9999
6137,2017,9,25,14,225,123,10213,85,30,-9999,-9999,-9999
6138,2017,9,25,15,240,110,10198,99,31,-9999,-9999,-9999
6139,2017,9,25,16,255,84,10185,113,28,-9999,-9999,-9999
6140,2017,9,25,17,252,126,10174,165,41,-9999,-9999,-9999
6141,2017,9,25,18,241,130,10176,163,45,-9999,-9999,-9999
6142,2017,9,25,19,221,127,10183,155,44,-9999,-9999,-9999
6143,2017,9,25,20,207,123,10186,167,36,-9999,-9999,-9999
6144,2017,9,25,21,190,127,10194,160,32,-9999,-9999,-9999
6145,2017,9,25,22,180,121,10203,142,25,-9999,-9999,-9999
6146,2017,9,25,23,175,119,10205,147,17,-9999,-9999,-9999
6147,2017,9,26,0,170,120,10210,148,21,-9999,-9999,-9999
6148,2017,9,26,1,167,120,10207,117,28,-9999,-9999,-9999
6149,2017,9,26,2,161,117,10208,108,20,-9999,-9999,-9999
6150,2017,9,26,3,157,112,10205,120,18,-9999,-9999,-9999
6151,2017,9,26,4,156,110,10200,120,21,-9999,-9999,-9999
6152,2017,9,26,5,155,113,10197,140,11,-9999,-9999,-9999
6153,2017,9,26,6,155,110,10192,102,20,-9999,-9999,-9999
6154,2017,9,26,7,151,110,10192,93,21,-9999,-9999,-9999
6155,2017,9,26,8,150,110,10192,76,17,-9999,-9999,-9999
6156,2017,9,26,9,147,111,10199,93,17,-9999,-9999,-9999
6157,2017,9,26,10,160,114,10201,82,14,-9999,-9999,-9999
6158,2017,9,26,11,170,114,10203,77,25,-9999,-9999,-9999
6159,2017,9,26,12,186,109,10199,71,24,-9999,-9999,-9999
6160,2017,9,26,13,210,101,10187,81,25,-9999,-9999,-9999
6161,2017,9,26,16,267,81,10142,215,11,-9999,-9999,-9999
6162,2017,9,26,18,241,130,10140,153,40,-9999,-9999,-9999
6163,2017,9,26,19,220,137,10151,153,35,-9999,-9999,-9999
6164,2017,9,26,20,202,137,10159,163,22,-9999,-9999,-9999
6165,2017,9,26,21,190,137,10168,171,20,-9999,-9999,-9999
6166,2017,9,26,22,185,131,10173,136,19,-9999,-9999,-9999
6167,2017,9,26,23,180,129,10178,155,18,-9999,-9999,-9999
6168,2017,9,27,0,177,129,10180,147,12,-9999,-9999,-9999
6169,2017,9,27,1,175,129,10177,159,9,-9999,-9999,-9999
6170,2017,9,27,2,172,129,10177,187,8,-9999,-9999,-9999
6171,2017,9,27,3,175,128,10170,145,8,-9999,-9999,-9999
6172,2017,9,27,4,172,129,10165,128,9,-9999,-9999,-9999
6173,2017,9,27,5,170,129,10159,134,4,-9999,-9999,-9999
6174,2017,9,27,6,166,127,10155,54,1,-9999,-9999,-9999
6175,2017,9,27,7,165,129,10157,74,0,-9999,-9999,-9999
6176,2017,9,27,8,165,127,10161,53,8,-9999,-9999,-9999
6177,2017,9,27,9,161,127,10165,49,3,-9999,-9999,-9999
6178,2017,9,27,10,177,131,10163,6,7,-9999,-9999,-9999
6179,2017,9,27,11,195,130,10162,81,10,-9999,-9999,-9999
6180,2017,9,27,12,222,126,10156,63,14,-9999,-9999,-9999
6181,2017,9,27,13,256,86,10141,19,10,-9999,-9999,-9999
6182,2017,9,27,14,271,75,10132,347,31,-9999,-9999,-9999
6183,2017,9,27,15,282,80,10121,296,46,-9999,-9999,-9999
6184,2017,9,27,16,290,73,10105,303,28,-9999,-9999,-9999
6185,2017,9,27,17,300,73,10094,278,36,-9999,-9999,-9999
6186,2017,9,27,18,306,65,10086,267,28,-9999,-9999,-9999
6187,2017,9,27,19,300,62,10090,256,32,-9999,-9999,-9999
6188,2017,9,27,20,292,61,10096,248,26,-9999,-9999,-9999
6189,2017,9,27,21,280,63,10103,290,12,-9999,-9999,-9999
6190,2017,9,27,22,255,128,10121,138,14,-9999,-9999,-9999
6191,2017,9,27,23,245,118,10131,115,15,-9999,-9999,-9999
6192,2017,9,28,0,235,119,10142,138,6,-9999,-9999,-9999
6193,2017,9,28,1,231,121,10145,56,13,-9999,-9999,-9999
6194,2017,9,28,2,225,122,10147,43,6,-9999,-9999,-9999
6195,2017,9,28,3,221,122,10150,161,2,-9999,-9999,-9999
6196,2017,9,28,4,220,122,10148,344,6,-9999,-9999,-9999
6197,2017,9,28,5,212,123,10149,191,0,-9999,-9999,-9999
6198,2017,9,28,6,212,123,10147,310,15,-9999,-9999,-9999
6199,2017,9,28,7,207,122,10149,332,17,-9999,-9999,-9999
6200,2017,9,28,8,202,123,10154,7,1,-9999,-9999,-9999
6201,2017,9,28,9,197,120,10164,231,2,-9999,-9999,-9999
6202,2017,9,28,10,216,132,10171,286,6,-9999,-9999,-9999
6203,2017,9,28,11,220,135,10176,173,19,-9999,-9999,-9999
6204,2017,9,28,12,232,136,10173,164,17,-9999,-9999,-9999
6205,2017,9,28,13,245,129,10167,167,21,-9999,-9999,-9999
6206,2017,9,28,14,255,129,10160,143,21,-9999,-9999,-9999
6207,2017,9,28,15,270,136,10151,163,26,-9999,-9999,-9999
6208,2017,9,28,16,267,132,10146,173,35,-9999,-9999,-9999
6209,2017,9,28,17,256,146,10148,154,44,-9999,-9999,-9999
6210,2017,9,28,18,222,149,10159,166,47,-9999,-9999,-9999
6211,2017,9,28,19,195,149,10172,178,41,-9999,-9999,-9999
6212,2017,9,28,20,187,144,10184,178,46,-9999,-9999,-9999
6213,2017,9,28,21,180,143,10194,175,51,-9999,-9999,-9999
6214,2017,9,28,22,175,146,10204,168,37,-9999,-9999,-9999
6215,2017,9,28,23,172,151,10208,136,25,-9999,-9999,-9999
6216,2017,9,29,0,170,148,10214,144,29,-9999,-9999,-9999
6217,2017,9,29,1,170,138,10216,147,24,-9999,-9999,-9999
6218,2017,9,29,2,170,143,10215,125,21,-9999,-9999,-9999
6219,2017,9,29,3,165,138,10213,118,27,-9999,-9999,-9999
6220,2017,9,29,4,171,134,10206,130,23,-9999,-9999,-9999
6221,2017,9,29,5,170,130,10197,118,27,-9999,-9999,-9999
6222,2017,9,29,6,171,127,10192,134,22,-9999,-9999,-9999
6223,2017,9,29,7,166,123,10192,139,24,-9999,-9999,-9999
6224,2017,9,29,8,166,124,10195,112,36,-9999,-9999,-9999
6225,2017,9,29,9,171,126,10195,112,29,-9999,-9999,-9999
6226,2017,9,29,10,175,127,10200,113,33,-9999,-9999,-9999
6227,2017,9,29,11,180,130,10203,131,26,-9999,-9999,-9999
6228,2017,9,29,12,190,130,10196,120,29,-9999,-9999,-9999
6229,2017,9,29,13,200,126,10187,121,32,-9999,-9999,-9999
6230,2017,9,29,14,212,130,10178,93,41,-9999,-9999,-9999
6231,2017,9,29,15,212,136,10172,123,28,-9999,-9999,-9999
6232,2017,9,29,16,210,139,10164,154,28,-9999,-9999,-9999
6233,2017,9,29,17,200,142,10158,157,36,-9999,-9999,-9999
6234,2017,9,29,18,190,139,10159,146,34,-9999,-9999,-9999
6235,2017,9,29,19,177,140,10165,146,31,-9999,-9999,-9999
6236,2017,9,29,20,182,142,10161,130,19,-9999,-9999,-9999
6237,2017,9,29,21,182,141,10162,122,27,-9999,-9999,-9999
6238,2017,9,29,22,177,149,10156,116,34,-9999,-9999,-9999
6239,2017,9,29,23,172,148,10159,112,30,-9999,-9999,-9999
6240,2017,9,30,0,171,148,10159,110,28,-9999,-9999,-9999
6241,2017,9,30,1,170,146,10175,71,7,-9999,-9999,-9999
6242,2017,9,30,2,170,151,10160,116,22,-9999,-9999,-9999
6243,2017,9,30,3,167,150,10148,80,35,-9999,-9999,-9999
6244,2017,9,30,4,167,149,10134,79,34,-9999,-9999,-9999
6245,2017,9,30,5,165,143,10127,58,35,-9999,-9999,-9999
6246,2017,9,30,6,165,145,10119,48,14,-9999,-9999,-9999
6247,2017,9,30,7,165,146,10117,46,12,-9999,-9999,-9999
6248,2017,9,30,8,167,149,10109,64,7,-9999,-9999,-9999
6249,2017,9,30,9,171,151,10113,354,1,-9999,-9999,-9999
6250,2017,9,30,10,182,159,10110,8,15,-9999,-9999,-9999
6251,2017,9,30,11,192,151,10107,341,28,-9999,-9999,-9999
6252,2017,9,30,12,197,149,10107,331,30,-9999,-9999,-9999
6253,2017,9,30,13,210,150,10098,330,48,-9999,-9999,-9999
6254,2017,9,30,14,212,142,10097,323,59,-9999,-9999,-9999
6255,2017,9,30,15,217,143,10088,329,46,-9999,-9999,-9999
6256,2017,9,30,16,207,144,10086,325,59,-9999,-9999,-9999
6257,2017,9,30,17,210,145,10074,333,38,-9999,-9999,-9999
6258,2017,9,30,18,200,148,10069,320,28,-9999,-9999,-9999
6259,2017,9,30,19,187,151,10073,293,22,-9999,-9999,-9999
6260,2017,9,30,20,192,147,10068,289,17,-9999,-9999,-9999
6261,2017,9,30,21,180,153,10074,261,14,-9999,-9999,-9999
6262,2017,9,30,22,161,143,10085,275,27,-9999,-9999,-9999
6263,2017,9,30,23,162,143,10088,284,19,-9999,-9999,-9999
6264,2017,10,1,0,165,143,10095,281,17,-9999,-9999,-9999
6265,2017,10,1,1,165,141,10094,318,31,-9999,-9999,-9999
6266,2017,10,1,2,165,140,10090,316,19,-9999,-9999,-9999
6267,2017,10,1,3,165,139,10089,289,41,-9999,-9999,-9999
6268,2017,10,1,4,166,138,10087,284,27,-9999,-9999,-9999
6269,2017,10,1,5,167,134,10082,310,39,-9999,-9999,-9999
6270,2017,10,1,6,167,132,10080,310,40,-9999,-9999,-9999
6271,2017,10,1,7,170,129,10080,304,35,-9999,-9999,-9999
6272,2017,10,1,8,170,134,10084,304,40,-9999,-9999,-9999
6273,2017,10,1,9,170,132,10086,315,63,-9999,-9999,-9999
6274,2017,10,1,10,175,130,10093,305,46,-9999,-9999,-9999
6275,2017,10,1,11,182,131,10103,309,45,-9999,-9999,-9999
6276,2017,10,1,12,192,129,10104,315,60,-9999,-9999,-9999
6277,2017,10,1,13,201,125,10100,308,67,-9999,-9999,-9999
6278,2017,10,1,14,220,125,10089,322,53,-9999,-9999,-9999
6279,2017,10,1,15,237,120,10073,331,49,-9999,-9999,-9999
6280,2017,10,1,16,250,117,10056,330,42,-9999,-9999,-9999
6281,2017,10,1,17,257,106,10045,344,38,-9999,-9999,-9999
6282,2017,10,1,18,260,107,10043,312,55,-9999,-9999,-9999
6283,2017,10,1,19,266,104,10043,325,33,-9999,-9999,-9999
6284,2017,10,1,20,257,109,10043,309,35,-9999,-9999,-9999
6285,2017,10,1,21,245,115,10046,7,13,-9999,-9999,-9999
6286,2017,10,1,22,237,116,10051,359,12,-9999,-9999,-9999
6287,2017,10,1,23,222,123,10062,352,9,-9999,-9999,-9999
6288,2017,10,2,0,217,123,10063,54,8,-9999,-9999,-9999
6289,2017,10,2,1,212,125,10063,50,7,-9999,-9999,-9999
6290,2017,10,2,2,215,120,10065,19,9,-9999,-9999,-9999
6291,2017,10,2,3,220,119,10068,335,9,-9999,-9999,-9999
6292,2017,10,2,4,211,120,10059,32,10,-9999,-9999,-9999
6293,2017,10,2,5,216,115,10047,57,13,-9999,-9999,-9999
6294,2017,10,2,6,212,112,10040,52,13,-9999,-9999,-9999
6295,2017,10,2,7,216,107,10039,44,16,-9999,-9999,-9999
6296,2017,10,2,8,212,109,10045,81,16,-9999,-9999,-9999
6297,2017,10,2,9,206,115,10049,89,17,-9999,-9999,-9999
6298,2017,10,2,10,220,110,10070,253,27,-9999,-9999,-9999
6299,2017,10,2,11,225,118,10077,289,14,-9999,-9999,-9999
6300,2017,10,2,12,227,126,10084,285,22,-9999,-9999,-9999
6301,2017,10,2,13,195,152,10110,296,60,-9999,-9999,-9999
6302,2017,10,2,14,181,156,10127,309,37,-9999,-9999,-9999
6303,2017,10,2,15,170,146,10116,296,21,-9999,-9999,-9999
6304,2017,10,2,16,167,149,10110,301,25,-9999,-9999,-9999
6305,2017,10,2,17,195,164,10094,27,9,-9999,-9999,-9999
6306,2017,10,2,18,205,149,10081,321,45,-9999,-9999,-9999
6307,2017,10,2,19,212,147,10077,337,36,-9999,-9999,-9999
6308,2017,10,2,20,205,142,10085,360,28,-9999,-9999,-9999
6309,2017,10,2,21,197,145,10096,354,25,-9999,-9999,-9999
6310,2017,10,2,22,195,146,10102,350,21,-9999,-9999,-9999
6311,2017,10,2,23,192,141,10102,31,25,-9999,-9999,-9999
6312,2017,10,3,0,195,136,10116,323,19,-9999,-9999,-9999
6313,2017,10,3,1,192,142,10120,309,36,-9999,-9999,-9999
6314,2017,10,3,2,190,136,10121,317,37,-9999,-9999,-9999
6315,2017,10,3,3,187,138,10116,324,48,-9999,-9999,-9999
6316,2017,10,3,4,186,136,10121,320,46,-9999,-9999,-9999
6317,2017,10,3,5,182,135,10115,297,38,-9999,-9999,-9999
6318,2017,10,3,6,180,137,10123,289,31,-9999,-9999,-9999
6319,2017,10,3,7,172,136,10127,328,33,-9999,-9999,-9999
6320,2017,10,3,8,171,133,10137,319,46,-9999,-9999,-9999
6321,2017,10,3,9,171,131,10142,315,30,-9999,-9999,-9999
6322,2017,10,3,10,172,135,10154,301,28,-9999,-9999,-9999
6323,2017,10,3,11,175,136,10164,303,34,-9999,-9999,-9999
6324,2017,10,3,12,147,122,10186,248,43,-9999,-9999,-9999
6325,2017,10,3,13,172,140,10176,287,16,-9999,-9999,-9999
6326,2017,10,3,14,191,140,10170,289,42,-9999,-9999,-9999
6327,2017,10,3,15,200,126,10169,303,33,-9999,-9999,-9999
6328,2017,10,3,16,205,113,10164,275,34,-9999,-9999,-9999
6329,2017,10,3,17,215,115,10157,290,39,-9999,-9999,-9999
6330,2017,10,3,18,220,92,10152,296,44,-9999,-9999,-9999
6331,2017,10,3,19,222,92,10155,315,40,-9999,-9999,-9999
6332,2017,10,3,20,217,61,10159,256,26,-9999,-9999,-9999
6333,2017,10,3,21,186,124,10178,171,28,-9999,-9999,-9999
6334,2017,10,3,22,172,125,10191,132,14,-9999,-9999,-9999
6335,2017,10,3,23,165,125,10196,132,10,-9999,-9999,-9999
6336,2017,10,4,0,162,124,10208,138,14,-9999,-9999,-9999
6337,2017,10,4,1,157,120,10214,129,12,-9999,-9999,-9999
6338,2017,10,4,3,156,121,10206,89,11,-9999,-9999,-9999
6339,2017,10,4,4,155,121,10208,70,13,-9999,-9999,-9999
6340,2017,10,4,5,152,120,10201,109,11,-9999,-9999,-9999
6341,2017,10,4,6,147,119,10201,87,15,-9999,-9999,-9999
6342,2017,10,4,7,150,117,10202,97,24,-9999,-9999,-9999
6343,2017,10,4,8,146,116,10209,96,19,-9999,-9999,-9999
6344,2017,10,4,9,142,115,10212,83,26,-9999,-9999,-9999
6345,2017,10,4,10,151,114,10220,80,31,-9999,-9999,-9999
6346,2017,10,4,11,167,110,10223,92,33,-9999,-9999,-9999
6347,2017,10,4,12,181,69,10219,90,47,-9999,-9999,-9999
6348,2017,10,4,13,191,54,10218,104,48,-9999,-9999,-9999
6349,2017,10,4,14,200,46,10212,83,42,-9999,-9999,-9999
6350,2017,10,4,15,216,43,10196,94,34,-9999,-9999,-9999
6351,2017,10,4,16,221,47,10182,108,38,-9999,-9999,-9999
6352,2017,10,4,17,231,64,10170,85,28,-9999,-9999,-9999
6353,2017,10,4,18,240,71,10158,80,25,-9999,-9999,-9999
6354,2017,10,4,19,237,73,10151,100,36,-9999,-9999,-9999
6355,2017,10,4,20,225,72,10152,92,37,-9999,-9999,-9999
6356,2017,10,4,21,215,63,10164,103,24,-9999,-9999,-9999
6357,2017,10,4,22,201,59,10175,123,18,-9999,-9999,-9999
6358,2017,10,4,23,182,43,10186,160,22,-9999,-9999,-9999
6359,2017,10,5,0,175,53,10190,140,18,-9999,-9999,-9999
6360,2017,10,5,1,172,67,10191,100,22,-9999,-9999,-9999
6361,2017,10,5,2,165,72,10188,70,27,-9999,-9999,-9999
6362,2017,10,5,3,157,80,10188,64,34,-9999,-9999,-9999
6363,2017,10,5,4,151,90,10187,70,22,-9999,-9999,-9999
6364,2017,10,5,5,146,97,10186,69,24,-9999,-9999,-9999
6365,2017,10,5,6,142,102,10179,77,36,-9999,-9999,-9999
6366,2017,10,5,7,140,104,10182,67,12,-9999,-9999,-9999
6367,2017,10,5,8,140,106,10186,69,26,-9999,-9999,-9999
6368,2017,10,5,9,142,107,10190,64,15,-9999,-9999,-9999
6369,2017,10,5,10,166,114,10189,77,18,-9999,-9999,-9999
6370,2017,10,5,11,180,116,10190,72,28,-9999,-9999,-9999
6371,2017,10,5,12,207,121,10180,70,21,-9999,-9999,-9999
6372,2017,10,5,13,236,133,10171,86,17,-9999,-9999,-9999
6373,2017,10,5,14,255,135,10158,177,14,-9999,-9999,-9999
6374,2017,10,5,15,275,131,10142,173,15,-9999,-9999,-9999
6375,2017,10,5,16,305,113,10122,3,14,-9999,-9999,-9999
6376,2017,10,5,17,307,94,10110,318,25,-9999,-9999,-9999
6377,2017,10,5,18,320,80,10101,326,22,-9999,-9999,-9999
6378,2017,10,5,19,316,80,10102,285,25,-9999,-9999,-9999
6379,2017,10,5,20,310,82,10107,311,16,-9999,-9999,-9999
6380,2017,10,5,21,257,146,10131,158,18,-9999,-9999,-9999
6381,2017,10,5,22,245,154,10144,141,14,-9999,-9999,-9999
6382,2017,10,5,23,236,158,10153,132,11,-9999,-9999,-9999
6383,2017,10,6,0,232,151,10161,100,13,-9999,-9999,-9999
6384,2017,10,6,1,227,141,10164,101,12,-9999,-9999,-9999
6385,2017,10,6,2,222,144,10167,63,12,-9999,-9999,-9999
6386,2017,10,6,3,215,149,10165,31,6,-9999,-9999,-9999
6387,2017,10,6,4,215,144,10160,66,17,-9999,-9999,-9999
6388,2017,10,6,5,206,146,10161,61,20,-9999,-9999,-9999
6389,2017,10,6,6,200,146,10161,71,17,-9999,-9999,-9999
6390,2017,10,6,7,195,147,10167,76,15,-9999,-9999,-9999
6391,2017,10,6,8,190,145,10175,76,14,-9999,-9999,-9999
6392,2017,10,6,9,190,143,10182,66,13,-9999,-9999,-9999
6393,2017,10,6,10,205,145,10182,77,20,-9999,-9999,-9999
6394,2017,10,6,11,222,145,10181,90,25,-9999,-9999,-9999
6395,2017,10,6,12,251,148,10173,70,21,-9999,-9999,-9999
6396,2017,10,6,13,275,154,10162,87,17,-9999,-9999,-9999
6397,2017,10,6,14,297,136,10148,341,16,-9999,-9999,-9999
6398,2017,10,6,15,315,140,10135,358,28,-9999,-9999,-9999
6399,2017,10,6,16,327,134,10124,5,19,-9999,-9999,-9999
6400,2017,10,6,17,326,128,10114,301,17,-9999,-9999,-9999
6401,2017,10,6,18,325,117,10107,249,39,-9999,-9999,-9999
6402,2017,10,6,19,321,109,10103,295,25,-9999,-9999,-9999
6403,2017,10,6,20,285,101,10121,88,52,-9999,-9999,-9999
6404,2017,10,6,21,242,146,10149,119,34,-9999,-9999,-9999
6405,2017,10,6,22,255,128,10148,59,32,-9999,-9999,-9999
6406,2017,10,6,23,256,112,10142,35,26,-9999,-9999,-9999
6407,2017,10,7,0,257,95,10145,65,8,-9999,-9999,-9999
6408,2017,10,7,1,257,98,10149,223,3,-9999,-9999,-9999
6409,2017,10,7,2,207,171,10189,188,50,-9999,-9999,-9999
6410,2017,10,7,3,190,162,10201,185,53,-9999,-9999,-9999
6411,2017,10,7,4,187,164,10199,180,31,-9999,-9999,-9999
6412,2017,10,7,5,190,158,10196,179,34,-9999,-9999,-9999
6413,2017,10,7,6,185,160,10181,114,39,-9999,-9999,-9999
6414,2017,10,7,7,185,152,10181,127,23,-9999,-9999,-9999
6415,2017,10,7,8,185,149,10180,102,36,-9999,-9999,-9999
6416,2017,10,7,9,186,153,10182,77,39,-9999,-9999,-9999
6417,2017,10,7,10,187,152,10204,152,28,-9999,-9999,-9999
6418,2017,10,7,11,180,153,10220,180,22,-9999,-9999,-9999
6419,2017,10,7,12,182,154,10221,145,9,-9999,-9999,-9999
6420,2017,10,7,13,182,156,10220,50,5,-9999,-9999,-9999
6421,2017,10,7,14,182,151,10210,56,15,-9999,-9999,-9999
6422,2017,10,7,15,186,148,10197,41,22,-9999,-9999,-9999
6423,2017,10,7,16,202,145,10187,43,15,-9999,-9999,-9999
6424,2017,10,7,17,197,140,10183,68,6,-9999,-9999,-9999
6425,2017,10,7,18,201,140,10178,79,9,-9999,-9999,-9999
6426,2017,10,7,19,192,140,10180,108,24,-9999,-9999,-9999
6427,2017,10,7,20,185,138,10186,112,22,-9999,-9999,-9999
6428,2017,10,7,21,187,151,10182,106,19,-9999,-9999,-9999
6429,2017,10,7,22,185,159,10185,131,17,-9999,-9999,-9999
6430,2017,10,7,23,181,156,10189,151,25,-9999,-9999,-9999
6431,2017,10,8,0,180,154,10197,135,14,-9999,-9999,-9999
6432,2017,10,8,1,180,151,10197,114,29,-9999,-9999,-9999
6433,2017,10,8,2,177,149,10192,123,14,-9999,-9999,-9999
6434,2017,10,8,3,175,146,10184,110,27,-9999,-9999,-9999
6435,2017,10,8,4,175,144,10180,127,17,-9999,-9999,-9999
6436,2017,10,8,5,176,146,10174,95,14,-9999,-9999,-9999
6437,2017,10,8,6,175,148,10161,75,24,-9999,-9999,-9999
6438,2017,10,8,7,172,147,10162,91,23,-9999,-9999,-9999
6439,2017,10,8,8,175,147,10163,113,22,-9999,-9999,-9999
6440,2017,10,8,9,177,147,10168,107,23,-9999,-9999,-9999
6441,2017,10,8,10,177,150,10174,92,24,-9999,-9999,-9999
6442,2017,10,8,11,187,158,10169,70,25,-9999,-9999,-9999
6443,2017,10,8,12,210,154,10154,62,40,-9999,-9999,-9999
6444,2017,10,8,13,227,160,10148,88,24,-9999,-9999,-9999
6445,2017,10,8,14,240,159,10141,95,23,-9999,-9999,-9999
6446,2017,10,8,15,240,158,10143,331,13,-9999,-9999,-9999
6447,2017,10,8,16,230,166,10140,203,29,-9999,-9999,-9999
6448,2017,10,8,17,232,168,10128,229,20,-9999,-9999,-9999
6449,2017,10,8,18,240,164,10120,226,8,-9999,-9999,-9999
6450,2017,10,8,19,251,166,10115,159,3,-9999,-9999,-9999
6451,2017,10,8,20,245,166,10121,111,10,-9999,-9999,-9999
6452,2017,10,8,21,240,167,10125,115,9,-9999,-9999,-9999
6453,2017,10,8,22,232,168,10132,161,0,-9999,-9999,-9999
6454,2017,10,8,23,225,170,10136,170,6,-9999,-9999,-9999
6455,2017,10,9,0,220,174,10139,95,8,-9999,-9999,-9999
6456,2017,10,9,1,215,175,10138,78,11,-9999,-9999,-9999
6457,2017,10,9,2,207,174,10133,71,13,-9999,-9999,-9999
6458,2017,10,9,3,201,172,10129,57,5,-9999,-9999,-9999
6459,2017,10,9,4,197,171,10128,96,13,-9999,-9999,-9999
6460,2017,10,9,5,191,167,10131,161,0,-9999,-9999,-9999
6461,2017,10,9,6,192,168,10125,51,1,-9999,-9999,-9999
6462,2017,10,9,7,187,165,10123,37,7,-9999,-9999,-9999
6463,2017,10,9,8,182,160,10128,50,1,-9999,-9999,-9999
6464,2017,10,9,9,187,165,10126,41,2,-9999,-9999,-9999
6465,2017,10,9,10,207,168,10130,149,5,-9999,-9999,-9999
6466,2017,10,9,11,231,164,10129,115,5,-9999,-9999,-9999
6467,2017,10,9,12,262,153,10125,114,9,-9999,-9999,-9999
6468,2017,10,9,13,277,130,10122,335,25,-9999,-9999,-9999
6469,2017,10,9,14,292,136,10122,295,21,-9999,-9999,-9999
6470,2017,10,9,15,286,135,10117,203,14,-9999,-9999,-9999
6471,2017,10,9,16,300,141,10105,328,37,-9999,-9999,-9999
6472,2017,10,9,17,295,125,10101,324,35,-9999,-9999,-9999
6473,2017,10,9,18,306,116,10092,287,38,-9999,-9999,-9999
6474,2017,10,9,19,302,127,10095,297,30,-9999,-9999,-9999
6475,2017,10,9,20,292,115,10099,305,39,-9999,-9999,-9999
6476,2017,10,9,21,282,128,10106,303,24,-9999,-9999,-9999
6477,2017,10,9,22,275,131,10111,295,6,-9999,-9999,-9999
6478,2017,10,9,23,266,138,10117,221,1,-9999,-9999,-9999
6479,2017,10,10,0,242,179,10130,110,20,-9999,-9999,-9999
6480,2017,10,10,1,240,157,10134,111,23,-9999,-9999,-9999
6481,2017,10,10,2,235,159,10133,98,17,-9999,-9999,-9999
6482,2017,10,10,3,226,150,10130,77,16,-9999,-9999,-9999
6483,2017,10,10,4,222,158,10126,76,9,-9999,-9999,-9999
6484,2017,10,10,5,217,161,10121,91,8,-9999,-9999,-9999
6485,2017,10,10,6,210,157,10121,40,0,-9999,-9999,-9999
6486,2017,10,10,7,207,159,10124,110,4,-9999,-9999,-9999
6487,2017,10,10,8,207,161,10129,84,3,-9999,-9999,-9999
6488,2017,10,10,9,207,162,10134,45,3,-9999,-9999,-9999
6489,2017,10,10,10,222,158,10131,84,18,-9999,-9999,-9999
6490,2017,10,10,11,245,164,10130,70,21,-9999,-9999,-9999
6491,2017,10,10,12,275,156,10129,43,8,-9999,-9999,-9999
6492,2017,10,10,13,297,152,10119,204,2,-9999,-9999,-9999
6493,2017,10,10,14,310,131,10110,259,13,-9999,-9999,-9999
6494,2017,10,10,16,330,101,10090,26,16,-9999,-9999,-9999
6495,2017,10,10,17,327,110,10081,277,27,-9999,-9999,-9999
6496,2017,10,10,18,335,103,10074,262,13,-9999,-9999,-9999
6497,2017,10,10,19,252,175,10116,185,38,-9999,-9999,-9999
6498,2017,10,10,20,231,168,10136,176,33,-9999,-9999,-9999
6499,2017,10,10,21,207,166,10141,247,7,-9999,-9999,-9999
6500,2017,10,10,22,216,156,10150,126,21,-9999,-9999,-9999
6501,2017,10,10,23,217,163,10153,93,31,-9999,-9999,-9999
6502,2017,10,11,0,212,162,10152,90,15,-9999,-9999,-9999
6503,2017,10,11,1,212,161,10155,113,8,-9999,-9999,-9999
6504,2017,10,11,2,212,155,10159,125,9,-9999,-9999,-9999
6505,2017,10,11,3,210,154,10151,102,19,-9999,-9999,-9999
6506,2017,10,11,4,201,153,10143,125,1,-9999,-9999,-9999
6507,2017,10,11,5,202,153,10132,79,16,-9999,-9999,-9999
6508,2017,10,11,6,200,157,10129,21,9,-9999,-9999,-9999
6509,2017,10,11,7,200,156,10127,82,10,-9999,-9999,-9999
6510,2017,10,11,8,196,155,10127,43,6,-9999,-9999,-9999
6511,2017,10,11,9,200,157,10127,119,7,-9999,-9999,-9999
6512,2017,10,11,10,220,158,10129,88,7,-9999,-9999,-9999
6513,2017,10,11,11,240,164,10130,98,13,-9999,-9999,-9999
6514,2017,10,11,12,257,168,10128,106,22,-9999,-9999,-9999
6515,2017,10,11,13,292,172,10114,9,4,-9999,-9999,-9999
6516,2017,10,11,14,312,157,10104,74,12,-9999,-9999,-9999
6517,2017,10,11,15,325,132,10094,359,17,-9999,-9999,-9999
6518,2017,10,11,16,342,112,10085,245,26,-9999,-9999,-9999
6519,2017,10,11,17,346,119,10072,253,27,-9999,-9999,-9999
6520,2017,10,11,18,335,105,10066,224,23,-9999,-9999,-9999
6521,2017,10,11,19,287,137,10092,87,36,-9999,-9999,-9999
6522,2017,10,11,20,215,176,10126,27,44,-9999,-9999,-9999
6523,2017,10,11,21,222,166,10126,199,8,-9999,-9999,-9999
6524,2017,10,11,22,235,171,10141,78,24,-9999,-9999,-9999
6525,2017,10,11,23,230,155,10142,291,3,-9999,-9999,-9999
6526,2017,10,12,0,230,161,10145,200,16,-9999,-9999,-9999
6527,2017,10,12,1,225,183,10148,179,22,-9999,-9999,-9999
6528,2017,10,12,2,215,180,10159,177,26,-9999,-9999,-9999
6529,2017,10,12,3,205,169,10168,197,16,-9999,-9999,-9999
6530,2017,10,12,4,202,157,10163,175,21,-9999,-9999,-9999
6531,2017,10,12,5,197,162,10157,169,12,-9999,-9999,-9999
6532,2017,10,12,6,200,166,10156,166,17,-9999,-9999,-9999
6533,2017,10,12,7,196,167,10153,81,20,-9999,-9999,-9999
6534,2017,10,12,8,195,166,10155,104,21,-9999,-9999,-9999
6535,2017,10,12,9,195,167,10151,37,16,-9999,-9999,-9999
6536,2017,10,12,10,217,173,10145,62,12,-9999,-9999,-9999
6537,2017,10,12,11,235,164,10138,68,12,-9999,-9999,-9999
6538,2017,10,12,12,265,159,10131,44,9,-9999,-9999,-9999
6539,2017,10,12,13,287,165,10122,77,10,-9999,-9999,-9999
6540,2017,10,12,14,307,153,10110,22,14,-9999,-9999,-9999
6541,2017,10,12,15,325,114,10099,256,22,-9999,-9999,-9999
6542,2017,10,12,16,332,116,10089,330,18,-9999,-9999,-9999
6543,2017,10,12,17,341,100,10078,335,22,-9999,-9999,-9999
6544,2017,10,12,18,340,119,10073,61,10,-9999,-9999,-9999
6545,2017,10,12,19,325,102,10077,98,17,-9999,-9999,-9999
6546,2017,10,12,20,287,157,10098,226,43,-9999,-9999,-9999
6547,2017,10,12,21,277,166,10108,224,8,-9999,-9999,-9999
6548,2017,10,12,22,267,180,10115,158,23,-9999,-9999,-9999
6549,2017,10,12,23,215,172,10145,171,43,-9999,-9999,-9999
6550,2017,10,13,0,211,168,10155,144,21,-9999,-9999,-9999
6551,2017,10,13,1,210,165,10156,142,21,-9999,-9999,-9999
6552,2017,10,13,2,206,164,10152,144,16,-9999,-9999,-9999
6553,2017,10,13,3,202,162,10147,149,15,-9999,-9999,-9999
6554,2017,10,13,4,202,160,10145,147,17,-9999,-9999,-9999
6555,2017,10,13,5,197,156,10142,112,20,-9999,-9999,-9999
6556,2017,10,13,6,195,155,10138,101,20,-9999,-9999,-9999
6557,2017,10,13,7,192,157,10137,99,17,-9999,-9999,-9999
6558,2017,10,13,8,191,158,10142,100,8,-9999,-9999,-9999
6559,2017,10,13,9,192,159,10149,125,6,-9999,-9999,-9999
6560,2017,10,13,10,212,165,10151,128,8,-9999,-9999,-9999
6561,2017,10,13,11,225,160,10149,72,13,-9999,-9999,-9999
6562,2017,10,13,12,252,167,10139,71,8,-9999,-9999,-9999
6563,2017,10,13,13,280,161,10121,79,11,-9999,-9999,-9999
6564,2017,10,13,14,310,170,10105,174,6,-9999,-9999,-9999
6565,2017,10,13,15,327,121,10090,31,19,-9999,-9999,-9999
6566,2017,10,13,16,337,115,10079,32,24,-9999,-9999,-9999
6567,2017,10,13,17,335,108,10071,121,10,-9999,-9999,-9999
6568,2017,10,13,18,335,92,10064,354,21,-9999,-9999,-9999
6569,2017,10,13,19,307,119,10069,69,8,-9999,-9999,-9999
6570,2017,10,13,20,260,139,10095,358,43,-9999,-9999,-9999
6571,2017,10,13,21,235,177,10108,180,27,-9999,-9999,-9999
6572,2017,10,13,22,250,150,10107,180,29,-9999,-9999,-9999
6573,2017,10,13,23,262,129,10107,178,14,-9999,-9999,-9999
6574,2017,10,14,0,242,148,10125,33,32,-9999,-9999,-9999
6575,2017,10,14,1,246,148,10119,4,15,-9999,-9999,-9999
6576,2017,10,14,2,257,130,10110,346,20,-9999,-9999,-9999
6577,2017,10,14,3,251,146,10111,120,13,-9999,-9999,-9999
6578,2017,10,14,4,222,162,10127,179,27,-9999,-9999,-9999
6579,2017,10,14,5,207,179,10130,211,33,-9999,-9999,-9999
6580,2017,10,14,6,210,180,10127,162,12,-9999,-9999,-9999
6581,2017,10,14,7,210,178,10121,107,13,-9999,-9999,-9999
6582,2017,10,14,8,207,177,10124,116,4,-9999,-9999,-9999
6583,2017,10,14,9,210,175,10128,70,7,-9999,-9999,-9999
6584,2017,10,14,10,216,180,10132,36,5,-9999,-9999,-9999
6585,2017,10,14,11,231,181,10131,23,2,-9999,-9999,-9999
6586,2017,10,14,12,250,166,10126,40,9,-9999,-9999,-9999
6587,2017,10,14,13,275,166,10117,107,8,-9999,-9999,-9999
6588,2017,10,14,14,286,159,10111,100,7,-9999,-9999,-9999
6589,2017,10,14,15,300,144,10102,288,9,-9999,-9999,-9999
6590,2017,10,14,16,317,138,10087,202,10,-9999,-9999,-9999
6591,2017,10,14,17,306,151,10084,144,29,-9999,-9999,-9999
6592,2017,10,14,18,252,161,10109,176,56,-9999,-9999,-9999
6593,2017,10,14,19,231,161,10129,167,40,-9999,-9999,-9999
6594,2017,10,14,20,212,164,10138,165,43,-9999,-9999,-9999
6595,2017,10,14,21,205,161,10145,167,41,-9999,-9999,-9999
6596,2017,10,14,22,205,162,10153,141,26,-9999,-9999,-9999
6597,2017,10,14,23,195,164,10169,163,26,-9999,-9999,-9999
6598,2017,10,15,0,192,157,10179,151,28,-9999,-9999,-9999
6599,2017,10,15,1,191,156,10181,149,23,-9999,-9999,-9999
6600,2017,10,15,2,187,149,10184,164,43,-9999,-9999,-9999
6601,2017,10,15,3,180,147,10177,140,28,-9999,-9999,-9999
6602,2017,10,15,4,176,147,10182,148,22,-9999,-9999,-9999
6603,2017,10,15,5,172,139,10177,136,27,-9999,-9999,-9999
6604,2017,10,15,6,170,133,10176,152,35,-9999,-9999,-9999
6605,2017,10,15,7,166,131,10181,151,31,-9999,-9999,-9999
6606,2017,10,15,8,162,124,10187,136,23,-9999,-9999,-9999
6607,2017,10,15,9,165,133,10195,135,16,-9999,-9999,-9999
6608,2017,10,15,10,166,129,10203,120,41,-9999,-9999,-9999
6609,2017,10,15,11,171,130,10207,126,30,-9999,-9999,-9999
6610,2017,10,15,12,172,131,10211,116,37,-9999,-9999,-9999
6611,2017,10,15,13,181,133,10208,122,34,-9999,-9999,-9999
6612,2017,10,15,14,180,134,10207,144,30,-9999,-9999,-9999
6613,2017,10,15,15,180,133,10205,154,34,-9999,-9999,-9999
6614,2017,10,15,16,175,136,10203,153,35,-9999,-9999,-9999
6615,2017,10,15,17,185,132,10198,149,33,-9999,-9999,-9999
6616,2017,10,15,18,180,131,10200,158,42,-9999,-9999,-9999
6617,2017,10,15,19,175,129,10201,144,34,-9999,-9999,-9999
6618,2017,10,15,20,172,122,10206,119,43,-9999,-9999,-9999
6619,2017,10,15,21,167,124,10213,121,30,-9999,-9999,-9999
6620,2017,10,15,22,165,122,10219,128,41,-9999,-9999,-9999
6621,2017,10,15,23,165,123,10226,125,33,-9999,-9999,-9999
6622,2017,10,16,0,161,125,10231,118,43,-9999,-9999,-9999
6623,2017,10,16,1,161,125,10229,119,41,-9999,-9999,-9999
6624,2017,10,16,2,160,114,10226,115,36,-9999,-9999,-9999
6625,2017,10,16,3,157,111,10223,124,31,-9999,-9999,-9999
6626,2017,10,16,4,155,116,10221,119,44,-9999,-9999,-9999
6627,2017,10,16,5,155,119,10214,120,34,-9999,-9999,-9999
6628,2017,10,16,6,157,114,10209,117,37,-9999,-9999,-9999
6629,2017,10,16,7,160,115,10211,121,33,-9999,-9999,-9999
6630,2017,10,16,8,160,112,10213,120,35,-9999,-9999,-9999
6631,2017,10,16,9,161,110,10221,117,44,-9999,-9999,-9999
6632,2017,10,16,10,167,104,10228,112,47,-9999,-9999,-9999
6633,2017,10,16,11,182,115,10228,114,41,-9999,-9999,-9999
6634,2017,10,16,12,190,111,10227,117,46,-9999,-9999,-9999
6635,2017,10,16,13,202,112,10222,110,36,-9999,-9999,-9999
6636,2017,10,16,14,220,117,10211,114,30,-9999,-9999,-9999
6637,2017,10,16,15,231,126,10198,115,30,-9999,-9999,-9999
6638,2017,10,16,16,241,132,10187,125,31,-9999,-9999,-9999
6639,2017,10,16,17,241,137,10180,146,28,-9999,-9999,-9999
6640,2017,10,16,18,222,145,10184,163,42,-9999,-9999,-9999
6641,2017,10,16,19,206,142,10188,168,44,-9999,-9999,-9999
6642,2017,10,16,20,197,142,10194,167,34,-9999,-9999,-9999
6643,2017,10,16,21,195,141,10202,140,26,-9999,-9999,-9999
6644,2017,10,16,22,187,137,10208,128,28,-9999,-9999,-9999
6645,2017,10,16,23,182,137,10217,128,28,-9999,-9999,-9999
6646,2017,10,17,0,182,138,10222,113,36,-9999,-9999,-9999
6647,2017,10,17,1,177,137,10222,119,39,-9999,-9999,-9999
6648,2017,10,17,2,177,137,10221,115,39,-9999,-9999,-9999
6649,2017,10,17,3,176,136,10218,123,31,-9999,-9999,-9999
6650,2017,10,17,4,175,136,10210,110,30,-9999,-9999,-9999
6651,2017,10,17,5,172,135,10206,113,30,-9999,-9999,-9999
6652,2017,10,17,6,172,136,10203,109,28,-9999,-9999,-9999
6653,2017,10,17,7,175,136,10205,98,29,-9999,-9999,-9999
6654,2017,10,17,8,175,136,10211,94,29,-9999,-9999,-9999
6655,2017,10,17,10,182,139,10221,104,23,-9999,-9999,-9999
6656,2017,10,17,11,187,139,10225,102,32,-9999,-9999,-9999
6657,2017,10,17,12,196,135,10224,73,41,-9999,-9999,-9999
6658,2017,10,17,13,207,141,10217,86,38,-9999,-9999,-9999
6659,2017,10,17,14,232,149,10204,76,31,-9999,-9999,-9999
6660,2017,10,17,15,246,141,10190,77,22,-9999,-9999,-9999
6661,2017,10,17,16,260,139,10175,75,24,-9999,-9999,-9999
6662,2017,10,17,17,275,124,10158,106,20,-9999,-9999,-9999
6663,2017,10,17,18,275,126,10151,119,24,-9999,-9999,-9999
6664,2017,10,17,19,282,121,10146,105,23,-9999,-9999,-9999
6665,2017,10,17,20,242,157,10161,169,33,-9999,-9999,-9999
6666,2017,10,17,21,221,157,10175,159,31,-9999,-9999,-9999
6667,2017,10,17,22,205,156,10186,170,21,-9999,-9999,-9999
6668,2017,10,17,23,197,156,10193,177,22,-9999,-9999,-9999
6669,2017,10,18,0,195,157,10197,142,13,-9999,-9999,-9999
6670,2017,10,18,1,195,159,10197,110,10,-9999,-9999,-9999
6671,2017,10,18,2,195,158,10194,99,22,-9999,-9999,-9999
6672,2017,10,18,3,190,156,10191,83,14,-9999,-9999,-9999
6673,2017,10,18,4,187,151,10185,107,19,-9999,-9999,-9999
6674,2017,10,18,5,182,148,10181,87,11,-9999,-9999,-9999
6675,2017,10,18,6,181,146,10178,82,12,-9999,-9999,-9999
6676,2017,10,18,7,185,143,10180,78,22,-9999,-9999,-9999
6677,2017,10,18,8,180,142,10188,76,29,-9999,-9999,-9999
6678,2017,10,18,9,181,145,10193,75,23,-9999,-9999,-9999
6679,2017,10,18,10,191,143,10195,69,29,-9999,-9999,-9999
6680,2017,10,18,11,217,150,10188,75,20,-9999,-9999,-9999
6681,2017,10,18,12,232,145,10182,75,23,-9999,-9999,-9999
6682,2017,10,18,13,257,149,10170,59,21,-9999,-9999,-9999
6683,2017,10,18,14,282,137,10151,80,18,-9999,-9999,-9999
6684,2017,10,18,15,290,136,10140,63,17,-9999,-9999,-9999
6685,2017,10,18,16,297,98,10127,350,26,-9999,-9999,-9999
6686,2017,10,18,17,315,96,10111,309,21,-9999,-9999,-9999
6687,2017,10,18,18,306,93,10105,314,29,-9999,-9999,-9999
6688,2017,10,18,19,312,106,10098,341,19,-9999,-9999,-9999
6689,2017,10,18,20,307,107,10103,26,15,-9999,-9999,-9999
6690,2017,10,18,21,290,109,10109,22,18,-9999,-9999,-9999
6691,2017,10,18,22,276,116,10116,13,14,-9999,-9999,-9999
6692,2017,10,18,23,272,107,10125,24,28,-9999,-9999,-9999
6693,2017,10,19,0,257,105,10135,89,20,-9999,-9999,-9999
6694,2017,10,19,1,246,103,10139,49,2,-9999,-9999,-9999
6695,2017,10,19,2,242,100,10137,73,7,-9999,-9999,-9999
6696,2017,10,19,3,240,99,10131,141,3,-9999,-9999,-9999
6697,2017,10,19,4,241,83,10123,86,12,-9999,-9999,-9999
6698,2017,10,19,5,232,84,10119,82,9,-9999,-9999,-9999
6699,2017,10,19,6,217,112,10117,87,23,-9999,-9999,-9999
6700,2017,10,19,7,210,113,10120,100,19,-9999,-9999,-9999
6701,2017,10,19,8,205,107,10132,77,23,-9999,-9999,-9999
6702,2017,10,19,9,201,109,10136,69,21,-9999,-9999,-9999
6703,2017,10,19,10,220,107,10141,74,17,-9999,-9999,-9999
6704,2017,10,19,11,240,107,10138,80,14,-9999,-9999,-9999
6705,2017,10,19,12,265,111,10130,334,6,-9999,-9999,-9999
6706,2017,10,19,13,282,100,10127,333,30,-9999,-9999,-9999
6707,2017,10,19,14,292,92,10118,344,35,-9999,-9999,-9999
6708,2017,10,19,15,302,82,10110,322,44,-9999,-9999,-9999
6709,2017,10,19,16,322,91,10096,328,29,-9999,-9999,-9999
6710,2017,10,19,17,317,72,10086,304,42,-9999,-9999,-9999
6711,2017,10,19,18,315,79,10079,317,54,-9999,-9999,-9999
6712,2017,10,19,19,312,73,10080,315,56,-9999,-9999,-9999
6713,2017,10,19,20,315,71,10083,311,38,-9999,-9999,-9999
6714,2017,10,19,21,305,75,10090,284,15,-9999,-9999,-9999
6715,2017,10,19,22,237,151,10130,193,55,-9999,-9999,-9999
6716,2017,10,19,23,222,155,10147,176,41,-9999,-9999,-9999
6717,2017,10,20,0,220,140,10155,180,27,-9999,-9999,-9999
6718,2017,10,20,1,217,128,10156,181,32,-9999,-9999,-9999
6719,2017,10,20,2,215,126,10150,168,8,-9999,-9999,-9999
6720,2017,10,20,3,215,123,10142,51,8,-9999,-9999,-9999
6721,2017,10,20,4,216,126,10133,34,16,-9999,-9999,-9999
6722,2017,10,20,5,215,125,10129,44,11,-9999,-9999,-9999
6723,2017,10,20,6,215,124,10128,157,15,-9999,-9999,-9999
6724,2017,10,20,7,192,139,10142,170,45,-9999,-9999,-9999
6725,2017,10,20,8,191,149,10149,172,37,-9999,-9999,-9999
6726,2017,10,20,9,192,143,10154,168,35,-9999,-9999,-9999
6727,2017,10,20,10,202,129,10162,169,26,-9999,-9999,-9999
6728,2017,10,20,11,197,137,10173,167,32,-9999,-9999,-9999
6729,2017,10,20,12,197,145,10178,174,30,-9999,-9999,-9999
6730,2017,10,20,13,215,147,10169,148,25,-9999,-9999,-9999
6731,2017,10,20,14,231,140,10157,116,16,-9999,-9999,-9999
6732,2017,10,20,15,245,149,10147,155,12,-9999,-9999,-9999
6733,2017,10,20,16,257,145,10134,179,30,-9999,-9999,-9999
6734,2017,10,20,17,257,152,10130,168,32,-9999,-9999,-9999
6735,2017,10,20,18,235,151,10138,137,25,-9999,-9999,-9999
6736,2017,10,20,19,216,153,10144,138,31,-9999,-9999,-9999
6737,2017,10,20,20,207,153,10155,161,30,-9999,-9999,-9999
6738,2017,10,20,21,197,155,10164,171,35,-9999,-9999,-9999
6739,2017,10,20,22,192,158,10173,138,23,-9999,-9999,-9999
6740,2017,10,20,23,190,158,10177,117,20,-9999,-9999,-9999
6741,2017,10,21,0,191,155,10180,103,24,-9999,-9999,-9999
6742,2017,10,21,1,190,152,10177,94,19,-9999,-9999,-9999
6743,2017,10,21,2,191,153,10173,86,24,-9999,-9999,-9999
6744,2017,10,21,3,191,155,10171,76,18,-9999,-9999,-9999
6745,2017,10,21,4,185,159,10170,98,22,-9999,-9999,-9999
6746,2017,10,21,5,186,159,10166,76,17,-9999,-9999,-9999
6747,2017,10,21,6,186,161,10168,83,7,-9999,-9999,-9999
6748,2017,10,21,7,185,160,10162,91,16,-9999,-9999,-9999
6749,2017,10,21,8,186,160,10168,73,2,-9999,-9999,-9999
6750,2017,10,21,9,190,158,10167,95,10,-9999,-9999,-9999
6751,2017,10,21,10,197,152,10171,84,18,-9999,-9999,-9999
6752,2017,10,21,11,207,148,10168,92,24,-9999,-9999,-9999
6753,2017,10,21,12,212,157,10172,103,18,-9999,-9999,-9999
6754,2017,10,21,13,220,157,10162,88,31,-9999,-9999,-9999
6755,2017,10,21,14,236,161,10150,77,10,-9999,-9999,-9999
6756,2017,10,21,15,247,158,10140,16,7,-9999,-9999,-9999
6757,2017,10,21,16,250,157,10133,266,9,-9999,-9999,-9999
6758,2017,10,21,17,252,143,10123,270,20,-9999,-9999,-9999
6759,2017,10,21,18,252,141,10120,307,22,-9999,-9999,-9999
6760,2017,10,21,19,250,137,10115,295,25,-9999,-9999,-9999
6761,2017,10,21,20,247,137,10117,280,20,-9999,-9999,-9999
6762,2017,10,21,21,245,136,10119,248,1,-9999,-9999,-9999
6763,2017,10,21,22,240,134,10126,209,8,-9999,-9999,-9999
6764,2017,10,21,23,231,142,10134,293,2,-9999,-9999,-9999
6765,2017,10,22,0,230,147,10136,359,4,-9999,-9999,-9999
6766,2017,10,22,1,227,145,10140,62,6,-9999,-9999,-9999
6767,2017,10,22,2,230,148,10141,297,16,-9999,-9999,-9999
6768,2017,10,22,3,225,153,10140,232,17,-9999,-9999,-9999
6769,2017,10,22,4,220,141,10139,299,29,-9999,-9999,-9999
6770,2017,10,22,5,216,137,10132,257,23,-9999,-9999,-9999
6771,2017,10,22,6,215,137,10133,289,26,-9999,-9999,-9999
6772,2017,10,22,7,217,135,10132,306,23,-9999,-9999,-9999
6773,2017,10,22,8,220,133,10140,295,33,-9999,-9999,-9999
6774,2017,10,22,9,210,138,10152,335,29,-9999,-9999,-9999
6775,2017,10,22,10,202,148,10165,315,50,-9999,-9999,-9999
6776,2017,10,22,11,202,151,10168,292,26,-9999,-9999,-9999
6777,2017,10,22,12,197,153,10174,284,34,-9999,-9999,-9999
6778,2017,10,22,13,192,149,10182,288,34,-9999,-9999,-9999
6779,2017,10,22,14,190,149,10179,296,34,-9999,-9999,-9999
6780,2017,10,22,15,195,161,10164,298,14,-9999,-9999,-9999
6781,2017,10,22,16,202,154,10153,329,26,-9999,-9999,-9999
6782,2017,10,22,17,197,158,10154,306,33,-9999,-9999,-9999
6783,2017,10,22,18,197,155,10149,322,26,-9999,-9999,-9999
6784,2017,10,22,19,192,157,10152,298,28,-9999,-9999,-9999
6785,2017,10,22,20,195,159,10153,289,34,-9999,-9999,-9999
6786,2017,10,22,21,195,162,10161,279,16,-9999,-9999,-9999
6787,2017,10,22,22,195,163,10163,297,26,-9999,-9999,-9999
6788,2017,10,22,23,192,160,10166,339,27,-9999,-9999,-9999
6789,2017,10,23,0,192,158,10169,348,19,-9999,-9999,-9999
6790,2017,10,23,1,187,160,10175,254,15,-9999,-9999,-9999
6791,2017,10,23,2,187,159,10173,286,15,-9999,-9999,-9999
6792,2017,10,23,3,186,155,10170,349,7,-9999,-9999,-9999
6793,2017,10,23,4,182,152,10164,203,13,-9999,-9999,-9999
6794,2017,10,23,5,182,153,10166,294,19,-9999,-9999,-9999
6795,2017,10,23,6,181,152,10164,219,11,-9999,-9999,-9999
6796,2017,10,23,7,175,153,10167,186,26,-9999,-9999,-9999
6797,2017,10,23,8,170,144,10177,172,35,-9999,-9999,-9999
6798,2017,10,23,9,166,132,10188,157,38,-9999,-9999,-9999
6799,2017,10,23,10,162,130,10200,133,24,-9999,-9999,-9999
6800,2017,10,23,11,167,128,10204,155,33,-9999,-9999,-9999
6801,2017,10,23,12,167,121,10208,141,31,-9999,-9999,-9999
6802,2017,10,23,13,171,122,10207,153,33,-9999,-9999,-9999
6803,2017,10,23,14,165,117,10209,149,27,-9999,-9999,-9999
6804,2017,10,23,15,162,123,10207,154,33,-9999,-9999,-9999
6805,2017,10,23,16,165,116,10202,156,32,-9999,-9999,-9999
6806,2017,10,23,17,162,116,10199,140,29,-9999,-9999,-9999
6807,2017,10,23,18,166,118,10194,147,29,-9999,-9999,-9999
6808,2017,10,23,19,152,117,10201,157,34,-9999,-9999,-9999
6809,2017,10,23,20,150,115,10204,144,26,-9999,-9999,-9999
6810,2017,10,23,21,147,113,10209,148,30,-9999,-9999,-9999
6811,2017,10,23,22,140,108,10217,154,37,-9999,-9999,-9999
6812,2017,10,23,23,140,102,10225,142,27,-9999,-9999,-9999
6813,2017,10,24,0,140,97,10225,125,33,-9999,-9999,-9999
6814,2017,10,24,1,140,97,10227,114,30,-9999,-9999,-9999
6815,2017,10,24,2,141,97,10222,109,34,-9999,-9999,-9999
6816,2017,10,24,3,141,102,10214,117,34,-9999,-9999,-9999
6817,2017,10,24,4,141,106,10206,119,27,-9999,-9999,-9999
6818,2017,10,24,5,142,108,10197,113,29,-9999,-9999,-9999
6819,2017,10,24,6,145,110,10195,114,32,-9999,-9999,-9999
6820,2017,10,24,7,145,111,10195,114,33,-9999,-9999,-9999
6821,2017,10,24,8,146,114,10195,108,30,-9999,-9999,-9999
6822,2017,10,24,9,147,115,10200,116,26,-9999,-9999,-9999
6823,2017,10,24,10,152,116,10203,102,33,-9999,-9999,-9999
6824,2017,10,24,11,162,120,10204,97,34,-9999,-9999,-9999
6825,2017,10,24,12,180,121,10200,85,37,-9999,-9999,-9999
6826,2017,10,24,13,185,123,10198,91,41,-9999,-9999,-9999
6827,2017,10,24,14,192,125,10194,92,33,-9999,-9999,-9999
6828,2017,10,24,15,200,127,10189,122,21,-9999,-9999,-9999
6829,2017,10,24,16,207,137,10179,150,24,-9999,-9999,-9999
6830,2017,10,24,17,202,134,10172,160,32,-9999,-9999,-9999
6831,2017,10,24,18,200,139,10170,150,29,-9999,-9999,-9999
6832,2017,10,24,19,185,138,10176,147,30,-9999,-9999,-9999
6833,2017,10,24,20,180,137,10179,149,28,-9999,-9999,-9999
6834,2017,10,24,21,175,136,10182,144,20,-9999,-9999,-9999
6835,2017,10,24,22,170,136,10185,141,20,-9999,-9999,-9999
6836,2017,10,24,23,170,133,10191,135,20,-9999,-9999,-9999
6837,2017,10,25,0,170,129,10195,128,20,-9999,-9999,-9999
6838,2017,10,25,1,167,133,10197,114,29,-9999,-9999,-9999
6839,2017,10,25,2,167,135,10196,116,19,-9999,-9999,-9999
6840,2017,10,25,3,167,135,10189,120,18,-9999,-9999,-9999
6841,2017,10,25,4,166,137,10183,107,27,-9999,-9999,-9999
6842,2017,10,25,5,162,141,10180,105,22,-9999,-9999,-9999
6843,2017,10,25,6,167,142,10176,95,29,-9999,-9999,-9999
6844,2017,10,25,7,170,141,10174,91,26,-9999,-9999,-9999
6845,2017,10,25,8,170,141,10174,94,30,-9999,-9999,-9999
6846,2017,10,25,9,167,142,10177,78,35,-9999,-9999,-9999
6847,2017,10,25,10,171,143,10180,87,25,-9999,-9999,-9999
6848,2017,10,25,11,180,147,10178,82,27,-9999,-9999,-9999
6849,2017,10,25,12,200,153,10174,53,16,-9999,-9999,-9999
6850,2017,10,25,13,226,159,10159,79,27,-9999,-9999,-9999
6851,2017,10,25,14,246,161,10144,92,20,-9999,-9999,-9999
6852,2017,10,25,15,261,157,10130,56,10,-9999,-9999,-9999
6853,2017,10,25,16,276,159,10115,113,18,-9999,-9999,-9999
6854,2017,10,25,17,287,161,10103,96,19,-9999,-9999,-9999
6855,2017,10,25,18,291,154,10091,69,15,-9999,-9999,-9999
6856,2017,10,25,19,290,157,10089,117,10,-9999,-9999,-9999
6857,2017,10,25,20,220,168,10118,174,44,-9999,-9999,-9999
6858,2017,10,25,21,207,165,10130,167,29,-9999,-9999,-9999
6859,2017,10,25,22,202,165,10141,187,25,-9999,-9999,-9999
6860,2017,10,25,23,197,163,10140,185,10,-9999,-9999,-9999
6861,2017,10,26,0,200,161,10141,175,26,-9999,-9999,-9999
6862,2017,10,26,1,190,156,10149,189,26,-9999,-9999,-9999
6863,2017,10,26,2,181,154,10168,236,20,-9999,-9999,-9999
6864,2017,10,26,3,180,157,10148,161,11,-9999,-9999,-9999
6865,2017,10,26,4,177,153,10138,184,5,-9999,-9999,-9999
6866,2017,10,26,5,181,155,10132,100,6,-9999,-9999,-9999
6867,2017,10,26,6,176,158,10142,284,10,-9999,-9999,-9999
6868,2017,10,26,7,176,158,10134,74,17,-9999,-9999,-9999
6869,2017,10,26,8,155,140,10173,255,25,-9999,-9999,-9999
6870,2017,10,26,9,166,149,10141,48,20,-9999,-9999,-9999
6871,2017,10,26,10,170,148,10139,35,21,-9999,-9999,-9999
6872,2017,10,26,11,182,148,10135,21,22,-9999,-9999,-9999
6873,2017,10,26,12,207,146,10135,148,13,-9999,-9999,-9999
6874,2017,10,26,13,245,150,10120,322,12,-9999,-9999,-9999
6875,2017,10,26,14,245,156,10119,321,30,-9999,-9999,-9999
6876,2017,10,26,15,255,150,10110,305,41,-9999,-9999,-9999
6877,2017,10,26,16,247,147,10106,328,44,-9999,-9999,-9999
6878,2017,10,26,17,252,160,10097,345,25,-9999,-9999,-9999
6879,2017,10,26,18,245,136,10098,301,40,-9999,-9999,-9999
6880,2017,10,26,19,216,152,10120,280,48,-9999,-9999,-9999
6881,2017,10,26,20,195,157,10133,286,38,-9999,-9999,-9999
6882,2017,10,26,21,195,149,10126,295,34,-9999,-9999,-9999
6883,2017,10,26,22,197,153,10112,28,13,-9999,-9999,-9999
6884,2017,10,26,23,197,154,10114,34,5,-9999,-9999,-9999
6885,2017,10,27,0,196,156,10116,17,9,-9999,-9999,-9999
6886,2017,10,27,1,192,154,10119,43,9,-9999,-9999,-9999
6887,2017,10,27,2,190,147,10116,1,2,-9999,-9999,-9999
6888,2017,10,27,3,186,145,10109,3,1,-9999,-9999,-9999
6889,2017,10,27,4,182,144,10098,64,10,-9999,-9999,-9999
6890,2017,10,27,5,180,143,10089,76,3,-9999,-9999,-9999
6891,2017,10,27,6,187,139,10088,1,8,-9999,-9999,-9999
6892,2017,10,27,7,202,134,10095,318,26,-9999,-9999,-9999
6893,2017,10,27,8,202,138,10102,290,16,-9999,-9999,-9999
6894,2017,10,27,9,190,144,10112,108,10,-9999,-9999,-9999
6895,2017,10,27,10,190,150,10119,160,15,-9999,-9999,-9999
6896,2017,10,27,11,200,151,10117,78,6,-9999,-9999,-9999
6897,2017,10,27,12,187,152,10137,232,33,-9999,-9999,-9999
6898,2017,10,27,13,195,168,10113,33,13,-9999,-9999,-9999
6899,2017,10,27,14,247,176,10084,350,11,-9999,-9999,-9999
6900,2017,10,27,15,250,163,10078,335,4,-9999,-9999,-9999
6901,2017,10,27,16,252,164,10072,302,20,-9999,-9999,-9999
6902,2017,10,27,17,250,168,10074,243,33,-9999,-9999,-9999
6903,2017,10,27,18,236,168,10069,262,38,-9999,-9999,-9999
6904,2017,10,27,19,235,151,10061,285,37,-9999,-9999,-9999
6905,2017,10,27,20,225,136,10076,264,37,-9999,-9999,-9999
6906,2017,10,27,21,215,129,10080,264,37,-9999,-9999,-9999
6907,2017,10,27,22,212,125,10098,317,51,-9999,-9999,-9999
6908,2017,10,27,23,185,147,10119,326,41,-9999,-9999,-9999
6909,2017,10,28,0,190,138,10113,326,33,-9999,-9999,-9999
6910,2017,10,28,1,187,136,10095,337,49,-9999,-9999,-9999
6911,2017,10,28,2,187,135,10080,344,52,-9999,-9999,-9999
6912,2017,10,28,3,190,137,10081,317,56,-9999,-9999,-9999
6913,2017,10,28,4,196,134,10079,333,50,-9999,-9999,-9999
6914,2017,10,28,5,192,132,10067,314,62,-9999,-9999,-9999
6915,2017,10,28,6,190,135,10067,331,50,-9999,-9999,-9999
6916,2017,10,28,7,190,138,10074,342,33,-9999,-9999,-9999
6917,2017,10,28,8,197,135,10073,324,52,-9999,-9999,-9999
6918,2017,10,28,9,192,139,10080,342,48,-9999,-9999,-9999
6919,2017,10,28,10,205,139,10085,333,53,-9999,-9999,-9999
6920,2017,10,28,11,216,142,10083,329,46,-9999,-9999,-9999
6921,2017,10,28,12,226,145,10085,330,59,-9999,-9999,-9999
6922,2017,10,28,13,236,145,10080,310,58,-9999,-9999,-9999
6923,2017,10,28,14,246,149,10073,305,49,-9999,-9999,-9999
6924,2017,10,28,15,260,151,10064,325,75,-9999,-9999,-9999
6925,2017,10,28,16,267,154,10059,318,66,-9999,-9999,-9999
6926,2017,10,28,17,265,151,10056,314,62,-9999,-9999,-9999
6927,2017,10,28,18,267,148,10054,303,63,-9999,-9999,-9999
6928,2017,10,28,19,276,148,10054,289,43,-9999,-9999,-9999
6929,2017,10,28,20,271,152,10062,294,40,-9999,-9999,-9999
6930,2017,10,28,21,261,155,10070,294,28,-9999,-9999,-9999
6931,2017,10,28,22,252,159,10072,321,18,-9999,-9999,-9999
6932,2017,10,28,23,247,161,10085,296,16,-9999,-9999,-9999
6933,2017,10,29,0,240,163,10095,196,1,-9999,-9999,-9999
6934,2017,10,29,1,237,164,10104,338,9,-9999,-9999,-9999
6935,2017,10,29,2,232,165,10108,316,21,-9999,-9999,-9999
6936,2017,10,29,3,230,165,10105,321,13,-9999,-9999,-9999
6937,2017,10,29,4,225,164,10105,264,14,-9999,-9999,-9999
6938,2017,10,29,5,217,165,10104,253,10,-9999,-9999,-9999
6939,2017,10,29,6,211,166,10109,241,16,-9999,-9999,-9999
6940,2017,10,29,7,210,165,10113,65,0,-9999,-9999,-9999
6941,2017,10,29,8,205,161,10124,184,27,-9999,-9999,-9999
6942,2017,10,29,9,195,151,10132,153,19,-9999,-9999,-9999
6943,2017,10,29,10,200,150,10138,101,20,-9999,-9999,-9999
6944,2017,10,29,11,200,153,10146,120,12,-9999,-9999,-9999
6945,2017,10,29,12,211,154,10149,134,9,-9999,-9999,-9999
6946,2017,10,29,13,220,157,10146,343,7,-9999,-9999,-9999
6947,2017,10,29,14,230,167,10135,339,32,-9999,-9999,-9999
6948,2017,10,29,15,240,157,10126,332,44,-9999,-9999,-9999
6949,2017,10,29,16,237,147,10121,327,38,-9999,-9999,-9999
6950,2017,10,29,17,242,154,10112,280,22,-9999,-9999,-9999
6951,2017,10,29,18,241,151,10105,264,13,-9999,-9999,-9999
6952,2017,10,29,19,222,174,10115,209,27,-9999,-9999,-9999
6953,2017,10,29,20,211,168,10112,166,15,-9999,-9999,-9999
6954,2017,10,29,21,200,163,10126,161,30,-9999,-9999,-9999
6955,2017,10,29,22,195,160,10135,151,19,-9999,-9999,-9999
6956,2017,10,29,23,191,157,10138,121,16,-9999,-9999,-9999
6957,2017,10,30,0,190,156,10135,104,16,-9999,-9999,-9999
6958,2017,10,30,1,190,155,10136,110,8,-9999,-9999,-9999
6959,2017,10,30,2,191,156,10128,96,13,-9999,-9999,-9999
6960,2017,10,30,3,191,158,10122,53,9,-9999,-9999,-9999
6961,2017,10,30,4,190,159,10117,97,22,-9999,-9999,-9999
6962,2017,10,30,5,190,159,10113,119,21,-9999,-9999,-9999
6963,2017,10,30,6,180,156,10120,174,32,-9999,-9999,-9999
6964,2017,10,30,7,180,159,10125,215,13,-9999,-9999,-9999
6965,2017,10,30,8,181,158,10115,127,15,-9999,-9999,-9999
6966,2017,10,30,9,182,158,10108,69,24,-9999,-9999,-9999
6967,2017,10,30,10,185,161,10111,84,19,-9999,-9999,-9999
6968,2017,10,30,11,190,165,10113,100,17,-9999,-9999,-9999
6969,2017,10,30,12,196,168,10109,110,25,-9999,-9999,-9999
6970,2017,10,30,13,205,171,10104,130,14,-9999,-9999,-9999
6971,2017,10,30,14,210,165,10097,118,17,-9999,-9999,-9999
6972,2017,10,30,15,225,163,10088,139,3,-9999,-9999,-9999
6973,2017,10,30,16,216,168,10083,250,19,-9999,-9999,-9999
6974,2017,10,30,17,215,169,10079,241,20,-9999,-9999,-9999
6975,2017,10,30,19,217,172,10072,220,6,-9999,-9999,-9999
6976,2017,10,30,20,220,171,10075,297,7,-9999,-9999,-9999
6977,2017,10,30,22,215,171,10067,28,14,-9999,-9999,-9999
6978,2017,10,30,23,206,166,10072,52,4,-9999,-9999,-9999
6979,2017,10,31,0,207,166,10081,321,9,-9999,-9999,-9999
6980,2017,10,31,1,207,165,10082,77,0,-9999,-9999,-9999
6981,2017,10,31,2,202,173,10081,29,5,-9999,-9999,-9999
6982,2017,10,31,3,200,172,10076,337,7,-9999,-9999,-9999
6983,2017,10,31,4,196,167,10076,251,20,-9999,-9999,-9999
6984,2017,10,31,5,182,164,10079,216,20,-9999,-9999,-9999
6985,2017,10,31,6,180,160,10080,200,8,-9999,-9999,-9999
6986,2017,10,31,7,182,160,10082,295,7,-9999,-9999,-9999
6987,2017,10,31,8,185,160,10085,288,4,-9999,-9999,-9999
6988,2017,10,31,9,186,162,10090,268,6,-9999,-9999,-9999
6989,2017,10,31,10,186,156,10101,231,16,-9999,-9999,-9999
6990,2017,10,31,11,200,157,10107,231,17,-9999,-9999,-9999
6991,2017,10,31,12,200,145,10114,224,31,-9999,-9999,-9999
6992,2017,10,31,13,210,148,10116,238,18,-9999,-9999,-9999
6993,2017,10,31,14,215,139,10113,184,34,-9999,-9999,-9999
6994,2017,10,31,15,215,144,10116,199,31,-9999,-9999,-9999
6995,2017,10,31,16,222,138,10113,209,31,-9999,-9999,-9999
6996,2017,10,31,17,216,146,10113,185,37,-9999,-9999,-9999
6997,2017,10,31,18,195,147,10123,170,56,-9999,-9999,-9999
6998,2017,10,31,19,192,142,10126,175,50,-9999,-9999,-9999
6999,2017,10,31,20,186,141,10132,171,44,-9999,-9999,-9999
7000,2017,10,31,21,180,132,10142,168,47,-9999,-9999,-9999
7001,2017,10,31,22,175,134,10152,165,24,-9999,-9999,-9999
7002,2017,10,31,23,170,125,10161,172,30,-9999,-9999,-9999
7003,2017,11,1,0,170,127,10167,163,39,-9999,-9999,-9999
7004,2017,11,1,1,165,127,10175,164,27,-9999,-9999,-9999
7005,2017,11,1,3,157,125,10175,125,23,-9999,-9999,-9999
7006,2017,11,1,4,157,121,10168,150,20,-9999,-9999,-9999
7007,2017,11,1,6,147,128,10172,125,25,-9999,-9999,-9999
7008,2017,11,1,7,147,128,10173,120,21,-9999,-9999,-9999
7009,2017,11,1,9,150,118,10182,108,27,-9999,-9999,-9999
7010,2017,11,1,10,160,116,10186,113,26,-9999,-9999,-9999
7011,2017,11,1,12,182,117,10189,141,34,-9999,-9999,-9999
7012,2017,11,1,13,170,120,10197,143,38,-9999,-9999,-9999
7013,2017,11,1,15,196,116,10184,141,30,-9999,-9999,-9999
7014,2017,11,1,16,210,118,10174,154,39,-9999,-9999,-9999
7015,2017,11,1,17,211,108,10168,136,26,-9999,-9999,-9999
7016,2017,11,1,18,215,99,10160,135,31,-9999,-9999,-9999
7017,2017,11,1,19,206,94,10164,156,40,-9999,-9999,-9999
7018,2017,11,1,20,190,79,10173,166,44,-9999,-9999,-9999
7019,2017,11,1,21,175,76,10185,157,42,-9999,-9999,-9999
7020,2017,11,1,23,157,98,10206,131,34,-9999,-9999,-9999
7021,2017,11,2,0,155,103,10217,126,38,-9999,-9999,-9999
7022,2017,11,2,1,156,106,10218,127,34,-9999,-9999,-9999
7023,2017,11,2,2,152,105,10219,121,40,-9999,-9999,-9999
7024,2017,11,2,3,150,101,10215,120,35,-9999,-9999,-9999
7025,2017,11,2,4,150,99,10210,109,38,-9999,-9999,-9999
7026,2017,11,2,5,147,100,10204,109,39,-9999,-9999,-9999
7027,2017,11,2,7,147,101,10204,116,31,-9999,-9999,-9999
7028,2017,11,2,8,146,100,10209,109,29,-9999,-9999,-9999
7029,2017,11,2,9,147,101,10214,108,33,-9999,-9999,-9999
7030,2017,11,2,10,157,96,10213,88,43,-9999,-9999,-9999
7031,2017,11,2,11,180,105,10210,94,33,-9999,-9999,-9999
7032,2017,11,2,12,190,104,10208,105,44,-9999,-9999,-9999
7033,2017,11,2,13,205,102,10201,88,37,-9999,-9999,-9999
7034,2017,11,2,14,225,113,10191,99,28,-9999,-9999,-9999
7035,2017,11,2,15,225,103,10186,92,29,-9999,-9999,-9999
7036,2017,11,2,16,250,112,10167,123,21,-9999,-9999,-9999
7037,2017,11,2,17,257,124,10154,145,31,-9999,-9999,-9999
7038,2017,11,2,18,242,131,10155,144,31,-9999,-9999,-9999
7039,2017,11,2,19,222,124,10161,150,32,-9999,-9999,-9999
7040,2017,11,2,20,205,123,10164,162,37,-9999,-9999,-9999
7041,2017,11,2,21,190,127,10170,146,24,-9999,-9999,-9999
7042,2017,11,2,22,180,126,10176,132,23,-9999,-9999,-9999
7043,2017,11,2,23,172,123,10182,106,35,-9999,-9999,-9999
7044,2017,11,3,0,171,117,10188,107,38,-9999,-9999,-9999
7045,2017,11,3,1,167,119,10192,96,24,-9999,-9999,-9999
7046,2017,11,3,2,165,124,10187,96,29,-9999,-9999,-9999
7047,2017,11,3,3,157,117,10190,78,18,-9999,-9999,-9999
7048,2017,11,3,4,155,117,10187,97,21,-9999,-9999,-9999
7049,2017,11,3,5,150,117,10185,92,24,-9999,-9999,-9999
7050,2017,11,3,6,152,121,10181,75,31,-9999,-9999,-9999
7051,2017,11,3,7,151,122,10175,79,24,-9999,-9999,-9999
7052,2017,11,3,8,150,123,10175,81,30,-9999,-9999,-9999
7053,2017,11,3,9,152,126,10178,69,20,-9999,-9999,-9999
7054,2017,11,3,10,157,126,10180,94,29,-9999,-9999,-9999
7055,2017,11,3,11,185,130,10174,75,22,-9999,-9999,-9999
7056,2017,11,3,12,210,137,10164,63,16,-9999,-9999,-9999
7057,2017,11,3,13,237,138,10145,82,18,-9999,-9999,-9999
7058,2017,11,3,14,265,145,10128,52,14,-9999,-9999,-9999
7059,2017,11,3,15,286,121,10111,273,23,-9999,-9999,-9999
7060,2017,11,3,16,292,111,10101,4,14,-9999,-9999,-9999
7061,2017,11,3,17,307,103,10085,311,16,-9999,-9999,-9999
7062,2017,11,3,18,312,97,10075,347,19,-9999,-9999,-9999
7063,2017,11,3,19,297,92,10073,16,20,-9999,-9999,-9999
7064,2017,11,3,20,302,85,10072,350,11,-9999,-9999,-9999
7065,2017,11,3,21,277,136,10079,155,18,-9999,-9999,-9999
7066,2017,11,3,23,242,161,10109,152,12,-9999,-9999,-9999
7067,2017,11,4,0,232,159,10116,179,16,-9999,-9999,-9999
7068,2017,11,4,1,230,153,10123,178,3,-9999,-9999,-9999
7069,2017,11,4,2,230,160,10127,252,19,-9999,-9999,-9999
7070,2017,11,4,3,222,157,10130,253,43,-9999,-9999,-9999
7071,2017,11,4,4,220,165,10121,261,24,-9999,-9999,-9999
7072,2017,11,4,5,210,167,10108,288,14,-9999,-9999,-9999
7073,2017,11,4,6,220,154,10092,358,14,-9999,-9999,-9999
7074,2017,11,4,7,217,154,10093,340,8,-9999,-9999,-9999
7075,2017,11,4,8,216,153,10096,113,6,-9999,-9999,-9999
7076,2017,11,4,9,220,153,10096,11,23,-9999,-9999,-9999
7077,2017,11,4,10,221,159,10103,338,33,-9999,-9999,-9999
7078,2017,11,4,11,225,159,10101,330,34,-9999,-9999,-9999
7079,2017,11,4,12,236,159,10099,333,45,-9999,-9999,-9999
7080,2017,11,4,13,260,157,10091,326,57,-9999,-9999,-9999
7081,2017,11,4,14,270,156,10086,321,56,-9999,-9999,-9999
7082,2017,11,4,15,272,155,10082,321,69,-9999,-9999,-9999
7083,2017,11,4,16,270,157,10077,315,64,-9999,-9999,-9999
7084,2017,11,4,17,277,158,10070,329,45,-9999,-9999,-9999
7085,2017,11,4,18,287,157,10055,321,38,-9999,-9999,-9999
7086,2017,11,4,19,282,158,10059,330,32,-9999,-9999,-9999
7087,2017,11,4,20,271,154,10064,332,38,-9999,-9999,-9999
7088,2017,11,4,21,262,155,10064,360,23,-9999,-9999,-9999
7089,2017,11,4,22,252,168,10086,263,15,-9999,-9999,-9999
7090,2017,11,4,23,187,171,10131,243,35,-9999,-9999,-9999
7091,2017,11,5,0,190,168,10108,19,41,-9999,-9999,-9999
7092,2017,11,5,1,197,159,10123,279,21,-9999,-9999,-9999
7093,2017,11,5,2,197,154,10107,347,21,-9999,-9999,-9999
7094,2017,11,5,3,197,151,10107,295,7,-9999,-9999,-9999
7095,2017,11,5,4,195,150,10102,320,40,-9999,-9999,-9999
7096,2017,11,5,5,195,149,10098,303,11,-9999,-9999,-9999
7097,2017,11,5,6,195,149,10098,303,26,-9999,-9999,-9999
7098,2017,11,5,7,192,149,10101,298,22,-9999,-9999,-9999
7099,2017,11,5,8,187,151,10114,222,17,-9999,-9999,-9999
7100,2017,11,5,9,190,152,10125,235,16,-9999,-9999,-9999
7101,2017,11,5,10,192,150,10135,209,12,-9999,-9999,-9999
7102,2017,11,5,11,195,148,10142,184,21,-9999,-9999,-9999
7103,2017,11,5,12,212,144,10144,167,19,-9999,-9999,-9999
7104,2017,11,5,13,197,151,10156,184,27,-9999,-9999,-9999
7105,2017,11,5,14,195,149,10162,179,27,-9999,-9999,-9999
7106,2017,11,5,15,186,157,10165,194,21,-9999,-9999,-9999
7107,2017,11,5,16,187,157,10160,192,23,-9999,-9999,-9999
7108,2017,11,5,17,180,150,10162,199,15,-9999,-9999,-9999
7109,2017,11,5,18,175,148,10163,176,33,-9999,-9999,-9999
7110,2017,11,5,19,182,150,10158,168,16,-9999,-9999,-9999
7111,2017,11,5,20,182,143,10157,181,23,-9999,-9999,-9999
7112,2017,11,5,21,175,150,10166,165,21,-9999,-9999,-9999
7113,2017,11,5,22,175,143,10169,164,30,-9999,-9999,-9999
7114,2017,11,5,23,167,143,10177,165,39,-9999,-9999,-9999
7115,2017,11,6,0,162,143,10185,176,21,-9999,-9999,-9999
7116,2017,11,6,1,161,144,10190,139,12,-9999,-9999,-9999
7117,2017,11,6,2,157,138,10188,153,25,-9999,-9999,-9999
7118,2017,11,6,3,155,132,10181,141,29,-9999,-9999,-9999
7119,2017,11,6,4,152,128,10175,140,17,-9999,-9999,-9999
7120,2017,11,6,5,155,127,10163,86,20,-9999,-9999,-9999
7121,2017,11,6,6,157,131,10161,126,14,-9999,-9999,-9999
7122,2017,11,6,7,157,135,10168,127,14,-9999,-9999,-9999
7123,2017,11,6,8,160,138,10174,155,21,-9999,-9999,-9999
7124,2017,11,6,9,162,141,10176,137,18,-9999,-9999,-9999
7125,2017,11,6,10,170,140,10183,147,19,-9999,-9999,-9999
7126,2017,11,6,11,170,137,10191,137,22,-9999,-9999,-9999
7127,2017,11,6,12,171,138,10193,154,28,-9999,-9999,-9999
7128,2017,11,6,13,182,138,10187,134,17,-9999,-9999,-9999
7129,2017,11,6,14,182,137,10183,156,33,-9999,-9999,-9999
7130,2017,11,6,15,180,136,10179,150,25,-9999,-9999,-9999
7131,2017,11,6,16,177,135,10174,147,22,-9999,-9999,-9999
7132,2017,11,6,17,185,127,10168,149,25,-9999,-9999,-9999
7133,2017,11,6,18,175,136,10166,131,24,-9999,-9999,-9999
7134,2017,11,6,19,171,127,10165,120,31,-9999,-9999,-9999
7135,2017,11,6,20,170,127,10163,135,25,-9999,-9999,-9999
7136,2017,11,6,21,155,128,10174,131,29,-9999,-9999,-9999
7137,2017,11,6,22,162,120,10175,118,30,-9999,-9999,-9999
7138,2017,11,6,23,160,120,10182,101,29,-9999,-9999,-9999
7139,2017,11,7,0,160,121,10185,98,44,-9999,-9999,-9999
7140,2017,11,7,1,160,116,10184,108,28,-9999,-9999,-9999
7141,2017,11,7,2,160,115,10185,98,31,-9999,-9999,-9999
7142,2017,11,7,3,156,117,10180,104,33,-9999,-9999,-9999
7143,2017,11,7,4,152,115,10172,112,28,-9999,-9999,-9999
7144,2017,11,7,5,150,114,10168,130,17,-9999,-9999,-9999
7145,2017,11,7,6,147,113,10165,113,29,-9999,-9999,-9999
7146,2017,11,7,7,147,113,10164,106,30,-9999,-9999,-9999
7147,2017,11,7,8,151,116,10171,107,23,-9999,-9999,-9999
7148,2017,11,7,9,155,116,10174,105,23,-9999,-9999,-9999
7149,2017,11,7,10,165,107,10173,104,38,-9999,-9999,-9999
7150,2017,11,7,11,185,106,10169,89,41,-9999,-9999,-9999
7151,2017,11,7,12,197,93,10169,105,33,-9999,-9999,-9999
7152,2017,11,7,13,207,95,10163,120,36,-9999,-9999,-9999
7153,2017,11,7,14,225,101,10154,123,40,-9999,-9999,-9999
7154,2017,11,7,15,227,114,10146,135,22,-9999,-9999,-9999
7155,2017,11,7,16,220,121,10146,148,32,-9999,-9999,-9999
7156,2017,11,7,17,207,133,10147,155,37,-9999,-9999,-9999
7157,2017,11,7,18,206,133,10143,137,28,-9999,-9999,-9999
7158,2017,11,7,19,192,134,10148,148,37,-9999,-9999,-9999
7159,2017,11,7,20,180,135,10153,155,34,-9999,-9999,-9999
7160,2017,11,7,21,175,133,10156,140,31,-9999,-9999,-9999
7161,2017,11,7,22,172,132,10159,135,26,-9999,-9999,-9999
7162,2017,11,7,23,172,128,10159,111,38,-9999,-9999,-9999
7163,2017,11,8,0,167,129,10164,116,43,-9999,-9999,-9999
7164,2017,11,8,1,167,128,10163,103,41,-9999,-9999,-9999
7165,2017,11,8,2,167,128,10158,109,37,-9999,-9999,-9999
7166,2017,11,8,3,165,125,10151,112,34,-9999,-9999,-9999
7167,2017,11,8,4,165,123,10143,98,30,-9999,-9999,-9999
7168,2017,11,8,5,165,123,10144,99,34,-9999,-9999,-9999
7169,2017,11,8,6,162,122,10146,107,23,-9999,-9999,-9999
7170,2017,11,8,7,161,121,10151,102,23,-9999,-9999,-9999
7171,2017,11,8,8,162,121,10153,85,31,-9999,-9999,-9999
7172,2017,11,8,9,162,123,10158,101,31,-9999,-9999,-9999
7173,2017,11,8,10,167,124,10160,70,36,-9999,-9999,-9999
7174,2017,11,8,11,176,127,10158,77,36,-9999,-9999,-9999
7175,2017,11,8,12,197,131,10147,74,35,-9999,-9999,-9999
7176,2017,11,8,13,196,129,10145,92,30,-9999,-9999,-9999
7177,2017,11,8,14,220,133,10131,106,30,-9999,-9999,-9999
7178,2017,11,8,15,246,141,10116,48,15,-9999,-9999,-9999
7179,2017,11,8,16,260,146,10107,274,17,-9999,-9999,-9999
7180,2017,11,8,17,260,147,10105,191,7,-9999,-9999,-9999
7181,2017,11,8,18,241,147,10107,179,27,-9999,-9999,-9999
7182,2017,11,8,19,222,149,10111,176,30,-9999,-9999,-9999
7183,2017,11,8,20,207,147,10118,173,32,-9999,-9999,-9999
7184,2017,11,8,21,197,149,10123,173,32,-9999,-9999,-9999
7185,2017,11,8,22,185,148,10136,174,33,-9999,-9999,-9999
7186,2017,11,8,23,182,149,10141,173,27,-9999,-9999,-9999
7187,2017,11,9,0,182,149,10146,150,9,-9999,-9999,-9999
7188,2017,11,9,1,181,146,10151,128,13,-9999,-9999,-9999
7189,2017,11,9,2,182,145,10147,117,15,-9999,-9999,-9999
7190,2017,11,9,3,181,145,10142,126,15,-9999,-9999,-9999
7191,2017,11,9,4,180,143,10139,180,14,-9999,-9999,-9999
7192,2017,11,9,5,177,146,10137,179,16,-9999,-9999,-9999
7193,2017,11,9,6,176,149,10136,173,17,-9999,-9999,-9999
7194,2017,11,9,7,176,151,10138,159,4,-9999,-9999,-9999
7195,2017,11,9,8,181,150,10141,86,4,-9999,-9999,-9999
7196,2017,11,9,9,185,148,10147,105,13,-9999,-9999,-9999
7197,2017,11,9,10,192,151,10148,88,12,-9999,-9999,-9999
7198,2017,11,9,11,201,147,10150,98,15,-9999,-9999,-9999
7199,2017,11,9,12,210,152,10145,96,14,-9999,-9999,-9999
7200,2017,11,9,13,232,157,10134,83,18,-9999,-9999,-9999
7201,2017,11,9,14,235,158,10127,145,13,-9999,-9999,-9999
7202,2017,11,9,15,261,161,10114,342,15,-9999,-9999,-9999
7203,2017,11,9,16,256,155,10107,23,19,-9999,-9999,-9999
7204,2017,11,9,17,217,191,10114,146,15,-9999,-9999,-9999
7205,2017,11,9,18,252,169,10095,217,22,-9999,-9999,-9999
7206,2017,11,9,19,220,175,10107,189,31,-9999,-9999,-9999
7207,2017,11,9,20,210,171,10115,185,20,-9999,-9999,-9999
7208,2017,11,9,21,205,174,10115,122,13,-9999,-9999,-9999
7209,2017,11,9,22,202,172,10119,136,16,-9999,-9999,-9999
7210,2017,11,9,23,200,169,10125,185,5,-9999,-9999,-9999
7211,2017,11,10,0,200,168,10129,173,2,-9999,-9999,-9999
7212,2017,11,10,1,200,166,10132,90,3,-9999,-9999,-9999
7213,2017,11,10,2,197,165,10131,124,6,-9999,-9999,-9999
7214,2017,11,10,3,195,166,10122,90,11,-9999,-9999,-9999
7215,2017,11,10,4,192,165,10118,33,0,-9999,-9999,-9999
7216,2017,11,10,5,187,164,10120,191,1,-9999,-9999,-9999
7217,2017,11,10,6,187,165,10118,64,4,-9999,-9999,-9999
7218,2017,11,10,7,185,164,10117,76,7,-9999,-9999,-9999
7219,2017,11,10,8,182,162,10121,19,2,-9999,-9999,-9999
7220,2017,11,10,9,195,167,10126,37,10,-9999,-9999,-9999
7221,2017,11,10,10,212,169,10117,98,9,-9999,-9999,-9999
7222,2017,11,10,11,235,151,10108,337,26,-9999,-9999,-9999
7223,2017,11,10,12,265,160,10092,6,21,-9999,-9999,-9999
7224,2017,11,10,13,266,161,10083,326,31,-9999,-9999,-9999
7225,2017,11,10,14,270,149,10077,319,42,-9999,-9999,-9999
7226,2017,11,10,15,290,142,10061,341,36,-9999,-9999,-9999
7227,2017,11,10,16,295,152,10043,11,38,-9999,-9999,-9999
7228,2017,11,10,17,287,144,10038,344,37,-9999,-9999,-9999
7229,2017,11,10,18,280,144,10036,344,33,-9999,-9999,-9999
7230,2017,11,10,19,285,148,10025,330,31,-9999,-9999,-9999
7231,2017,11,10,20,277,151,10028,345,26,-9999,-9999,-9999
7232,2017,11,10,21,242,182,10045,353,14,-9999,-9999,-9999
7233,2017,11,10,22,247,171,10047,50,6,-9999,-9999,-9999
7234,2017,11,10,23,202,168,10070,341,39,-9999,-9999,-9999
7235,2017,11,11,0,211,171,10074,267,23,-9999,-9999,-9999
7236,2017,11,11,1,205,172,10077,268,8,-9999,-9999,-9999
7237,2017,11,11,2,182,161,10091,222,23,-9999,-9999,-9999
7238,2017,11,11,3,186,166,10075,46,18,-9999,-9999,-9999
7239,2017,11,11,4,185,165,10068,66,17,-9999,-9999,-9999
7240,2017,11,11,5,187,165,10065,58,14,-9999,-9999,-9999
7241,2017,11,11,6,187,163,10065,210,4,-9999,-9999,-9999
7242,2017,11,11,7,190,164,10065,236,0,-9999,-9999,-9999
7243,2017,11,11,8,192,168,10068,222,11,-9999,-9999,-9999
7244,2017,11,11,9,190,165,10077,235,13,-9999,-9999,-9999
7245,2017,11,11,10,195,158,10082,222,20,-9999,-9999,-9999
7246,2017,11,11,11,197,157,10085,191,24,-9999,-9999,-9999
7247,2017,11,11,12,196,154,10089,199,19,-9999,-9999,-9999
7248,2017,11,11,13,195,153,10089,180,30,-9999,-9999,-9999
7249,2017,11,11,14,215,157,10080,177,16,-9999,-9999,-9999
7250,2017,11,11,15,195,150,10087,169,26,-9999,-9999,-9999
7251,2017,11,11,16,185,145,10089,166,31,-9999,-9999,-9999
7252,2017,11,11,17,182,142,10086,160,38,-9999,-9999,-9999
7253,2017,11,11,18,182,143,10085,176,35,-9999,-9999,-9999
7254,2017,11,11,19,182,139,10085,148,22,-9999,-9999,-9999
7255,2017,11,11,20,176,136,10087,171,25,-9999,-9999,-9999
7256,2017,11,11,21,177,127,10089,126,22,-9999,-9999,-9999
7257,2017,11,11,22,175,119,10094,102,23,-9999,-9999,-9999
7258,2017,11,11,23,170,106,10102,111,18,-9999,-9999,-9999
7259,2017,11,12,0,162,100,10109,81,13,-9999,-9999,-9999
7260,2017,11,12,1,157,91,10109,58,8,-9999,-9999,-9999
7261,2017,11,12,2,150,114,10108,45,4,-9999,-9999,-9999
7262,2017,11,12,3,150,117,10101,95,7,-9999,-9999,-9999
7263,2017,11,12,4,145,116,10094,34,1,-9999,-9999,-9999
7264,2017,11,12,5,137,106,10091,3,2,-9999,-9999,-9999
7265,2017,11,12,6,136,97,10092,79,0,-9999,-9999,-9999
7266,2017,11,12,7,127,87,10097,255,4,-9999,-9999,-9999
7267,2017,11,12,8,130,86,10098,11,3,-9999,-9999,-9999
7268,2017,11,12,9,157,106,10095,218,2,-9999,-9999,-9999
7269,2017,11,12,10,170,80,10099,272,3,-9999,-9999,-9999
7270,2017,11,12,11,200,93,10094,266,10,-9999,-9999,-9999
7271,2017,11,12,12,217,82,10089,245,23,-9999,-9999,-9999
7272,2017,11,12,13,237,59,10083,238,22,-9999,-9999,-9999
7273,2017,11,12,14,242,63,10074,311,27,-9999,-9999,-9999
7274,2017,11,12,15,252,76,10064,304,35,-9999,-9999,-9999
7275,2017,11,12,16,262,57,10054,297,39,-9999,-9999,-9999
7276,2017,11,12,17,275,44,10048,270,38,-9999,-9999,-9999
7277,2017,11,12,18,276,35,10045,270,44,-9999,-9999,-9999
7278,2017,11,12,19,282,18,10041,253,35,-9999,-9999,-9999
7279,2017,11,12,20,275,-9,10047,254,28,-9999,-9999,-9999
7280,2017,11,12,21,257,31,10055,277,22,-9999,-9999,-9999
7281,2017,11,12,22,247,33,10067,292,15,-9999,-9999,-9999
7282,2017,11,12,23,235,42,10077,316,23,-9999,-9999,-9999
7283,2017,11,13,0,226,54,10089,307,23,-9999,-9999,-9999
7284,2017,11,13,1,221,60,10094,305,25,-9999,-9999,-9999
7285,2017,11,13,2,215,66,10097,306,25,-9999,-9999,-9999
7286,2017,11,13,3,212,63,10092,306,26,-9999,-9999,-9999
7287,2017,11,13,4,182,99,10109,175,40,-9999,-9999,-9999
7288,2017,11,13,5,166,96,10118,169,30,-9999,-9999,-9999
7289,2017,11,13,6,160,115,10122,172,22,-9999,-9999,-9999
7290,2017,11,13,7,165,117,10121,109,14,-9999,-9999,-9999
7291,2017,11,13,8,166,116,10125,141,18,-9999,-9999,-9999
7292,2017,11,13,9,165,113,10134,136,22,-9999,-9999,-9999
7293,2017,11,13,10,172,113,10140,113,23,-9999,-9999,-9999
7294,2017,11,13,11,191,113,10140,86,19,-9999,-9999,-9999
7295,2017,11,13,12,205,110,10138,137,18,-9999,-9999,-9999
7296,2017,11,13,13,222,96,10132,151,20,-9999,-9999,-9999
7297,2017,11,13,14,242,82,10122,166,17,-9999,-9999,-9999
7298,2017,11,13,15,247,77,10113,224,23,-9999,-9999,-9999
7299,2017,11,13,16,266,71,10102,144,18,-9999,-9999,-9999
7300,2017,11,13,17,257,110,10099,155,34,-9999,-9999,-9999
7301,2017,11,13,18,252,119,10101,160,38,-9999,-9999,-9999
7302,2017,11,13,19,241,119,10106,155,32,-9999,-9999,-9999
7303,2017,11,13,20,225,117,10116,168,30,-9999,-9999,-9999
7304,2017,11,13,21,202,119,10128,143,27,-9999,-9999,-9999
7305,2017,11,13,22,185,121,10144,153,25,-9999,-9999,-9999
7306,2017,11,13,23,170,120,10154,137,19,-9999,-9999,-9999
7307,2017,11,14,0,162,110,10162,147,18,-9999,-9999,-9999
7308,2017,11,14,1,161,103,10163,118,15,-9999,-9999,-9999
7309,2017,11,14,2,155,102,10165,92,20,-9999,-9999,-9999
7310,2017,11,14,3,152,93,10162,109,16,-9999,-9999,-9999
7311,2017,11,14,4,146,102,10157,83,15,-9999,-9999,-9999
7312,2017,11,14,5,142,99,10153,76,22,-9999,-9999,-9999
7313,2017,11,14,6,140,98,10153,90,23,-9999,-9999,-9999
7314,2017,11,14,7,135,96,10158,97,22,-9999,-9999,-9999
7315,2017,11,14,8,132,100,10165,97,14,-9999,-9999,-9999
7316,2017,11,14,9,141,101,10172,105,22,-9999,-9999,-9999
7317,2017,11,14,10,161,103,10173,86,19,-9999,-9999,-9999
7318,2017,11,14,11,176,94,10170,103,33,-9999,-9999,-9999
7319,2017,11,14,12,205,89,10165,91,31,-9999,-9999,-9999
7320,2017,11,14,13,222,58,10160,76,39,-9999,-9999,-9999
7321,2017,11,14,14,240,55,10148,88,35,-9999,-9999,-9999
7322,2017,11,14,15,262,39,10132,122,28,-9999,-9999,-9999
7323,2017,11,14,16,267,43,10122,82,32,-9999,-9999,-9999
7324,2017,11,14,17,280,76,10111,139,36,-9999,-9999,-9999
7325,2017,11,14,18,265,95,10114,156,40,-9999,-9999,-9999
7326,2017,11,14,19,251,103,10117,159,39,-9999,-9999,-9999
7327,2017,11,14,20,235,110,10127,154,37,-9999,-9999,-9999
7328,2017,11,14,21,207,113,10141,160,34,-9999,-9999,-9999
7329,2017,11,14,22,185,122,10154,155,32,-9999,-9999,-9999
7330,2017,11,14,23,177,123,10163,133,20,-9999,-9999,-9999
7331,2017,11,15,0,175,116,10168,127,21,-9999,-9999,-9999
7332,2017,11,15,1,170,116,10170,116,23,-9999,-9999,-9999
7333,2017,11,15,2,167,95,10168,103,39,-9999,-9999,-9999
7334,2017,11,15,3,162,87,10164,104,31,-9999,-9999,-9999
7335,2017,11,15,4,157,90,10157,90,19,-9999,-9999,-9999
7336,2017,11,15,5,157,93,10152,88,24,-9999,-9999,-9999
7337,2017,11,15,6,152,89,10154,70,21,-9999,-9999,-9999
7338,2017,11,15,7,150,88,10154,84,22,-9999,-9999,-9999
7339,2017,11,15,8,147,91,10157,81,34,-9999,-9999,-9999
7340,2017,11,15,9,160,104,10160,78,35,-9999,-9999,-9999
7341,2017,11,15,10,172,111,10159,76,32,-9999,-9999,-9999
7342,2017,11,15,11,195,112,10155,71,20,-9999,-9999,-9999
7343,2017,11,15,12,226,123,10145,80,20,-9999,-9999,-9999
7344,2017,11,15,13,250,125,10134,85,19,-9999,-9999,-9999
7345,2017,11,15,14,286,140,10114,358,10,-9999,-9999,-9999
7346,2017,11,15,15,300,122,10102,338,22,-9999,-9999,-9999
7347,2017,11,15,16,305,125,10093,345,27,-9999,-9999,-9999
7348,2017,11,15,17,316,95,10080,339,27,-9999,-9999,-9999
7349,2017,11,15,18,307,106,10075,323,36,-9999,-9999,-9999
7350,2017,11,15,19,320,93,10068,307,23,-9999,-9999,-9999
7351,2017,11,15,20,317,78,10069,306,16,-9999,-9999,-9999
7352,2017,11,15,21,292,141,10083,131,17,-9999,-9999,-9999
7353,2017,11,15,22,272,156,10094,169,17,-9999,-9999,-9999
7354,2017,11,15,23,270,152,10103,2,3,-9999,-9999,-9999
7355,2017,11,16,0,265,149,10111,304,17,-9999,-9999,-9999
7356,2017,11,16,1,252,143,10116,350,0,-9999,-9999,-9999
7357,2017,11,16,2,247,145,10114,19,16,-9999,-9999,-9999
7358,2017,11,16,3,236,146,10115,359,3,-9999,-9999,-9999
7359,2017,11,16,4,235,147,10112,78,15,-9999,-9999,-9999
7360,2017,11,16,5,226,147,10113,52,6,-9999,-9999,-9999
7361,2017,11,16,6,221,146,10113,69,2,-9999,-9999,-9999
7362,2017,11,16,7,212,148,10118,38,2,-9999,-9999,-9999
7363,2017,11,16,8,210,145,10122,119,1,-9999,-9999,-9999
7364,2017,11,16,9,230,157,10126,144,1,-9999,-9999,-9999
7365,2017,11,16,10,250,138,10126,27,21,-9999,-9999,-9999
7366,2017,11,16,11,270,137,10125,33,23,-9999,-9999,-9999
7367,2017,11,16,12,276,133,10129,331,25,-9999,-9999,-9999
7368,2017,11,16,13,285,135,10122,332,35,-9999,-9999,-9999
7369,2017,11,16,14,301,137,10114,322,46,-9999,-9999,-9999
7370,2017,11,16,15,301,129,10108,312,53,-9999,-9999,-9999
7371,2017,11,16,16,302,129,10099,286,47,-9999,-9999,-9999
7372,2017,11,16,17,312,125,10081,313,45,-9999,-9999,-9999
7373,2017,11,16,18,310,119,10068,315,41,-9999,-9999,-9999
7374,2017,11,16,19,307,124,10059,341,45,-9999,-9999,-9999
7375,2017,11,16,20,260,118,10078,336,70,-9999,-9999,-9999
7376,2017,11,16,21,225,136,10111,96,33,-9999,-9999,-9999
7377,2017,11,16,22,222,141,10105,68,33,-9999,-9999,-9999
7378,2017,11,16,23,230,136,10126,298,18,-9999,-9999,-9999
7379,2017,11,17,0,235,127,10119,144,12,-9999,-9999,-9999
7380,2017,11,17,1,232,127,10116,157,15,-9999,-9999,-9999
7381,2017,11,17,2,225,141,10108,55,11,-9999,-9999,-9999
7382,2017,11,17,3,220,134,10102,23,3,-9999,-9999,-9999
7383,2017,11,17,5,221,128,10102,21,8,-9999,-9999,-9999
7384,2017,11,17,6,217,127,10102,5,9,-9999,-9999,-9999
7385,2017,11,17,7,220,132,10099,273,4,-9999,-9999,-9999
7386,2017,11,17,8,210,134,10131,273,35,-9999,-9999,-9999
7387,2017,11,17,9,186,156,10145,329,13,-9999,-9999,-9999
7388,2017,11,17,10,191,163,10139,83,2,-9999,-9999,-9999
7389,2017,11,17,11,212,164,10137,355,12,-9999,-9999,-9999
7390,2017,11,17,12,217,160,10126,10,20,-9999,-9999,-9999
7391,2017,11,17,13,230,157,10113,27,14,-9999,-9999,-9999
7392,2017,11,17,14,252,153,10102,17,18,-9999,-9999,-9999
7393,2017,11,17,15,256,145,10096,316,33,-9999,-9999,-9999
7394,2017,11,17,16,265,134,10085,323,30,-9999,-9999,-9999
7395,2017,11,17,17,286,158,10070,315,21,-9999,-9999,-9999
7396,2017,11,17,18,280,134,10061,310,31,-9999,-9999,-9999
7397,2017,11,17,19,212,165,10090,218,44,-9999,-9999,-9999
7398,2017,11,17,20,202,179,10094,71,14,-9999,-9999,-9999
7399,2017,11,17,21,195,171,10114,35,21,-9999,-9999,-9999
7400,2017,11,17,22,195,172,10115,72,31,-9999,-9999,-9999
7401,2017,11,17,23,192,160,10128,60,14,-9999,-9999,-9999
7402,2017,11,18,0,192,161,10125,61,12,-9999,-9999,-9999
7403,2017,11,18,1,196,165,10122,21,3,-9999,-9999,-9999
7404,2017,11,18,2,195,165,10112,58,2,-9999,-9999,-9999
7405,2017,11,18,3,195,163,10105,69,15,-9999,-9999,-9999
7406,2017,11,18,4,186,160,10103,78,21,-9999,-9999,-9999
7407,2017,11,18,5,186,161,10097,64,17,-9999,-9999,-9999
7408,2017,11,18,6,187,159,10094,49,12,-9999,-9999,-9999
7409,2017,11,18,7,190,159,10089,65,10,-9999,-9999,-9999
7410,2017,11,18,8,185,158,10091,107,8,-9999,-9999,-9999
7411,2017,11,18,9,197,162,10090,61,12,-9999,-9999,-9999
7412,2017,11,18,10,212,158,10094,64,11,-9999,-9999,-9999
7413,2017,11,18,11,247,151,10081,71,11,-9999,-9999,-9999
7414,2017,11,18,12,250,148,10082,20,28,-9999,-9999,-9999
7415,2017,11,18,13,256,155,10077,335,48,-9999,-9999,-9999
7416,2017,11,18,14,271,146,10069,332,47,-9999,-9999,-9999
7417,2017,11,18,15,275,148,10061,317,50,-9999,-9999,-9999
7418,2017,11,18,16,276,153,10053,324,50,-9999,-9999,-9999
7419,2017,11,18,17,280,160,10040,327,50,-9999,-9999,-9999
7420,2017,11,18,18,287,152,10031,321,42,-9999,-9999,-9999
7421,2017,11,18,19,282,143,10034,314,37,-9999,-9999,-9999
7422,2017,11,18,20,217,180,10065,130,28,-9999,-9999,-9999
7423,2017,11,18,21,215,181,10065,99,14,-9999,-9999,-9999
7424,2017,11,18,22,210,179,10072,83,30,-9999,-9999,-9999
7425,2017,11,18,23,197,179,10091,61,13,-9999,-9999,-9999
7426,2017,11,19,0,190,173,10104,317,9,-9999,-9999,-9999
7427,2017,11,19,1,192,176,10098,129,3,-9999,-9999,-9999
7428,2017,11,19,2,202,179,10086,16,35,-9999,-9999,-9999
7429,2017,11,19,3,202,171,10084,239,16,-9999,-9999,-9999
7430,2017,11,19,4,207,172,10080,323,37,-9999,-9999,-9999
7431,2017,11,19,5,206,171,10076,320,38,-9999,-9999,-9999
7432,2017,11,19,6,206,172,10071,322,42,-9999,-9999,-9999
7433,2017,11,19,7,207,170,10073,299,30,-9999,-9999,-9999
7434,2017,11,19,8,210,167,10081,315,42,-9999,-9999,-9999
7435,2017,11,19,9,210,168,10085,317,48,-9999,-9999,-9999
7436,2017,11,19,10,210,169,10096,320,28,-9999,-9999,-9999
7437,2017,11,19,11,210,176,10102,311,25,-9999,-9999,-9999
7438,2017,11,19,12,230,179,10098,331,19,-9999,-9999,-9999
7439,2017,11,19,13,236,172,10095,306,28,-9999,-9999,-9999
7440,2017,11,19,14,227,174,10096,231,21,-9999,-9999,-9999
7441,2017,11,19,15,250,174,10084,300,38,-9999,-9999,-9999
7442,2017,11,19,16,231,177,10087,180,40,-9999,-9999,-9999
7443,2017,11,19,17,226,170,10086,152,35,-9999,-9999,-9999
7444,2017,11,19,18,221,168,10087,155,30,-9999,-9999,-9999
7445,2017,11,19,19,211,168,10089,155,28,-9999,-9999,-9999
7446,2017,11,19,20,207,165,10095,145,26,-9999,-9999,-9999
7447,2017,11,19,21,201,162,10104,162,30,-9999,-9999,-9999
7448,2017,11,19,22,200,160,10111,137,19,-9999,-9999,-9999
7449,2017,11,19,23,196,161,10120,133,22,-9999,-9999,-9999
7450,2017,11,20,0,195,160,10129,142,22,-9999,-9999,-9999
7451,2017,11,20,1,195,160,10134,115,27,-9999,-9999,-9999
7452,2017,11,20,2,190,163,10133,114,22,-9999,-9999,-9999
7453,2017,11,20,3,190,163,10125,112,22,-9999,-9999,-9999
7454,2017,11,20,4,190,162,10119,118,19,-9999,-9999,-9999
7455,2017,11,20,5,190,159,10119,121,23,-9999,-9999,-9999
7456,2017,11,20,6,190,161,10117,110,21,-9999,-9999,-9999
7457,2017,11,20,7,190,162,10117,126,11,-9999,-9999,-9999
7458,2017,11,20,8,191,162,10122,119,14,-9999,-9999,-9999
7459,2017,11,20,9,192,163,10124,119,16,-9999,-9999,-9999
7460,2017,11,20,10,197,165,10128,118,26,-9999,-9999,-9999
7461,2017,11,20,11,202,165,10130,111,24,-9999,-9999,-9999
7462,2017,11,20,12,207,164,10132,103,39,-9999,-9999,-9999
7463,2017,11,20,13,212,169,10130,93,27,-9999,-9999,-9999
7464,2017,11,20,14,215,165,10130,110,20,-9999,-9999,-9999
7465,2017,11,20,15,210,169,10132,166,29,-9999,-9999,-9999
7466,2017,11,20,16,207,182,10130,148,11,-9999,-9999,-9999
7467,2017,11,20,17,207,179,10126,99,18,-9999,-9999,-9999
7468,2017,11,20,18,196,176,10127,121,24,-9999,-9999,-9999
7469,2017,11,20,19,195,175,10123,137,21,-9999,-9999,-9999
7470,2017,11,20,20,195,169,10124,152,31,-9999,-9999,-9999
7471,2017,11,20,21,192,163,10127,142,21,-9999,-9999,-9999
7472,2017,11,20,22,187,154,10138,126,22,-9999,-9999,-9999
7473,2017,11,20,23,186,153,10144,124,26,-9999,-9999,-9999
7474,2017,11,21,0,185,153,10150,110,36,-9999,-9999,-9999
7475,2017,11,21,1,181,153,10149,110,26,-9999,-9999,-9999
7476,2017,11,21,2,182,154,10146,112,27,-9999,-9999,-9999
7477,2017,11,21,3,185,150,10142,96,27,-9999,-9999,-9999
7478,2017,11,21,4,181,143,10132,99,32,-9999,-9999,-9999
7479,2017,11,21,5,180,143,10127,100,14,-9999,-9999,-9999
7480,2017,11,21,6,177,143,10124,70,19,-9999,-9999,-9999
7481,2017,11,21,7,177,146,10124,109,17,-9999,-9999,-9999
7482,2017,11,21,8,180,148,10123,66,15,-9999,-9999,-9999
7483,2017,11,21,9,182,152,10130,181,8,-9999,-9999,-9999
7484,2017,11,21,10,191,159,10129,91,14,-9999,-9999,-9999
7485,2017,11,21,11,206,165,10129,114,8,-9999,-9999,-9999
7486,2017,11,21,12,215,165,10130,87,13,-9999,-9999,-9999
7487,2017,11,21,13,231,165,10120,28,11,-9999,-9999,-9999
7488,2017,11,21,14,247,176,10108,134,9,-9999,-9999,-9999
7489,2017,11,21,15,266,178,10093,325,21,-9999,-9999,-9999
7490,2017,11,21,16,266,173,10084,341,35,-9999,-9999,-9999
7491,2017,11,21,17,277,173,10064,338,19,-9999,-9999,-9999
7492,2017,11,21,18,287,171,10044,343,30,-9999,-9999,-9999
7493,2017,11,21,19,230,176,10064,189,43,-9999,-9999,-9999
7494,2017,11,21,20,207,185,10080,188,22,-9999,-9999,-9999
7495,2017,11,21,21,216,185,10080,30,17,-9999,-9999,-9999
7496,2017,11,21,22,216,190,10085,52,4,-9999,-9999,-9999
7497,2017,11,21,23,211,181,10093,67,18,-9999,-9999,-9999
7498,2017,11,22,0,210,179,10095,38,10,-9999,-9999,-9999
7499,2017,11,22,1,212,182,10095,29,4,-9999,-9999,-9999
7500,2017,11,22,2,205,177,10096,35,16,-9999,-9999,-9999
7501,2017,11,22,3,205,179,10091,345,4,-9999,-9999,-9999
7502,2017,11,22,4,202,178,10080,123,1,-9999,-9999,-9999
7503,2017,11,22,5,202,181,10075,26,8,-9999,-9999,-9999
7504,2017,11,22,6,200,179,10077,227,15,-9999,-9999,-9999
7505,2017,11,22,7,192,169,10075,300,21,-9999,-9999,-9999
7506,2017,11,22,8,195,173,10073,201,2,-9999,-9999,-9999
7507,2017,11,22,9,197,177,10063,49,11,-9999,-9999,-9999
7508,2017,11,22,10,205,185,10073,293,6,-9999,-9999,-9999
7509,2017,11,22,11,220,186,10072,207,8,-9999,-9999,-9999
7510,2017,11,22,12,226,180,10080,292,20,-9999,-9999,-9999
7511,2017,11,22,13,222,174,10086,227,21,-9999,-9999,-9999
7512,2017,11,22,14,231,171,10084,209,20,-9999,-9999,-9999
7513,2017,11,22,15,205,169,10094,181,37,-9999,-9999,-9999
7514,2017,11,22,16,197,162,10099,197,34,-9999,-9999,-9999
7515,2017,11,22,17,197,155,10099,184,35,-9999,-9999,-9999
7516,2017,11,22,18,190,148,10105,179,40,-9999,-9999,-9999
7517,2017,11,22,19,185,143,10111,200,26,-9999,-9999,-9999
7518,2017,11,22,20,175,133,10124,185,37,-9999,-9999,-9999
7519,2017,11,22,21,172,135,10128,162,27,-9999,-9999,-9999
7520,2017,11,22,22,170,134,10135,174,39,-9999,-9999,-9999
7521,2017,11,22,23,171,135,10142,152,21,-9999,-9999,-9999
7522,2017,11,23,0,166,138,10152,138,20,-9999,-9999,-9999
7523,2017,11,23,1,165,141,10155,119,26,-9999,-9999,-9999
7524,2017,11,23,2,160,133,10160,145,19,-9999,-9999,-9999
7525,2017,11,23,3,155,129,10160,142,28,-9999,-9999,-9999
7526,2017,11,23,4,157,126,10153,127,15,-9999,-9999,-9999
7527,2017,11,23,5,157,123,10151,136,17,-9999,-9999,-9999
7528,2017,11,23,6,155,123,10150,107,31,-9999,-9999,-9999
7529,2017,11,23,7,155,123,10152,104,33,-9999,-9999,-9999
7530,2017,11,23,8,155,123,10153,120,24,-9999,-9999,-9999
7531,2017,11,23,9,157,123,10156,107,31,-9999,-9999,-9999
7532,2017,11,23,10,161,125,10161,107,30,-9999,-9999,-9999
7533,2017,11,23,11,167,129,10160,107,38,-9999,-9999,-9999
7534,2017,11,23,12,182,130,10160,88,31,-9999,-9999,-9999
7535,2017,11,23,13,190,129,10156,106,34,-9999,-9999,-9999
7536,2017,11,23,14,205,131,10150,98,30,-9999,-9999,-9999
7537,2017,11,23,15,216,138,10143,103,29,-9999,-9999,-9999
7538,2017,11,23,16,222,146,10135,129,26,-9999,-9999,-9999
7539,2017,11,23,17,207,144,10137,155,29,-9999,-9999,-9999
7540,2017,11,23,18,197,144,10139,154,30,-9999,-9999,-9999
7541,2017,11,23,19,195,144,10136,143,25,-9999,-9999,-9999
7542,2017,11,23,20,192,145,10137,144,18,-9999,-9999,-9999
7543,2017,11,23,21,182,142,10142,164,26,-9999,-9999,-9999
7544,2017,11,23,22,185,141,10147,146,15,-9999,-9999,-9999
7545,2017,11,23,23,182,139,10153,127,15,-9999,-9999,-9999
7546,2017,11,24,0,180,142,10157,102,21,-9999,-9999,-9999
7547,2017,11,24,1,182,144,10160,85,25,-9999,-9999,-9999
7548,2017,11,24,2,180,141,10157,70,35,-9999,-9999,-9999
7549,2017,11,24,3,177,141,10154,69,31,-9999,-9999,-9999
7550,2017,11,24,4,175,141,10150,66,25,-9999,-9999,-9999
7551,2017,11,24,5,172,140,10148,82,22,-9999,-9999,-9999
7552,2017,11,24,6,172,141,10150,53,20,-9999,-9999,-9999
7553,2017,11,24,7,170,141,10154,78,15,-9999,-9999,-9999
7554,2017,11,24,8,165,141,10158,87,19,-9999,-9999,-9999
7555,2017,11,24,9,165,141,10166,82,18,-9999,-9999,-9999
7556,2017,11,24,10,172,147,10172,46,10,-9999,-9999,-9999
7557,2017,11,24,11,182,146,10171,70,11,-9999,-9999,-9999
7558,2017,11,24,12,192,146,10175,115,12,-9999,-9999,-9999
7559,2017,11,24,13,222,154,10164,139,11,-9999,-9999,-9999
7560,2017,11,24,14,250,157,10151,142,10,-9999,-9999,-9999
7561,2017,11,24,15,265,132,10140,228,21,-9999,-9999,-9999
7562,2017,11,24,16,280,130,10128,188,26,-9999,-9999,-9999
7563,2017,11,24,17,282,116,10119,206,16,-9999,-9999,-9999
7564,2017,11,25,1,207,118,10168,80,10,-9999,-9999,-9999
7565,2017,11,25,2,197,111,10170,49,5,-9999,-9999,-9999
7566,2017,11,25,3,190,123,10166,55,6,-9999,-9999,-9999
7567,2017,11,25,4,187,130,10160,96,6,-9999,-9999,-9999
7568,2017,11,25,5,185,131,10158,153,2,-9999,-9999,-9999
7569,2017,11,25,6,185,135,10155,65,10,-9999,-9999,-9999
7570,2017,11,25,7,177,130,10160,56,7,-9999,-9999,-9999
7571,2017,11,25,8,177,134,10162,41,8,-9999,-9999,-9999
7572,2017,11,25,9,187,156,10163,57,30,-9999,-9999,-9999
7573,2017,11,25,10,210,165,10159,61,26,-9999,-9999,-9999
7574,2017,11,25,11,230,166,10151,81,37,-9999,-9999,-9999
7575,2017,11,25,12,245,172,10144,96,26,-9999,-9999,-9999
7576,2017,11,25,13,270,173,10127,76,17,-9999,-9999,-9999
7577,2017,11,25,14,285,162,10116,25,16,-9999,-9999,-9999
7578,2017,11,25,15,292,140,10108,80,19,-9999,-9999,-9999
7579,2017,11,25,16,302,81,10100,298,35,-9999,-9999,-9999
7580,2017,11,25,17,305,101,10089,346,23,-9999,-9999,-9999
7581,2017,11,25,18,276,172,10096,188,41,-9999,-9999,-9999
7582,2017,11,25,19,257,164,10101,176,38,-9999,-9999,-9999
7583,2017,11,25,20,252,170,10097,134,21,-9999,-9999,-9999
7584,2017,11,25,21,242,168,10094,159,15,-9999,-9999,-9999
7585,2017,11,25,22,235,166,10098,107,20,-9999,-9999,-9999
7586,2017,11,25,23,235,166,10112,159,8,-9999,-9999,-9999
7587,2017,11,26,0,230,167,10116,184,4,-9999,-9999,-9999
7588,2017,11,26,1,227,168,10120,111,5,-9999,-9999,-9999
7589,2017,11,26,2,227,174,10110,44,11,-9999,-9999,-9999
7590,2017,11,26,3,227,172,10108,35,11,-9999,-9999,-9999
7591,2017,11,26,4,215,167,10103,334,9,-9999,-9999,-9999
7592,2017,11,26,5,225,169,10111,332,41,-9999,-9999,-9999
7593,2017,11,26,6,200,173,10110,318,32,-9999,-9999,-9999
7594,2017,11,26,7,200,165,10101,303,37,-9999,-9999,-9999
7595,2017,11,26,8,205,158,10101,311,49,-9999,-9999,-9999
7596,2017,11,26,15,251,156,10094,325,61,-9999,-9999,-9999
7597,2017,11,26,19,247,166,10079,337,55,-9999,-9999,-9999
7598,2017,11,26,20,237,167,10085,325,52,-9999,-9999,-9999
7599,2017,11,26,21,231,169,10088,336,29,-9999,-9999,-9999
7600,2017,11,26,22,227,170,10096,360,26,-9999,-9999,-9999
7601,2017,11,26,23,226,170,10106,318,31,-9999,-9999,-9999
7602,2017,11,27,0,222,170,10108,307,24,-9999,-9999,-9999
7603,2017,11,27,1,225,171,10114,278,20,-9999,-9999,-9999
7604,2017,11,27,2,225,172,10112,318,29,-9999,-9999,-9999
7605,2017,11,27,3,222,171,10114,304,42,-9999,-9999,-9999
7606,2017,11,27,4,221,170,10108,314,29,-9999,-9999,-9999
7607,2017,11,27,5,207,174,10110,337,29,-9999,-9999,-9999
7608,2017,11,27,6,205,175,10113,328,25,-9999,-9999,-9999
7609,2017,11,27,7,196,170,10120,323,22,-9999,-9999,-9999
7610,2017,11,27,8,190,169,10122,60,4,-9999,-9999,-9999
7611,2017,11,27,9,191,173,10133,50,2,-9999,-9999,-9999
7612,2017,11,27,10,200,174,10136,330,31,-9999,-9999,-9999
7613,2017,11,27,11,216,178,10138,313,24,-9999,-9999,-9999
7614,2017,11,27,12,226,176,10139,322,39,-9999,-9999,-9999
7615,2017,11,27,13,240,173,10136,299,33,-9999,-9999,-9999
7616,2017,11,27,14,252,174,10128,314,37,-9999,-9999,-9999
7617,2017,11,27,15,261,176,10118,300,24,-9999,-9999,-9999
7618,2017,11,27,16,257,176,10119,288,30,-9999,-9999,-9999
7619,2017,11,27,17,252,170,10113,309,36,-9999,-9999,-9999
7620,2017,11,27,18,255,175,10113,255,18,-9999,-9999,-9999
7621,2017,11,27,19,227,185,10117,223,8,-9999,-9999,-9999
7622,2017,11,27,20,217,190,10128,169,21,-9999,-9999,-9999
7623,2017,11,27,21,215,184,10135,142,14,-9999,-9999,-9999
7624,2017,11,27,22,212,181,10144,130,16,-9999,-9999,-9999
7625,2017,11,27,23,210,178,10151,144,18,-9999,-9999,-9999
7626,2017,11,28,0,207,175,10158,143,18,-9999,-9999,-9999
7627,2017,11,28,1,205,175,10166,122,20,-9999,-9999,-9999
7628,2017,11,28,2,205,175,10163,118,19,-9999,-9999,-9999
7629,2017,11,28,3,205,174,10162,128,9,-9999,-9999,-9999
7630,2017,11,28,4,202,173,10158,138,11,-9999,-9999,-9999
7631,2017,11,28,5,201,173,10152,139,13,-9999,-9999,-9999
7632,2017,11,28,6,200,170,10152,148,14,-9999,-9999,-9999
7633,2017,11,28,7,197,166,10157,139,13,-9999,-9999,-9999
7634,2017,11,28,8,200,165,10157,143,15,-9999,-9999,-9999
7635,2017,11,28,9,201,167,10164,167,18,-9999,-9999,-9999
7636,2017,11,28,10,201,166,10170,138,18,-9999,-9999,-9999
7637,2017,11,28,11,205,164,10174,133,15,-9999,-9999,-9999
7638,2017,11,28,12,216,163,10173,139,23,-9999,-9999,-9999
7639,2017,11,28,13,222,166,10172,171,19,-9999,-9999,-9999
7640,2017,11,28,14,231,158,10167,137,22,-9999,-9999,-9999
7641,2017,11,28,15,230,163,10163,186,36,-9999,-9999,-9999
7642,2017,11,28,16,237,160,10157,160,33,-9999,-9999,-9999
7643,2017,11,28,17,235,161,10152,154,36,-9999,-9999,-9999
7644,2017,11,28,18,222,159,10155,147,42,-9999,-9999,-9999
7645,2017,11,28,19,217,142,10157,153,27,-9999,-9999,-9999
7646,2017,11,28,20,220,137,10155,155,33,-9999,-9999,-9999
7647,2017,11,28,21,197,134,10166,144,36,-9999,-9999,-9999
7648,2017,11,28,22,192,130,10173,129,30,-9999,-9999,-9999
7649,2017,11,28,23,187,128,10176,111,38,-9999,-9999,-9999
7650,2017,11,29,0,187,127,10182,118,27,-9999,-9999,-9999
7651,2017,11,29,1,185,130,10186,125,25,-9999,-9999,-9999
7652,2017,11,29,2,180,133,10186,133,27,-9999,-9999,-9999
7653,2017,11,29,3,180,129,10179,114,28,-9999,-9999,-9999
7654,2017,11,29,4,177,128,10170,117,28,-9999,-9999,-9999
7655,2017,11,29,5,175,126,10165,116,22,-9999,-9999,-9999
7656,2017,11,29,6,167,126,10164,118,30,-9999,-9999,-9999
7657,2017,11,29,7,162,127,10166,150,23,-9999,-9999,-9999
7658,2017,11,29,8,160,128,10170,139,14,-9999,-9999,-9999
7659,2017,11,29,9,175,133,10171,135,17,-9999,-9999,-9999
7660,2017,11,29,10,187,131,10171,151,30,-9999,-9999,-9999
7661,2017,11,29,11,192,131,10171,154,21,-9999,-9999,-9999
7662,2017,11,29,12,217,110,10162,139,29,-9999,-9999,-9999
7663,2017,11,29,13,222,117,10157,139,25,-9999,-9999,-9999
7664,2017,11,29,14,241,113,10145,128,23,-9999,-9999,-9999
7665,2017,11,29,15,242,109,10135,144,25,-9999,-9999,-9999
7666,2017,11,29,16,255,122,10125,159,30,-9999,-9999,-9999
7667,2017,11,29,17,255,121,10118,132,28,-9999,-9999,-9999
7668,2017,11,29,18,252,118,10111,132,29,-9999,-9999,-9999
7669,2017,11,29,19,240,119,10112,150,33,-9999,-9999,-9999
7670,2017,11,29,20,220,119,10117,151,32,-9999,-9999,-9999
7671,2017,11,29,21,201,123,10123,154,31,-9999,-9999,-9999
7672,2017,11,29,22,187,127,10133,152,30,-9999,-9999,-9999
7673,2017,11,29,23,176,119,10142,136,30,-9999,-9999,-9999
7674,2017,11,30,0,175,122,10146,124,41,-9999,-9999,-9999
7675,2017,11,30,1,175,119,10149,118,30,-9999,-9999,-9999
7676,2017,11,30,2,171,118,10147,114,37,-9999,-9999,-9999
7677,2017,11,30,3,167,122,10144,116,28,-9999,-9999,-9999
7678,2017,11,30,4,167,125,10134,126,18,-9999,-9999,-9999
7679,2017,11,30,5,171,126,10127,104,20,-9999,-9999,-9999
7680,2017,11,30,6,172,128,10124,83,23,-9999,-9999,-9999
7681,2017,11,30,7,170,127,10122,105,27,-9999,-9999,-9999
7682,2017,11,30,8,167,127,10126,89,23,-9999,-9999,-9999
7683,2017,11,30,9,170,129,10133,91,23,-9999,-9999,-9999
7684,2017,11,30,10,185,124,10128,91,25,-9999,-9999,-9999
7685,2017,11,30,11,185,126,10126,102,28,-9999,-9999,-9999
7686,2017,11,30,12,197,130,10127,93,30,-9999,-9999,-9999
7687,2017,11,30,13,211,133,10122,81,22,-9999,-9999,-9999
7688,2017,11,30,14,226,132,10111,74,21,-9999,-9999,-9999
7689,2017,11,30,15,237,136,10103,135,12,-9999,-9999,-9999
7690,2017,11,30,16,232,140,10100,173,47,-9999,-9999,-9999
7691,2017,11,30,17,235,145,10093,186,28,-9999,-9999,-9999
7692,2017,11,30,18,222,142,10086,164,39,-9999,-9999,-9999
7693,2017,11,30,19,202,141,10093,156,33,-9999,-9999,-9999
7694,2017,11,30,20,187,145,10104,152,32,-9999,-9999,-9999
7695,2017,11,30,21,187,133,10108,164,28,-9999,-9999,-9999
7696,2017,11,30,22,186,132,10108,133,25,-9999,-9999,-9999
7697,2017,11,30,23,182,134,10116,115,25,-9999,-9999,-9999
7698,2017,12,1,0,182,136,10123,123,22,-9999,-9999,-9999
7699,2017,12,1,1,182,137,10125,118,27,-9999,-9999,-9999
7700,2017,12,1,2,182,139,10117,111,30,-9999,-9999,-9999
7701,2017,12,1,3,182,141,10115,127,19,-9999,-9999,-9999
7702,2017,12,1,4,182,141,10109,114,25,-9999,-9999,-9999
7703,2017,12,1,5,181,141,10103,111,28,-9999,-9999,-9999
7704,2017,12,1,6,182,143,10101,111,17,-9999,-9999,-9999
7705,2017,12,1,7,180,144,10106,130,19,-9999,-9999,-9999
7706,2017,12,1,8,182,144,10109,121,16,-9999,-9999,-9999
7707,2017,12,1,9,186,145,10114,128,16,-9999,-9999,-9999
7708,2017,12,1,10,195,147,10115,105,24,-9999,-9999,-9999
7709,2017,12,1,11,197,148,10119,110,25,-9999,-9999,-9999
7710,2017,12,1,12,215,151,10115,77,21,-9999,-9999,-9999
7711,2017,12,1,13,242,142,10107,63,20,-9999,-9999,-9999
7712,2017,12,1,14,242,144,10102,43,18,-9999,-9999,-9999
7713,2017,12,1,15,237,156,10101,174,29,-9999,-9999,-9999
7714,2017,12,1,16,240,150,10092,161,21,-9999,-9999,-9999
7715,2017,12,1,17,230,150,10094,179,37,-9999,-9999,-9999
7716,2017,12,1,18,225,151,10094,168,44,-9999,-9999,-9999
7717,2017,12,1,20,205,150,10099,156,36,-9999,-9999,-9999
7718,2017,12,1,21,201,146,10107,163,37,-9999,-9999,-9999
7719,2017,12,1,22,200,148,10115,145,30,-9999,-9999,-9999
7720,2017,12,1,23,195,153,10121,141,19,-9999,-9999,-9999
7721,2017,12,2,0,195,150,10127,119,28,-9999,-9999,-9999
7722,2017,12,2,1,192,147,10134,122,27,-9999,-9999,-9999
7723,2017,12,2,2,190,148,10135,137,16,-9999,-9999,-9999
7724,2017,12,2,3,190,148,10130,127,16,-9999,-9999,-9999
7725,2017,12,2,4,186,152,10124,137,20,-9999,-9999,-9999
7726,2017,12,2,5,187,149,10121,146,18,-9999,-9999,-9999
7727,2017,12,2,6,182,151,10121,126,18,-9999,-9999,-9999
7728,2017,12,2,7,185,152,10121,123,23,-9999,-9999,-9999
7729,2017,12,2,8,185,150,10122,116,25,-9999,-9999,-9999
7730,2017,12,2,9,187,150,10128,118,26,-9999,-9999,-9999
7731,2017,12,2,10,195,151,10133,124,24,-9999,-9999,-9999
7732,2017,12,2,11,201,151,10135,97,34,-9999,-9999,-9999
7733,2017,12,2,12,215,149,10129,117,31,-9999,-9999,-9999
7734,2017,12,2,13,220,147,10130,109,30,-9999,-9999,-9999
7735,2017,12,2,14,242,147,10118,109,34,-9999,-9999,-9999
7736,2017,12,2,15,242,140,10113,111,24,-9999,-9999,-9999
7737,2017,12,2,16,237,156,10109,169,32,-9999,-9999,-9999
7738,2017,12,2,17,240,153,10102,167,28,-9999,-9999,-9999
7739,2017,12,2,18,230,157,10102,153,36,-9999,-9999,-9999
7740,2017,12,2,19,217,154,10109,163,42,-9999,-9999,-9999
7741,2017,12,2,20,210,156,10113,149,35,-9999,-9999,-9999
7742,2017,12,2,21,200,154,10121,148,38,-9999,-9999,-9999
7743,2017,12,2,22,197,154,10127,146,23,-9999,-9999,-9999
7744,2017,12,2,23,196,154,10130,129,29,-9999,-9999,-9999
7745,2017,12,3,0,196,156,10134,130,28,-9999,-9999,-9999
7746,2017,12,3,1,186,165,10142,117,17,-9999,-9999,-9999
7747,2017,12,3,2,192,156,10136,121,35,-9999,-9999,-9999
7748,2017,12,3,3,195,155,10130,113,25,-9999,-9999,-9999
7749,2017,12,3,4,195,153,10121,116,25,-9999,-9999,-9999
7750,2017,12,3,5,192,151,10114,107,37,-9999,-9999,-9999
7751,2017,12,3,6,191,151,10111,108,34,-9999,-9999,-9999
7752,2017,12,3,7,190,152,10115,91,21,-9999,-9999,-9999
7753,2017,12,3,8,190,151,10117,92,28,-9999,-9999,-9999
7754,2017,12,3,9,191,151,10120,91,23,-9999,-9999,-9999
7755,2017,12,3,10,201,153,10123,88,25,-9999,-9999,-9999
7756,2017,12,3,11,210,152,10120,88,19,-9999,-9999,-9999
7757,2017,12,3,12,225,151,10113,97,23,-9999,-9999,-9999
7758,2017,12,3,13,245,150,10105,74,15,-9999,-9999,-9999
7759,2017,12,3,14,252,157,10100,14,12,-9999,-9999,-9999
7760,2017,12,3,15,260,156,10087,195,10,-9999,-9999,-9999
7761,2017,12,3,16,292,163,10069,88,15,-9999,-9999,-9999
7762,2017,12,3,17,270,163,10070,155,29,-9999,-9999,-9999
7763,2017,12,3,18,260,174,10070,140,27,-9999,-9999,-9999
7764,2017,12,3,19,217,171,10090,178,50,-9999,-9999,-9999
7765,2017,12,3,20,210,167,10095,191,29,-9999,-9999,-9999
7766,2017,12,3,21,210,168,10095,155,21,-9999,-9999,-9999
7767,2017,12,3,22,202,167,10101,132,20,-9999,-9999,-9999
7768,2017,12,3,23,202,168,10108,140,18,-9999,-9999,-9999
7769,2017,12,4,0,202,168,10112,137,17,-9999,-9999,-9999
7770,2017,12,4,1,206,162,10118,127,14,-9999,-9999,-9999
7771,2017,12,4,2,206,164,10119,100,20,-9999,-9999,-9999
7772,2017,12,4,3,205,160,10116,97,17,-9999,-9999,-9999
7773,2017,12,4,4,201,160,10107,99,17,-9999,-9999,-9999
7774,2017,12,4,5,201,161,10104,80,10,-9999,-9999,-9999
7775,2017,12,4,6,200,160,10101,75,20,-9999,-9999,-9999
7776,2017,12,4,7,200,162,10099,65,17,-9999,-9999,-9999
7777,2017,12,4,8,197,163,10100,70,21,-9999,-9999,-9999
7778,2017,12,4,9,200,166,10105,83,19,-9999,-9999,-9999
7779,2017,12,4,10,205,166,10103,93,22,-9999,-9999,-9999
7780,2017,12,4,11,216,167,10106,60,15,-9999,-9999,-9999
7781,2017,12,4,12,232,171,10102,50,6,-9999,-9999,-9999
7782,2017,12,4,13,257,174,10093,61,13,-9999,-9999,-9999
7783,2017,12,4,14,272,162,10087,95,17,-9999,-9999,-9999
7784,2017,12,4,15,285,160,10076,172,16,-9999,-9999,-9999
7785,2017,12,4,16,306,137,10066,212,20,-9999,-9999,-9999
7786,2017,12,4,17,282,175,10071,164,40,-9999,-9999,-9999
7787,2017,12,4,18,265,178,10076,159,35,-9999,-9999,-9999
7788,2017,12,4,19,251,176,10079,165,41,-9999,-9999,-9999
7789,2017,12,4,20,235,177,10086,140,23,-9999,-9999,-9999
7790,2017,12,4,21,221,176,10096,162,34,-9999,-9999,-9999
7791,2017,12,4,22,220,175,10104,159,18,-9999,-9999,-9999
7792,2017,12,4,23,217,167,10114,126,18,-9999,-9999,-9999
7793,2017,12,5,0,216,166,10122,146,13,-9999,-9999,-9999
7794,2017,12,5,1,210,163,10130,153,20,-9999,-9999,-9999
7795,2017,12,5,2,210,164,10129,119,22,-9999,-9999,-9999
7796,2017,12,5,3,202,161,10128,145,16,-9999,-9999,-9999
7797,2017,12,5,4,202,160,10120,141,8,-9999,-9999,-9999
7798,2017,12,5,5,201,164,10118,153,14,-9999,-9999,-9999
7799,2017,12,5,6,200,160,10123,135,19,-9999,-9999,-9999
7800,2017,12,5,7,192,161,10128,148,10,-9999,-9999,-9999
7801,2017,12,5,8,192,159,10133,144,17,-9999,-9999,-9999
7802,2017,12,5,9,205,164,10133,124,11,-9999,-9999,-9999
7803,2017,12,5,10,217,158,10136,115,23,-9999,-9999,-9999
7804,2017,12,5,11,236,161,10137,121,19,-9999,-9999,-9999
7805,2017,12,5,12,241,158,10135,99,25,-9999,-9999,-9999
7806,2017,12,5,13,252,163,10132,111,25,-9999,-9999,-9999
7807,2017,12,5,14,262,168,10125,120,23,-9999,-9999,-9999
7808,2017,12,5,15,272,170,10119,189,25,-9999,-9999,-9999
7809,2017,12,5,16,272,164,10118,166,34,-9999,-9999,-9999
7810,2017,12,5,17,271,167,10116,156,35,-9999,-9999,-9999
7811,2017,12,5,18,270,166,10114,155,37,-9999,-9999,-9999
7812,2017,12,5,19,247,157,10115,151,39,-9999,-9999,-9999
7813,2017,12,5,20,237,163,10119,161,34,-9999,-9999,-9999
7814,2017,12,5,21,227,159,10127,165,39,-9999,-9999,-9999
7815,2017,12,5,22,220,161,10138,152,30,-9999,-9999,-9999
7816,2017,12,5,23,220,159,10142,140,21,-9999,-9999,-9999
7817,2017,12,6,0,215,159,10146,124,31,-9999,-9999,-9999
7818,2017,12,6,4,205,162,10142,115,33,-9999,-9999,-9999
7819,2017,12,6,5,205,161,10133,108,25,-9999,-9999,-9999
7820,2017,12,6,6,202,156,10130,105,37,-9999,-9999,-9999
7821,2017,12,6,7,202,153,10131,85,32,-9999,-9999,-9999
7822,2017,12,6,8,200,156,10131,89,28,-9999,-9999,-9999
7823,2017,12,6,9,202,159,10134,71,21,-9999,-9999,-9999
7824,2017,12,6,10,206,159,10139,77,34,-9999,-9999,-9999
7825,2017,12,6,11,212,158,10145,98,31,-9999,-9999,-9999
7826,2017,12,6,12,240,162,10133,77,24,-9999,-9999,-9999
7827,2017,12,6,13,250,164,10128,105,30,-9999,-9999,-9999
7828,2017,12,6,14,260,165,10123,111,18,-9999,-9999,-9999
7829,2017,12,6,15,280,170,10110,109,20,-9999,-9999,-9999
7830,2017,12,6,16,286,150,10099,84,15,-9999,-9999,-9999
7831,2017,12,6,17,285,180,10094,143,31,-9999,-9999,-9999
7832,2017,12,6,18,275,170,10090,141,29,-9999,-9999,-9999
7833,2017,12,6,19,252,173,10095,189,38,-9999,-9999,-9999
7834,2017,12,6,20,237,166,10098,178,39,-9999,-9999,-9999
7835,2017,12,6,21,216,161,10111,170,36,-9999,-9999,-9999
7836,2017,12,6,22,207,156,10122,178,25,-9999,-9999,-9999
7837,2017,12,6,23,205,156,10127,145,20,-9999,-9999,-9999
7838,2017,12,7,0,206,156,10131,128,18,-9999,-9999,-9999
7839,2017,12,7,1,206,160,10131,120,22,-9999,-9999,-9999
7840,2017,12,7,2,205,161,10132,112,22,-9999,-9999,-9999
7841,2017,12,7,3,205,159,10126,108,20,-9999,-9999,-9999
7842,2017,12,7,4,200,158,10119,114,23,-9999,-9999,-9999
7843,2017,12,7,5,201,158,10112,100,22,-9999,-9999,-9999
7844,2017,12,7,6,197,157,10108,76,29,-9999,-9999,-9999
7845,2017,12,7,7,195,159,10107,64,24,-9999,-9999,-9999
7846,2017,12,7,8,192,159,10110,82,22,-9999,-9999,-9999
7847,2017,12,7,9,197,163,10114,77,11,-9999,-9999,-9999
7848,2017,12,7,10,200,163,10115,94,17,-9999,-9999,-9999
7849,2017,12,7,11,215,167,10107,70,19,-9999,-9999,-9999
7850,2017,12,7,12,242,175,10094,42,15,-9999,-9999,-9999
7851,2017,12,7,13,252,171,10090,343,16,-9999,-9999,-9999
7852,2017,12,7,14,260,171,10083,332,24,-9999,-9999,-9999
7853,2017,12,7,15,266,172,10074,353,23,-9999,-9999,-9999
7854,2017,12,7,16,272,168,10063,331,18,-9999,-9999,-9999
7855,2017,12,7,17,266,170,10058,340,29,-9999,-9999,-9999
7856,2017,12,7,18,265,165,10052,270,22,-9999,-9999,-9999
7857,2017,12,7,19,240,187,10056,153,14,-9999,-9999,-9999
7858,2017,12,7,20,212,191,10065,139,13,-9999,-9999,-9999
7859,2017,12,7,21,210,185,10069,141,9,-9999,-9999,-9999
7860,2017,12,7,22,211,185,10073,175,6,-9999,-9999,-9999
7861,2017,12,7,23,215,184,10070,108,8,-9999,-9999,-9999
7862,2017,12,8,0,212,181,10082,186,15,-9999,-9999,-9999
7863,2017,12,8,1,206,183,10084,104,4,-9999,-9999,-9999
7864,2017,12,8,2,205,183,10083,128,2,-9999,-9999,-9999
7865,2017,12,8,3,206,184,10075,181,1,-9999,-9999,-9999
7866,2017,12,8,4,202,180,10067,163,3,-9999,-9999,-9999
7867,2017,12,8,5,201,179,10063,130,1,-9999,-9999,-9999
7868,2017,12,8,6,202,178,10060,66,4,-9999,-9999,-9999
7869,2017,12,8,7,206,184,10059,110,6,-9999,-9999,-9999
7870,2017,12,8,8,205,184,10065,75,5,-9999,-9999,-9999
7871,2017,12,8,9,206,186,10069,76,20,-9999,-9999,-9999
7872,2017,12,8,10,211,186,10069,76,11,-9999,-9999,-9999
7873,2017,12,8,11,216,187,10073,60,15,-9999,-9999,-9999
7874,2017,12,8,12,230,191,10069,73,14,-9999,-9999,-9999
7875,2017,12,8,13,236,184,10068,83,9,-9999,-9999,-9999
7876,2017,12,8,14,265,189,10052,17,9,-9999,-9999,-9999
7877,2017,12,8,15,276,173,10041,230,20,-9999,-9999,-9999
7878,2017,12,8,16,270,171,10039,220,17,-9999,-9999,-9999
7879,2017,12,8,17,212,192,10064,227,18,-9999,-9999,-9999
7880,2017,12,8,18,220,189,10062,169,33,-9999,-9999,-9999
7881,2017,12,8,19,220,186,10062,151,22,-9999,-9999,-9999
7882,2017,12,8,20,205,173,10073,179,27,-9999,-9999,-9999
7883,2017,12,8,21,202,165,10076,179,26,-9999,-9999,-9999
7884,2017,12,8,22,201,166,10083,187,26,-9999,-9999,-9999
7885,2017,12,8,23,200,170,10087,167,17,-9999,-9999,-9999
7886,2017,12,9,0,202,166,10091,142,16,-9999,-9999,-9999
7887,2017,12,9,1,202,169,10094,135,10,-9999,-9999,-9999
7888,2017,12,9,2,202,163,10097,164,19,-9999,-9999,-9999
7889,2017,12,9,3,197,161,10090,175,18,-9999,-9999,-9999
7890,2017,12,9,4,195,161,10086,147,12,-9999,-9999,-9999
7891,2017,12,9,5,195,162,10084,176,17,-9999,-9999,-9999
7892,2017,12,9,6,191,159,10084,113,7,-9999,-9999,-9999
7893,2017,12,9,7,192,159,10088,122,14,-9999,-9999,-9999
7894,2017,12,9,8,195,161,10087,119,18,-9999,-9999,-9999
7895,2017,12,9,9,200,164,10088,173,16,-9999,-9999,-9999
7896,2017,12,9,10,202,160,10090,175,25,-9999,-9999,-9999
7897,2017,12,9,11,210,158,10096,135,20,-9999,-9999,-9999
7898,2017,12,9,12,211,157,10101,135,14,-9999,-9999,-9999
7899,2017,12,9,13,245,163,10086,120,13,-9999,-9999,-9999
7900,2017,12,9,14,242,157,10083,180,12,-9999,-9999,-9999
7901,2017,12,9,15,252,151,10073,80,13,-9999,-9999,-9999
7902,2017,12,9,16,270,142,10063,204,18,-9999,-9999,-9999
7903,2017,12,9,17,257,149,10064,173,29,-9999,-9999,-9999
7904,2017,12,9,18,276,156,10056,166,24,-9999,-9999,-9999
7905,2017,12,9,19,256,154,10058,180,36,-9999,-9999,-9999
7906,2017,12,9,20,255,158,10054,166,38,-9999,-9999,-9999
7907,2017,12,9,21,237,163,10060,139,22,-9999,-9999,-9999
7908,2017,12,9,22,217,162,10068,154,20,-9999,-9999,-9999
7909,2017,12,9,23,207,159,10075,114,21,-9999,-9999,-9999
7910,2017,12,10,0,200,158,10084,164,9,-9999,-9999,-9999
7911,2017,12,10,1,200,160,10087,116,9,-9999,-9999,-9999
7912,2017,12,10,2,197,158,10088,99,16,-9999,-9999,-9999
7913,2017,12,10,3,192,156,10078,93,11,-9999,-9999,-9999
7914,2017,12,10,4,186,154,10069,74,12,-9999,-9999,-9999
7915,2017,12,10,5,182,153,10069,76,16,-9999,-9999,-9999
7916,2017,12,10,6,180,151,10065,83,13,-9999,-9999,-9999
7917,2017,12,10,7,175,149,10070,84,8,-9999,-9999,-9999
7918,2017,12,10,8,172,147,10074,109,8,-9999,-9999,-9999
7919,2017,12,10,9,180,147,10077,85,12,-9999,-9999,-9999
7920,2017,12,10,10,187,145,10081,101,15,-9999,-9999,-9999
7921,2017,12,10,11,212,144,10077,129,7,-9999,-9999,-9999
7922,2017,12,10,12,232,144,10065,119,8,-9999,-9999,-9999
7923,2017,12,10,13,250,140,10058,238,8,-9999,-9999,-9999
7924,2017,12,10,14,266,109,10047,119,17,-9999,-9999,-9999
7925,2017,12,10,15,281,132,10038,223,18,-9999,-9999,-9999
7926,2017,12,10,16,287,123,10028,287,18,-9999,-9999,-9999
7927,2017,12,10,17,296,103,10016,293,26,-9999,-9999,-9999
7928,2017,12,10,18,292,115,10010,248,33,-9999,-9999,-9999
7929,2017,12,10,19,285,113,10005,272,30,-9999,-9999,-9999
7930,2017,12,10,20,220,189,10037,198,35,-9999,-9999,-9999
7931,2017,12,10,21,232,190,10032,110,17,-9999,-9999,-9999
7932,2017,12,10,22,227,180,10046,136,14,-9999,-9999,-9999
7933,2017,12,10,23,220,174,10054,122,5,-9999,-9999,-9999
7934,2017,12,11,0,216,177,10060,61,9,-9999,-9999,-9999
7935,2017,12,11,1,215,177,10066,95,14,-9999,-9999,-9999
7936,2017,12,11,2,210,179,10063,30,12,-9999,-9999,-9999
7937,2017,12,11,3,202,176,10059,37,15,-9999,-9999,-9999
7938,2017,12,11,4,197,172,10057,73,2,-9999,-9999,-9999
7939,2017,12,11,5,192,170,10055,346,1,-9999,-9999,-9999
7940,2017,12,11,6,190,163,10055,321,0,-9999,-9999,-9999
7941,2017,12,11,7,185,155,10059,360,0,-9999,-9999,-9999
7942,2017,12,11,8,182,152,10064,56,2,-9999,-9999,-9999
7943,2017,12,11,9,195,155,10065,62,3,-9999,-9999,-9999
7944,2017,12,11,10,215,154,10063,62,7,-9999,-9999,-9999
7945,2017,12,11,11,241,155,10058,236,2,-9999,-9999,-9999
7946,2017,12,11,12,265,144,10053,275,14,-9999,-9999,-9999
7947,2017,12,11,13,282,124,10048,299,20,-9999,-9999,-9999
7948,2017,12,11,14,302,109,10041,213,24,-9999,-9999,-9999
7949,2017,12,11,15,295,110,10039,236,30,-9999,-9999,-9999
7950,2017,12,11,16,282,162,10042,157,35,-9999,-9999,-9999
7951,2017,12,11,17,255,162,10054,164,56,-9999,-9999,-9999
7952,2017,12,11,18,240,172,10074,183,46,-9999,-9999,-9999
7953,2017,12,11,19,227,161,10079,176,42,-9999,-9999,-9999
7954,2017,12,11,20,227,159,10083,163,32,-9999,-9999,-9999
7955,2017,12,11,21,216,164,10093,171,44,-9999,-9999,-9999
7956,2017,12,11,22,207,158,10106,173,50,-9999,-9999,-9999
7957,2017,12,11,23,207,158,10111,151,28,-9999,-9999,-9999
7958,2017,12,12,0,190,163,10130,172,39,-9999,-9999,-9999
7959,2017,12,12,1,187,149,10137,169,49,-9999,-9999,-9999
7960,2017,12,12,2,180,147,10143,168,41,-9999,-9999,-9999
7961,2017,12,12,3,177,117,10143,147,34,-9999,-9999,-9999
7962,2017,12,12,4,177,115,10138,150,29,-9999,-9999,-9999
7963,2017,12,12,5,177,125,10138,151,25,-9999,-9999,-9999
7964,2017,12,12,6,176,127,10138,142,32,-9999,-9999,-9999
7965,2017,12,12,7,175,137,10142,151,33,-9999,-9999,-9999
7966,2017,12,12,8,172,137,10146,142,21,-9999,-9999,-9999
7967,2017,12,12,9,175,136,10154,140,26,-9999,-9999,-9999
7968,2017,12,12,10,172,133,10164,144,33,-9999,-9999,-9999
7969,2017,12,12,11,177,135,10168,152,32,-9999,-9999,-9999
7970,2017,12,12,12,187,140,10171,145,31,-9999,-9999,-9999
7971,2017,12,12,13,195,143,10172,158,34,-9999,-9999,-9999
7972,2017,12,12,14,201,142,10170,139,23,-9999,-9999,-9999
7973,2017,12,12,15,205,145,10164,141,23,-9999,-9999,-9999
7974,2017,12,12,16,195,145,10168,158,33,-9999,-9999,-9999
7975,2017,12,12,17,206,147,10160,163,33,-9999,-9999,-9999
7976,2017,12,12,18,207,144,10156,142,33,-9999,-9999,-9999
7977,2017,12,12,19,205,142,10154,143,31,-9999,-9999,-9999
7978,2017,12,12,20,190,143,10161,156,29,-9999,-9999,-9999
7979,2017,12,12,21,190,140,10166,137,24,-9999,-9999,-9999
7980,2017,12,12,22,182,134,10170,120,37,-9999,-9999,-9999
7981,2017,12,12,23,177,134,10175,121,42,-9999,-9999,-9999
7982,2017,12,13,0,175,136,10182,117,41,-9999,-9999,-9999
7983,2017,12,13,1,175,136,10183,119,39,-9999,-9999,-9999
7984,2017,12,13,2,175,135,10181,116,35,-9999,-9999,-9999
7985,2017,12,13,3,175,135,10175,104,30,-9999,-9999,-9999
7986,2017,12,13,4,172,134,10170,120,27,-9999,-9999,-9999
7987,2017,12,13,5,171,134,10166,116,32,-9999,-9999,-9999
7988,2017,12,13,6,171,133,10165,125,17,-9999,-9999,-9999
7989,2017,12,13,7,172,132,10167,106,35,-9999,-9999,-9999
7990,2017,12,13,8,172,132,10171,102,33,-9999,-9999,-9999
7991,2017,12,13,9,175,132,10176,94,38,-9999,-9999,-9999
7992,2017,12,13,10,177,131,10183,91,35,-9999,-9999,-9999
7993,2017,12,13,11,180,132,10189,93,39,-9999,-9999,-9999
7994,2017,12,13,12,182,135,10191,94,34,-9999,-9999,-9999
7995,2017,12,13,13,206,136,10184,84,24,-9999,-9999,-9999
7996,2017,12,13,14,217,133,10177,98,29,-9999,-9999,-9999
7997,2017,12,13,15,236,138,10165,74,24,-9999,-9999,-9999
7998,2017,12,13,16,242,134,10158,86,19,-9999,-9999,-9999
7999,2017,12,13,17,261,135,10146,134,18,-9999,-9999,-9999
8000,2017,12,13,18,265,156,10141,155,39,-9999,-9999,-9999
8001,2017,12,13,19,247,155,10146,164,38,-9999,-9999,-9999
8002,2017,12,13,20,222,157,10157,150,27,-9999,-9999,-9999
8003,2017,12,13,21,210,153,10165,141,21,-9999,-9999,-9999
8004,2017,12,13,22,201,149,10168,145,20,-9999,-9999,-9999
8005,2017,12,13,23,200,152,10174,132,16,-9999,-9999,-9999
8006,2017,12,14,0,195,153,10180,139,19,-9999,-9999,-9999
8007,2017,12,14,1,187,152,10189,115,18,-9999,-9999,-9999
8008,2017,12,14,2,190,151,10188,139,14,-9999,-9999,-9999
8009,2017,12,14,3,190,149,10181,120,13,-9999,-9999,-9999
8010,2017,12,14,4,192,153,10175,85,19,-9999,-9999,-9999
8011,2017,12,14,5,187,151,10169,77,22,-9999,-9999,-9999
8012,2017,12,14,6,185,151,10168,80,28,-9999,-9999,-9999
8013,2017,12,14,7,182,151,10168,76,24,-9999,-9999,-9999
8014,2017,12,14,8,181,150,10170,90,22,-9999,-9999,-9999
8015,2017,12,14,9,185,152,10175,93,17,-9999,-9999,-9999
8016,2017,12,14,10,192,155,10178,92,13,-9999,-9999,-9999
8017,2017,12,14,11,217,157,10171,79,17,-9999,-9999,-9999
8018,2017,12,14,12,232,154,10168,68,15,-9999,-9999,-9999
8019,2017,12,14,13,245,145,10161,81,14,-9999,-9999,-9999
8020,2017,12,14,14,266,149,10149,263,14,-9999,-9999,-9999
8021,2017,12,14,15,282,132,10137,298,20,-9999,-9999,-9999
8022,2017,12,14,16,300,115,10122,247,18,-9999,-9999,-9999
8023,2017,12,14,17,310,104,10110,206,17,-9999,-9999,-9999
8024,2017,12,14,18,305,97,10103,246,12,-9999,-9999,-9999
8025,2017,12,14,19,295,154,10100,170,33,-9999,-9999,-9999
8026,2017,12,14,20,276,161,10104,173,41,-9999,-9999,-9999
8027,2017,12,14,21,265,153,10114,163,23,-9999,-9999,-9999
8028,2017,12,14,22,250,111,10122,168,23,-9999,-9999,-9999
8029,2017,12,14,23,235,125,10133,123,16,-9999,-9999,-9999
8030,2017,12,15,0,221,138,10147,180,6,-9999,-9999,-9999
8031,2017,12,15,1,220,146,10154,117,9,-9999,-9999,-9999
8032,2017,12,15,2,215,161,10157,76,17,-9999,-9999,-9999
8033,2017,12,15,3,206,155,10150,36,8,-9999,-9999,-9999
8034,2017,12,15,4,200,159,10142,36,5,-9999,-9999,-9999
8035,2017,12,15,5,197,144,10135,67,5,-9999,-9999,-9999
8036,2017,12,15,6,190,138,10132,32,0,-9999,-9999,-9999
8037,2017,12,15,7,191,138,10133,92,0,-9999,-9999,-9999
8038,2017,12,15,8,186,138,10136,33,1,-9999,-9999,-9999
8039,2017,12,15,9,200,147,10138,159,0,-9999,-9999,-9999
8040,2017,12,15,10,222,151,10141,242,11,-9999,-9999,-9999
8041,2017,12,15,11,242,156,10138,310,20,-9999,-9999,-9999
8042,2017,12,15,12,257,158,10133,308,37,-9999,-9999,-9999
8043,2017,12,15,13,272,158,10127,280,33,-9999,-9999,-9999
8044,2017,12,15,14,282,127,10121,317,33,-9999,-9999,-9999
8045,2017,12,15,15,296,133,10112,272,32,-9999,-9999,-9999
8046,2017,12,15,16,315,114,10096,222,26,-9999,-9999,-9999
8047,2017,12,15,17,307,149,10089,197,18,-9999,-9999,-9999
8048,2017,12,15,18,272,167,10095,189,41,-9999,-9999,-9999
8049,2017,12,15,19,266,166,10102,185,33,-9999,-9999,-9999
8050,2017,12,15,20,267,167,10100,179,27,-9999,-9999,-9999
8051,2017,12,15,21,257,162,10105,181,33,-9999,-9999,-9999
8052,2017,12,15,22,236,166,10115,151,22,-9999,-9999,-9999
8053,2017,12,15,23,227,164,10126,134,13,-9999,-9999,-9999
8054,2017,12,16,0,225,161,10129,86,20,-9999,-9999,-9999
8055,2017,12,16,1,226,150,10130,87,14,-9999,-9999,-9999
8056,2017,12,16,2,222,154,10135,21,10,-9999,-9999,-9999
8057,2017,12,16,3,215,151,10132,31,5,-9999,-9999,-9999
8058,2017,12,16,4,215,147,10127,121,0,-9999,-9999,-9999
8059,2017,12,16,5,212,147,10127,15,2,-9999,-9999,-9999
8060,2017,12,16,6,207,146,10125,29,2,-9999,-9999,-9999
8061,2017,12,16,7,205,147,10124,66,1,-9999,-9999,-9999
8062,2017,12,16,8,202,147,10131,60,0,-9999,-9999,-9999
8063,2017,12,16,9,212,150,10134,97,8,-9999,-9999,-9999
8064,2017,12,16,10,231,155,10137,181,10,-9999,-9999,-9999
8065,2017,12,16,11,261,161,10129,252,2,-9999,-9999,-9999
8066,2017,12,16,12,265,139,10126,67,16,-9999,-9999,-9999
8067,2017,12,16,13,286,141,10119,7,10,-9999,-9999,-9999
8068,2017,12,16,14,292,125,10114,242,15,-9999,-9999,-9999
8069,2017,12,16,15,310,125,10104,38,15,-9999,-9999,-9999
8070,2017,12,16,16,305,120,10099,238,22,-9999,-9999,-9999
8071,2017,12,16,17,262,155,10106,113,37,-9999,-9999,-9999
8072,2017,12,16,18,267,172,10099,131,17,-9999,-9999,-9999
8073,2017,12,16,19,242,170,10108,231,20,-9999,-9999,-9999
8074,2017,12,16,20,250,158,10101,187,5,-9999,-9999,-9999
8075,2017,12,16,21,260,150,10100,134,10,-9999,-9999,-9999
8076,2017,12,16,22,250,145,10107,137,12,-9999,-9999,-9999
8077,2017,12,16,23,242,175,10118,90,20,-9999,-9999,-9999
8078,2017,12,17,0,237,151,10121,76,14,-9999,-9999,-9999
8079,2017,12,17,1,235,160,10130,82,14,-9999,-9999,-9999
8080,2017,12,17,2,231,150,10129,80,10,-9999,-9999,-9999
8081,2017,12,17,3,225,153,10125,54,1,-9999,-9999,-9999
8082,2017,12,17,4,220,154,10116,217,13,-9999,-9999,-9999
8083,2017,12,17,5,221,156,10112,41,9,-9999,-9999,-9999
8084,2017,12,17,6,220,145,10110,16,12,-9999,-9999,-9999
8085,2017,12,17,7,215,141,10113,39,11,-9999,-9999,-9999
8086,2017,12,17,8,206,142,10121,94,2,-9999,-9999,-9999
8087,2017,12,17,9,226,148,10123,30,7,-9999,-9999,-9999
8088,2017,12,17,10,245,146,10128,30,19,-9999,-9999,-9999
8089,2017,12,17,11,260,142,10133,344,21,-9999,-9999,-9999
8090,2017,12,17,12,266,149,10138,349,37,-9999,-9999,-9999
8091,2017,12,17,13,285,131,10130,349,35,-9999,-9999,-9999
8092,2017,12,17,14,296,140,10128,347,38,-9999,-9999,-9999
8093,2017,12,17,15,295,133,10127,339,47,-9999,-9999,-9999
8094,2017,12,17,16,312,126,10113,303,39,-9999,-9999,-9999
8095,2017,12,17,17,305,124,10109,324,23,-9999,-9999,-9999
8096,2017,12,17,18,325,120,10098,316,21,-9999,-9999,-9999
8097,2017,12,17,19,315,118,10092,305,13,-9999,-9999,-9999
8098,2017,12,17,20,325,122,10083,347,9,-9999,-9999,-9999
8099,2017,12,17,21,307,124,10087,9,22,-9999,-9999,-9999
8100,2017,12,17,22,295,136,10099,311,6,-9999,-9999,-9999
8101,2017,12,17,23,277,173,10118,119,21,-9999,-9999,-9999
8102,2017,12,18,0,272,158,10132,129,14,-9999,-9999,-9999
8103,2017,12,18,1,246,146,10151,172,48,-9999,-9999,-9999
8104,2017,12,18,2,216,167,10164,358,16,-9999,-9999,-9999
8105,2017,12,18,3,200,151,10164,62,36,-9999,-9999,-9999
8106,2017,12,18,4,215,146,10156,11,37,-9999,-9999,-9999
8107,2017,12,18,5,221,136,10131,333,41,-9999,-9999,-9999
8108,2017,12,18,6,212,147,10129,321,1,-9999,-9999,-9999
8109,2017,12,18,7,206,148,10138,50,1,-9999,-9999,-9999
8110,2017,12,18,8,212,147,10142,245,14,-9999,-9999,-9999
8111,2017,12,18,9,210,153,10154,315,20,-9999,-9999,-9999
8112,2017,12,18,10,226,159,10155,360,3,-9999,-9999,-9999
8113,2017,12,18,11,247,171,10159,286,11,-9999,-9999,-9999
8114,2017,12,18,12,251,161,10159,287,20,-9999,-9999,-9999
8115,2017,12,18,13,266,153,10152,323,17,-9999,-9999,-9999
8116,2017,12,18,14,276,140,10150,242,10,-9999,-9999,-9999
8117,2017,12,18,15,281,144,10143,132,10,-9999,-9999,-9999
8118,2017,12,18,16,262,175,10145,176,39,-9999,-9999,-9999
8119,2017,12,18,17,260,185,10146,170,35,-9999,-9999,-9999
8120,2017,12,18,18,255,176,10146,160,32,-9999,-9999,-9999
8121,2017,12,18,19,246,179,10149,155,29,-9999,-9999,-9999
8122,2017,12,18,20,242,176,10152,149,25,-9999,-9999,-9999
8123,2017,12,18,21,227,176,10164,157,38,-9999,-9999,-9999
8124,2017,12,18,22,222,176,10166,129,28,-9999,-9999,-9999
8125,2017,12,18,23,222,175,10174,150,27,-9999,-9999,-9999
8126,2017,12,19,0,220,177,10181,147,26,-9999,-9999,-9999
8127,2017,12,19,1,220,174,10184,122,24,-9999,-9999,-9999
8128,2017,12,19,2,217,172,10183,130,22,-9999,-9999,-9999
8129,2017,12,19,3,215,169,10181,126,29,-9999,-9999,-9999
8130,2017,12,19,4,215,168,10176,136,22,-9999,-9999,-9999
8131,2017,12,19,5,210,171,10171,122,27,-9999,-9999,-9999
8132,2017,12,19,6,211,172,10172,120,25,-9999,-9999,-9999
8133,2017,12,19,7,210,170,10175,117,32,-9999,-9999,-9999
8134,2017,12,19,8,205,167,10181,149,19,-9999,-9999,-9999
8135,2017,12,19,9,207,166,10183,112,20,-9999,-9999,-9999
8136,2017,12,19,10,215,167,10185,106,27,-9999,-9999,-9999
8137,2017,12,19,11,226,167,10183,102,22,-9999,-9999,-9999
8138,2017,12,19,12,240,163,10179,118,22,-9999,-9999,-9999
8139,2017,12,19,13,250,164,10175,103,21,-9999,-9999,-9999
8140,2017,12,19,14,271,173,10161,82,21,-9999,-9999,-9999
8141,2017,12,19,15,275,163,10154,93,17,-9999,-9999,-9999
8142,2017,12,19,16,305,162,10138,172,8,-9999,-9999,-9999
8143,2017,12,19,17,286,179,10135,164,37,-9999,-9999,-9999
8144,2017,12,19,18,276,184,10134,149,28,-9999,-9999,-9999
8145,2017,12,19,19,256,176,10130,154,41,-9999,-9999,-9999
8146,2017,12,19,20,240,179,10141,139,29,-9999,-9999,-9999
8147,2017,12,19,21,222,182,10151,140,30,-9999,-9999,-9999
8148,2017,12,19,22,226,178,10161,128,16,-9999,-9999,-9999
8149,2017,12,19,23,222,177,10162,181,22,-9999,-9999,-9999
8150,2017,12,20,0,222,174,10168,160,21,-9999,-9999,-9999
8151,2017,12,20,1,220,175,10175,152,14,-9999,-9999,-9999
8152,2017,12,20,2,215,179,10171,140,14,-9999,-9999,-9999
8153,2017,12,20,3,215,176,10165,117,23,-9999,-9999,-9999
8154,2017,12,20,4,216,176,10155,102,20,-9999,-9999,-9999
8155,2017,12,20,5,210,171,10148,111,29,-9999,-9999,-9999
8156,2017,12,20,6,210,169,10147,95,22,-9999,-9999,-9999
8157,2017,12,20,7,212,171,10142,99,18,-9999,-9999,-9999
8158,2017,12,20,8,211,171,10145,68,15,-9999,-9999,-9999
8159,2017,12,20,9,210,168,10149,102,26,-9999,-9999,-9999
8160,2017,12,20,10,217,173,10149,76,16,-9999,-9999,-9999
8161,2017,12,20,11,230,172,10145,48,7,-9999,-9999,-9999
8162,2017,12,20,12,251,171,10140,358,6,-9999,-9999,-9999
8163,2017,12,20,13,267,171,10131,86,13,-9999,-9999,-9999
8164,2017,12,20,14,282,148,10121,297,34,-9999,-9999,-9999
8165,2017,12,20,15,296,165,10111,311,21,-9999,-9999,-9999
8166,2017,12,20,16,287,151,10107,328,31,-9999,-9999,-9999
8167,2017,12,20,17,295,153,10098,344,26,-9999,-9999,-9999
8168,2017,12,20,18,292,147,10088,298,23,-9999,-9999,-9999
8169,2017,12,20,19,291,157,10079,245,17,-9999,-9999,-9999
8170,2017,12,20,20,215,161,10113,94,47,-9999,-9999,-9999
8171,2017,12,20,21,205,170,10130,321,8,-9999,-9999,-9999
8172,2017,12,20,23,200,175,10136,107,18,-9999,-9999,-9999
8173,2017,12,21,0,205,177,10138,172,0,-9999,-9999,-9999
8174,2017,12,21,1,196,168,10144,168,4,-9999,-9999,-9999
8175,2017,12,21,2,200,172,10148,214,31,-9999,-9999,-9999
8176,2017,12,21,3,192,166,10144,96,8,-9999,-9999,-9999
8177,2017,12,21,4,192,167,10127,32,4,-9999,-9999,-9999
8178,2017,12,21,5,196,172,10123,315,12,-9999,-9999,-9999
8179,2017,12,21,6,197,172,10120,250,15,-9999,-9999,-9999
8180,2017,12,21,7,197,173,10119,266,6,-9999,-9999,-9999
8181,2017,12,21,8,200,174,10125,268,3,-9999,-9999,-9999
8182,2017,12,21,9,201,174,10129,22,0,-9999,-9999,-9999
8183,2017,12,21,10,205,177,10135,183,2,-9999,-9999,-9999
8184,2017,12,21,11,207,180,10140,177,0,-9999,-9999,-9999
8185,2017,12,21,12,206,178,10142,171,12,-9999,-9999,-9999
8186,2017,12,21,13,205,176,10142,174,11,-9999,-9999,-9999
8187,2017,12,21,14,207,178,10142,96,8,-9999,-9999,-9999
8188,2017,12,21,15,206,176,10137,151,4,-9999,-9999,-9999
8189,2017,12,21,16,210,182,10134,168,1,-9999,-9999,-9999
8190,2017,12,21,17,200,174,10132,257,26,-9999,-9999,-9999
8191,2017,12,21,18,205,173,10123,296,22,-9999,-9999,-9999
8192,2017,12,21,19,211,168,10117,324,34,-9999,-9999,-9999
8193,2017,12,21,20,212,166,10116,319,49,-9999,-9999,-9999
8194,2017,12,21,21,212,167,10115,332,29,-9999,-9999,-9999
8195,2017,12,21,22,210,165,10120,326,33,-9999,-9999,-9999
8196,2017,12,21,23,205,166,10128,318,18,-9999,-9999,-9999
8197,2017,12,22,0,205,167,10135,346,9,-9999,-9999,-9999
8198,2017,12,22,1,200,171,10138,4,14,-9999,-9999,-9999
8199,2017,12,22,2,200,168,10135,38,11,-9999,-9999,-9999
8200,2017,12,22,3,202,163,10138,342,6,-9999,-9999,-9999
8201,2017,12,22,4,205,163,10133,328,14,-9999,-9999,-9999
8202,2017,12,22,5,202,161,10126,319,23,-9999,-9999,-9999
8203,2017,12,22,6,196,164,10124,300,20,-9999,-9999,-9999
8204,2017,12,22,7,197,164,10124,316,20,-9999,-9999,-9999
8205,2017,12,22,8,197,165,10126,11,11,-9999,-9999,-9999
8206,2017,12,22,9,200,166,10132,328,17,-9999,-9999,-9999
8207,2017,12,22,10,205,170,10138,339,18,-9999,-9999,-9999
8208,2017,12,22,11,215,179,10141,334,20,-9999,-9999,-9999
8209,2017,12,22,12,215,176,10141,337,18,-9999,-9999,-9999
8210,2017,12,22,13,227,176,10140,311,24,-9999,-9999,-9999
8211,2017,12,22,14,215,179,10142,306,22,-9999,-9999,-9999
8212,2017,12,22,15,217,176,10137,322,36,-9999,-9999,-9999
8213,2017,12,22,16,215,175,10138,311,41,-9999,-9999,-9999
8214,2017,12,22,17,212,178,10135,338,26,-9999,-9999,-9999
8215,2017,12,22,18,225,171,10122,330,27,-9999,-9999,-9999
8216,2017,12,22,19,225,169,10113,4,26,-9999,-9999,-9999
8217,2017,12,22,20,222,169,10117,336,21,-9999,-9999,-9999
8218,2017,12,22,21,225,174,10116,346,13,-9999,-9999,-9999
8219,2017,12,22,22,222,175,10117,360,13,-9999,-9999,-9999
8220,2017,12,22,23,217,174,10124,354,0,-9999,-9999,-9999
8221,2017,12,23,0,217,172,10125,10,21,-9999,-9999,-9999
8222,2017,12,23,1,215,164,10131,334,15,-9999,-9999,-9999
8223,2017,12,23,2,210,164,10131,324,8,-9999,-9999,-9999
8224,2017,12,23,3,207,161,10126,322,18,-9999,-9999,-9999
8225,2017,12,23,4,206,158,10128,351,18,-9999,-9999,-9999
8226,2017,12,23,5,206,161,10121,340,21,-9999,-9999,-9999
8227,2017,12,23,6,202,162,10124,2,6,-9999,-9999,-9999
8228,2017,12,23,7,207,164,10122,337,20,-9999,-9999,-9999
8229,2017,12,23,8,206,164,10127,312,17,-9999,-9999,-9999
8230,2017,12,23,9,210,165,10131,317,31,-9999,-9999,-9999
8231,2017,12,23,10,220,166,10134,323,28,-9999,-9999,-9999
8232,2017,12,23,11,232,171,10132,336,26,-9999,-9999,-9999
8233,2017,12,23,12,247,169,10127,331,39,-9999,-9999,-9999
8234,2017,12,23,13,257,168,10120,315,51,-9999,-9999,-9999
8235,2017,12,23,14,270,153,10114,317,75,-9999,-9999,-9999
8236,2017,12,23,15,281,156,10105,311,53,-9999,-9999,-9999
8237,2017,12,23,16,286,158,10098,312,71,-9999,-9999,-9999
8238,2017,12,23,17,275,161,10099,294,37,-9999,-9999,-9999
8239,2017,12,23,18,267,173,10094,310,20,-9999,-9999,-9999
8240,2017,12,23,19,265,171,10086,332,27,-9999,-9999,-9999
8241,2017,12,23,20,262,181,10087,358,34,-9999,-9999,-9999
8242,2017,12,23,21,246,174,10095,318,50,-9999,-9999,-9999
8243,2017,12,23,22,237,170,10098,295,36,-9999,-9999,-9999
8244,2017,12,23,23,235,166,10099,324,22,-9999,-9999,-9999
8245,2017,12,24,0,231,166,10105,342,14,-9999,-9999,-9999
8246,2017,12,24,1,230,161,10113,338,19,-9999,-9999,-9999
8247,2017,12,24,2,230,163,10113,21,21,-9999,-9999,-9999
8248,2017,12,24,3,227,166,10104,336,11,-9999,-9999,-9999
8249,2017,12,24,4,226,166,10100,360,18,-9999,-9999,-9999
8250,2017,12,24,5,222,168,10099,342,28,-9999,-9999,-9999
8251,2017,12,24,6,222,170,10095,351,21,-9999,-9999,-9999
8252,2017,12,24,7,217,169,10099,333,29,-9999,-9999,-9999
8253,2017,12,24,8,215,167,10102,322,27,-9999,-9999,-9999
8254,2017,12,24,9,217,168,10103,330,38,-9999,-9999,-9999
8255,2017,12,24,10,237,167,10100,319,37,-9999,-9999,-9999
8256,2017,12,24,11,242,164,10102,322,45,-9999,-9999,-9999
8257,2017,12,24,12,256,163,10099,318,28,-9999,-9999,-9999
8258,2017,12,24,13,262,161,10099,316,43,-9999,-9999,-9999
8259,2017,12,24,14,267,162,10096,323,47,-9999,-9999,-9999
8260,2017,12,24,15,267,158,10095,311,59,-9999,-9999,-9999
8261,2017,12,24,16,270,170,10089,310,56,-9999,-9999,-9999
8262,2017,12,24,17,277,171,10083,306,27,-9999,-9999,-9999
8263,2017,12,24,18,276,167,10077,326,32,-9999,-9999,-9999
8264,2017,12,24,19,275,167,10075,276,33,-9999,-9999,-9999
8265,2017,12,24,20,275,169,10073,302,33,-9999,-9999,-9999
8266,2017,12,24,21,250,164,10086,9,32,-9999,-9999,-9999
8267,2017,12,24,22,242,160,10089,314,11,-9999,-9999,-9999
8268,2017,12,24,23,242,163,10094,344,5,-9999,-9999,-9999
8269,2017,12,25,0,242,167,10101,347,3,-9999,-9999,-9999
8270,2017,12,25,1,240,168,10108,333,15,-9999,-9999,-9999
8271,2017,12,25,2,237,167,10109,271,10,-9999,-9999,-9999
8272,2017,12,25,3,235,171,10106,307,15,-9999,-9999,-9999
8273,2017,12,25,4,231,169,10106,325,13,-9999,-9999,-9999
8274,2017,12,25,5,226,173,10101,303,12,-9999,-9999,-9999
8275,2017,12,25,6,226,174,10097,271,1,-9999,-9999,-9999
8276,2017,12,25,7,225,173,10100,270,3,-9999,-9999,-9999
8277,2017,12,25,8,221,174,10107,334,6,-9999,-9999,-9999
8278,2017,12,25,9,222,176,10111,322,12,-9999,-9999,-9999
8279,2017,12,25,10,231,179,10112,208,11,-9999,-9999,-9999
8280,2017,12,25,11,232,180,10116,244,16,-9999,-9999,-9999
8281,2017,12,25,12,245,180,10117,217,18,-9999,-9999,-9999
8282,2017,12,25,13,255,175,10116,260,19,-9999,-9999,-9999
8283,2017,12,25,14,267,179,10105,240,20,-9999,-9999,-9999
8284,2017,12,25,15,261,175,10099,215,25,-9999,-9999,-9999
8285,2017,12,25,16,276,181,10089,245,23,-9999,-9999,-9999
8286,2017,12,25,17,282,171,10082,247,18,-9999,-9999,-9999
8287,2017,12,25,18,220,192,10103,200,15,-9999,-9999,-9999
8288,2017,12,25,19,237,190,10098,211,29,-9999,-9999,-9999
8289,2017,12,25,20,200,182,10128,240,26,-9999,-9999,-9999
8290,2017,12,25,21,207,190,10118,191,22,-9999,-9999,-9999
8291,2017,12,25,22,206,185,10128,181,24,-9999,-9999,-9999
8292,2017,12,25,23,205,181,10132,146,13,-9999,-9999,-9999
8293,2017,12,26,0,202,179,10141,101,22,-9999,-9999,-9999
8294,2017,12,26,1,205,176,10138,113,28,-9999,-9999,-9999
8295,2017,12,26,2,205,174,10140,114,22,-9999,-9999,-9999
8296,2017,12,26,3,205,177,10134,113,11,-9999,-9999,-9999
8297,2017,12,26,4,202,175,10129,103,28,-9999,-9999,-9999
8298,2017,12,26,5,200,176,10127,84,24,-9999,-9999,-9999
8299,2017,12,26,6,200,174,10127,105,13,-9999,-9999,-9999
8300,2017,12,26,7,201,173,10129,102,17,-9999,-9999,-9999
8301,2017,12,26,8,200,173,10141,96,11,-9999,-9999,-9999
8302,2017,12,26,9,202,172,10141,101,14,-9999,-9999,-9999
8303,2017,12,26,10,207,175,10142,113,12,-9999,-9999,-9999
8304,2017,12,26,11,215,176,10144,96,20,-9999,-9999,-9999
8305,2017,12,26,12,227,178,10145,57,9,-9999,-9999,-9999
8306,2017,12,26,13,246,175,10139,225,5,-9999,-9999,-9999
8307,2017,12,26,14,260,177,10131,203,9,-9999,-9999,-9999
8308,2017,12,26,15,265,171,10122,128,14,-9999,-9999,-9999
8309,2017,12,26,16,281,165,10111,192,12,-9999,-9999,-9999
8310,2017,12,26,17,237,192,10124,95,12,-9999,-9999,-9999
8311,2017,12,26,18,237,198,10121,142,21,-9999,-9999,-9999
8312,2017,12,26,19,216,192,10130,191,27,-9999,-9999,-9999
8313,2017,12,26,20,221,191,10129,172,30,-9999,-9999,-9999
8314,2017,12,26,21,217,194,10136,144,14,-9999,-9999,-9999
8315,2017,12,26,22,216,189,10138,136,16,-9999,-9999,-9999
8316,2017,12,26,23,217,185,10145,111,20,-9999,-9999,-9999
8317,2017,12,27,0,215,182,10155,79,31,-9999,-9999,-9999
8318,2017,12,27,1,216,183,10155,93,14,-9999,-9999,-9999
8319,2017,12,27,2,215,185,10156,95,22,-9999,-9999,-9999
8320,2017,12,27,3,216,186,10148,80,12,-9999,-9999,-9999
8321,2017,12,27,4,215,184,10136,97,19,-9999,-9999,-9999
8322,2017,12,27,5,212,184,10135,104,14,-9999,-9999,-9999
8323,2017,12,27,6,215,184,10135,77,6,-9999,-9999,-9999
8324,2017,12,27,7,215,183,10137,10,9,-9999,-9999,-9999
8325,2017,12,27,8,210,181,10142,62,0,-9999,-9999,-9999
8326,2017,12,27,9,212,184,10144,261,0,-9999,-9999,-9999
8327,2017,12,27,10,222,187,10147,332,1,-9999,-9999,-9999
8328,2017,12,27,11,236,190,10148,209,6,-9999,-9999,-9999
8329,2017,12,27,12,256,182,10145,251,16,-9999,-9999,-9999
8330,2017,12,27,13,260,177,10143,232,22,-9999,-9999,-9999
8331,2017,12,27,14,272,173,10134,261,17,-9999,-9999,-9999
8332,2017,12,27,15,286,155,10123,215,34,-9999,-9999,-9999
8333,2017,12,27,16,285,175,10117,178,39,-9999,-9999,-9999
8334,2017,12,27,17,266,173,10115,178,45,-9999,-9999,-9999
8335,2017,12,27,18,252,187,10119,162,22,-9999,-9999,-9999
8336,2017,12,27,19,257,180,10113,155,32,-9999,-9999,-9999
8337,2017,12,27,20,251,178,10112,174,37,-9999,-9999,-9999
8338,2017,12,27,21,240,179,10118,144,22,-9999,-9999,-9999
8339,2017,12,27,22,235,176,10127,145,16,-9999,-9999,-9999
8340,2017,12,27,23,231,176,10130,85,19,-9999,-9999,-9999
8341,2017,12,28,0,226,178,10137,88,21,-9999,-9999,-9999
8342,2017,12,28,1,225,178,10139,98,24,-9999,-9999,-9999
8343,2017,12,28,2,220,179,10139,136,15,-9999,-9999,-9999
8344,2017,12,28,3,217,180,10136,123,18,-9999,-9999,-9999
8345,2017,12,28,4,217,182,10131,117,22,-9999,-9999,-9999
8346,2017,12,28,5,217,182,10125,132,11,-9999,-9999,-9999
8347,2017,12,28,6,215,180,10119,112,7,-9999,-9999,-9999
8348,2017,12,28,7,217,181,10122,123,14,-9999,-9999,-9999
8349,2017,12,28,8,217,181,10127,123,10,-9999,-9999,-9999
8350,2017,12,28,9,217,184,10132,162,11,-9999,-9999,-9999
8351,2017,12,28,10,217,186,10137,86,13,-9999,-9999,-9999
8352,2017,12,28,11,221,187,10141,99,17,-9999,-9999,-9999
8353,2017,12,28,12,221,187,10145,105,15,-9999,-9999,-9999
8354,2017,12,28,13,222,195,10144,119,11,-9999,-9999,-9999
8355,2017,12,28,14,226,191,10146,192,5,-9999,-9999,-9999
8356,2017,12,28,15,236,181,10136,170,9,-9999,-9999,-9999
8357,2017,12,28,16,242,189,10127,124,13,-9999,-9999,-9999
8358,2017,12,28,17,257,169,10119,148,22,-9999,-9999,-9999
8359,2017,12,28,18,251,176,10115,166,24,-9999,-9999,-9999
8360,2017,12,28,19,246,174,10110,149,21,-9999,-9999,-9999
8361,2017,12,28,20,240,180,10111,139,20,-9999,-9999,-9999
8362,2017,12,28,21,232,178,10117,137,23,-9999,-9999,-9999
8363,2017,12,28,22,227,181,10120,137,14,-9999,-9999,-9999
8364,2017,12,28,23,222,183,10125,114,24,-9999,-9999,-9999
8365,2017,12,29,0,220,183,10131,119,21,-9999,-9999,-9999
8366,2017,12,29,1,215,181,10142,88,30,-9999,-9999,-9999
8367,2017,12,29,2,210,181,10139,108,20,-9999,-9999,-9999
8368,2017,12,29,3,212,180,10130,104,16,-9999,-9999,-9999
8369,2017,12,29,4,210,180,10124,114,20,-9999,-9999,-9999
8370,2017,12,29,5,210,181,10116,101,23,-9999,-9999,-9999
8371,2017,12,29,6,210,180,10112,100,19,-9999,-9999,-9999
8372,2017,12,29,7,211,180,10112,83,20,-9999,-9999,-9999
8373,2017,12,29,8,210,181,10113,82,9,-9999,-9999,-9999
8374,2017,12,29,9,212,182,10121,36,14,-9999,-9999,-9999
8375,2017,12,29,11,192,163,10134,350,17,-9999,-9999,-9999
8376,2017,12,29,12,200,167,10132,344,22,-9999,-9999,-9999
8377,2017,12,29,13,210,177,10127,19,10,-9999,-9999,-9999
8378,2017,12,29,15,226,181,10112,54,11,-9999,-9999,-9999
8379,2017,12,29,16,235,180,10105,39,16,-9999,-9999,-9999
8380,2017,12,29,17,236,185,10094,35,15,-9999,-9999,-9999
8381,2017,12,29,18,240,181,10089,349,12,-9999,-9999,-9999
8382,2017,12,29,19,240,175,10084,15,5,-9999,-9999,-9999
8383,2017,12,29,20,237,179,10084,76,11,-9999,-9999,-9999
8384,2017,12,29,21,230,193,10088,62,20,-9999,-9999,-9999
8385,2017,12,29,22,227,195,10086,73,11,-9999,-9999,-9999
8386,2017,12,29,23,227,194,10092,74,14,-9999,-9999,-9999
8387,2017,12,30,0,225,192,10097,76,15,-9999,-9999,-9999
8388,2017,12,30,1,220,190,10104,65,17,-9999,-9999,-9999
8389,2017,12,30,2,216,187,10099,60,12,-9999,-9999,-9999
8390,2017,12,30,3,191,163,10118,326,55,-9999,-9999,-9999
8391,2017,12,30,4,196,168,10112,300,39,-9999,-9999,-9999
8392,2017,12,30,5,195,167,10104,321,31,-9999,-9999,-9999
8393,2017,12,30,6,196,165,10104,326,39,-9999,-9999,-9999
8394,2017,12,30,7,197,167,10099,330,37,-9999,-9999,-9999
8395,2017,12,30,8,195,168,10098,349,22,-9999,-9999,-9999
8396,2017,12,30,11,206,170,10098,316,53,-9999,-9999,-9999
8397,2017,12,30,12,212,172,10102,322,33,-9999,-9999,-9999
8398,2017,12,30,13,220,173,10101,303,38,-9999,-9999,-9999
8399,2017,12,30,14,237,175,10095,327,47,-9999,-9999,-9999
8400,2017,12,30,15,245,177,10089,306,43,-9999,-9999,-9999
8401,2017,12,30,16,236,173,10086,323,59,-9999,-9999,-9999
8402,2017,12,30,17,242,179,10077,311,60,-9999,-9999,-9999
8403,2017,12,30,18,222,181,10082,333,38,-9999,-9999,-9999
8404,2017,12,30,19,211,181,10081,332,35,-9999,-9999,-9999
8405,2017,12,30,20,212,176,10082,334,40,-9999,-9999,-9999
8406,2017,12,30,21,210,175,10083,322,50,-9999,-9999,-9999
8407,2017,12,30,22,211,175,10077,354,22,-9999,-9999,-9999
8408,2017,12,30,23,212,176,10089,316,24,-9999,-9999,-9999
8409,2017,12,31,0,215,175,10097,322,37,-9999,-9999,-9999
8410,2017,12,31,1,212,174,10101,336,37,-9999,-9999,-9999
8411,2017,12,31,2,210,174,10102,330,24,-9999,-9999,-9999
8412,2017,12,31,3,202,175,10099,316,29,-9999,-9999,-9999
8413,2017,12,31,4,202,171,10095,330,24,-9999,-9999,-9999
8414,2017,12,31,5,202,167,10088,321,47,-9999,-9999,-9999
8415,2017,12,31,6,202,169,10086,322,34,-9999,-9999,-9999
8416,2017,12,31,7,202,169,10090,317,57,-9999,-9999,-9999
8417,2017,12,31,8,201,171,10092,339,54,-9999,-9999,-9999
8418,2017,12,31,9,202,165,10097,319,29,-9999,-9999,-9999
8419,2017,12,31,10,202,169,10106,324,45,-9999,-9999,-9999
8420,2017,12,31,11,207,173,10111,328,34,-9999,-9999,-9999
8421,2017,12,31,12,217,174,10107,321,43,-9999,-9999,-9999
8422,2017,12,31,13,222,173,10110,323,47,-9999,-9999,-9999
8423,2017,12,31,14,227,178,10110,335,52,-9999,-9999,-9999
8424,2017,12,31,15,225,190,10105,325,19,-9999,-9999,-9999
8425,2017,12,31,16,237,199,10097,314,38,-9999,-9999,-9999
8426,2017,12,31,17,242,182,10091,294,19,-9999,-9999,-9999
8427,2017,12,31,18,217,199,10101,259,12,-9999,-9999,-9999
8428,2017,12,31,19,240,185,10084,301,31,-9999,-9999,-9999
8429,2017,12,31,20,246,181,10083,278,41,-9999,-9999,-9999
8430,2017,12,31,21,245,185,10090,330,26,-9999,-9999,-9999
8431,2017,12,31,22,220,174,10109,307,43,-9999,-9999,-9999
8432,2017,12,31,23,217,173,10111,314,30,-9999,-9999,-9999
