,YEAR,MONTH,DAY,HOUR,AIR-TEMP,DEW-POINT-TEMP,SEA-LEVEL-PRESSURE,WIND-DIRECTION,WIND-SPEED,SKY-CONDITION,RAIN-1HR,RAIN-6HR
0,2017,1,1,1,81,-9999,-9999,-9999,23,-9999,0,-9999
1,2017,1,1,2,89,-9999,-9999,-9999,35,-9999,0,-9999
2,2017,1,1,3,93,-9999,-9999,-9999,37,-9999,0,-9999
3,2017,1,1,4,96,-9999,-9999,-9999,44,-9999,0,-9999
4,2017,1,1,5,93,-9999,-9999,-9999,43,-9999,0,-9999
5,2017,1,1,6,90,-9999,-9999,-9999,40,-9999,0,-9999
6,2017,1,1,7,85,-9999,-9999,-9999,33,-9999,0,-9999
7,2017,1,1,8,84,-9999,-9999,-9999,24,-9999,0,-9999
8,2017,1,1,9,85,-9999,-9999,-9999,28,-9999,0,-9999
9,2017,1,1,10,88,-9999,-9999,-9999,24,-9999,0,-9999
10,2017,1,1,11,88,-9999,-9999,-9999,26,-9999,0,-9999
11,2017,1,1,12,86,-9999,-9999,-9999,21,-9999,0,-9999
12,2017,1,1,13,83,-9999,-9999,-9999,19,-9999,0,-9999
13,2017,1,1,14,90,-9999,-9999,-9999,24,-9999,0,-9999
14,2017,1,1,15,85,-9999,-9999,-9999,24,-9999,0,-9999
15,2017,1,1,16,93,-9999,-9999,-9999,23,-9999,0,-9999
16,2017,1,1,17,102,-9999,-9999,-9999,21,-9999,0,-9999
17,2017,1,1,18,116,-9999,-9999,-9999,20,-9999,0,-9999
18,2017,1,1,19,115,-9999,-9999,-9999,19,-9999,0,-9999
19,2017,1,1,20,120,-9999,-9999,-9999,19,-9999,0,-9999
20,2017,1,1,21,112,-9999,-9999,-9999,19,-9999,0,-9999
21,2017,1,1,22,94,-9999,-9999,-9999,11,-9999,0,-9999
22,2017,1,1,23,76,-9999,-9999,-9999,7,-9999,0,-9999
23,2017,1,2,0,61,-9999,-9999,-9999,3,-9999,0,-9999
24,2017,1,2,1,70,-9999,-9999,-9999,5,-9999,0,-9999
25,2017,1,2,2,73,-9999,-9999,-9999,6,-9999,0,-9999
26,2017,1,2,3,78,-9999,-9999,-9999,8,-9999,0,-9999
27,2017,1,2,4,88,-9999,-9999,-9999,11,-9999,0,-9999
28,2017,1,2,5,85,-9999,-9999,-9999,11,-9999,0,-9999
29,2017,1,2,6,83,-9999,-9999,-9999,10,-9999,0,-9999
30,2017,1,2,7,86,-9999,-9999,-9999,5,-9999,0,-9999
31,2017,1,2,8,88,-9999,-9999,-9999,13,-9999,5,-9999
32,2017,1,2,9,92,-9999,-9999,-9999,20,-9999,7,-9999
33,2017,1,2,10,94,-9999,-9999,-9999,20,-9999,13,-9999
34,2017,1,2,11,95,-9999,-9999,-9999,24,-9999,26,-9999
35,2017,1,2,12,101,-9999,-9999,-9999,30,-9999,18,-9999
36,2017,1,2,13,99,-9999,-9999,-9999,36,-9999,31,-9999
37,2017,1,2,14,96,-9999,-9999,-9999,39,-9999,66,-9999
38,2017,1,2,15,99,-9999,-9999,-9999,45,-9999,40,-9999
39,2017,1,2,16,95,-9999,-9999,-9999,40,-9999,32,-9999
40,2017,1,2,17,97,-9999,-9999,-9999,35,-9999,10,-9999
41,2017,1,2,18,100,-9999,-9999,-9999,34,-9999,6,-9999
42,2017,1,2,19,98,-9999,-9999,-9999,36,-9999,3,-9999
43,2017,1,2,20,108,-9999,-9999,-9999,36,-9999,6,-9999
44,2017,1,2,21,115,-9999,-9999,-9999,25,-9999,5,-9999
45,2017,1,2,22,103,-9999,-9999,-9999,19,-9999,3,-9999
46,2017,1,2,23,91,-9999,-9999,-9999,11,-9999,5,-9999
47,2017,1,3,0,87,-9999,-9999,-9999,13,-9999,0,-9999
48,2017,1,3,1,88,-9999,-9999,-9999,10,-9999,0,-9999
49,2017,1,3,2,85,-9999,-9999,-9999,13,-9999,4,-9999
50,2017,1,3,3,84,-9999,-9999,-9999,15,-9999,2,-9999
51,2017,1,3,4,78,-9999,-9999,-9999,26,-9999,0,-9999
52,2017,1,3,5,76,-9999,-9999,-9999,26,-9999,0,-9999
53,2017,1,3,6,73,-9999,-9999,-9999,24,-9999,0,-9999
54,2017,1,3,7,73,-9999,-9999,-9999,26,-9999,0,-9999
55,2017,1,3,8,73,-9999,-9999,-9999,18,-9999,0,-9999
56,2017,1,3,9,73,-9999,-9999,-9999,24,-9999,0,-9999
57,2017,1,3,10,79,-9999,-9999,-9999,21,-9999,0,-9999
58,2017,1,3,11,79,-9999,-9999,-9999,24,-9999,0,-9999
59,2017,1,3,12,79,-9999,-9999,-9999,38,-9999,0,-9999
60,2017,1,3,13,82,-9999,-9999,-9999,32,-9999,0,-9999
61,2017,1,3,14,86,-9999,-9999,-9999,25,-9999,11,-9999
62,2017,1,3,15,95,-9999,-9999,-9999,24,-9999,35,-9999
63,2017,1,3,16,105,-9999,-9999,-9999,20,-9999,2,-9999
64,2017,1,3,17,109,-9999,-9999,-9999,9,-9999,0,-9999
65,2017,1,3,18,117,-9999,-9999,-9999,19,-9999,0,-9999
66,2017,1,3,19,102,-9999,-9999,-9999,24,-9999,0,-9999
67,2017,1,3,20,98,-9999,-9999,-9999,22,-9999,0,-9999
68,2017,1,3,21,97,-9999,-9999,-9999,17,-9999,0,-9999
69,2017,1,3,22,99,-9999,-9999,-9999,17,-9999,0,-9999
70,2017,1,3,23,97,-9999,-9999,-9999,16,-9999,0,-9999
71,2017,1,4,0,104,-9999,-9999,-9999,14,-9999,0,-9999
72,2017,1,4,1,111,-9999,-9999,-9999,22,-9999,0,-9999
73,2017,1,4,2,109,-9999,-9999,-9999,22,-9999,0,-9999
74,2017,1,4,3,110,-9999,-9999,-9999,24,-9999,0,-9999
75,2017,1,4,4,107,-9999,-9999,-9999,21,-9999,0,-9999
76,2017,1,4,5,107,-9999,-9999,-9999,14,-9999,0,-9999
77,2017,1,4,6,111,-9999,-9999,-9999,17,-9999,0,-9999
78,2017,1,4,7,112,-9999,-9999,-9999,23,-9999,0,-9999
79,2017,1,4,8,114,-9999,-9999,-9999,24,-9999,0,-9999
80,2017,1,4,9,112,-9999,-9999,-9999,24,-9999,0,-9999
81,2017,1,4,10,112,-9999,-9999,-9999,23,-9999,0,-9999
82,2017,1,4,11,111,-9999,-9999,-9999,21,-9999,0,-9999
83,2017,1,4,12,108,-9999,-9999,-9999,18,-9999,0,-9999
84,2017,1,4,13,110,-9999,-9999,-9999,24,-9999,0,-9999
85,2017,1,4,14,115,-9999,-9999,-9999,21,-9999,0,-9999
86,2017,1,4,15,112,-9999,-9999,-9999,24,-9999,0,-9999
87,2017,1,4,16,117,-9999,-9999,-9999,20,-9999,0,-9999
88,2017,1,4,17,121,-9999,-9999,-9999,20,-9999,0,-9999
89,2017,1,4,18,131,-9999,-9999,-9999,15,-9999,0,-9999
90,2017,1,4,19,131,-9999,-9999,-9999,18,-9999,0,-9999
91,2017,1,4,20,137,-9999,-9999,-9999,13,-9999,0,-9999
92,2017,1,4,21,134,-9999,-9999,-9999,15,-9999,0,-9999
93,2017,1,4,22,108,-9999,-9999,-9999,22,-9999,0,-9999
94,2017,1,4,23,87,-9999,-9999,-9999,13,-9999,0,-9999
95,2017,1,5,0,92,-9999,-9999,-9999,6,-9999,0,-9999
96,2017,1,5,1,99,-9999,-9999,-9999,16,-9999,0,-9999
97,2017,1,5,2,93,-9999,-9999,-9999,28,-9999,0,-9999
98,2017,1,5,3,78,-9999,-9999,-9999,49,-9999,0,-9999
99,2017,1,5,4,71,-9999,-9999,-9999,50,-9999,0,-9999
100,2017,1,5,5,59,-9999,-9999,-9999,42,-9999,0,-9999
101,2017,1,5,6,48,-9999,-9999,-9999,30,-9999,0,-9999
102,2017,1,5,7,38,-9999,-9999,-9999,18,-9999,0,-9999
103,2017,1,5,8,12,-9999,-9999,-9999,11,-9999,0,-9999
104,2017,1,5,9,13,-9999,-9999,-9999,10,-9999,0,-9999
105,2017,1,5,10,16,-9999,-9999,-9999,11,-9999,0,-9999
106,2017,1,5,11,3,-9999,-9999,-9999,11,-9999,0,-9999
107,2017,1,5,12,0,-9999,-9999,-9999,12,-9999,0,-9999
108,2017,1,5,13,-1,-9999,-9999,-9999,8,-9999,0,-9999
109,2017,1,5,14,45,-9999,-9999,-9999,11,-9999,0,-9999
110,2017,1,5,15,49,-9999,-9999,-9999,20,-9999,0,-9999
111,2017,1,5,16,53,-9999,-9999,-9999,30,-9999,0,-9999
112,2017,1,5,17,50,-9999,-9999,-9999,26,-9999,0,-9999
113,2017,1,5,18,45,-9999,-9999,-9999,28,-9999,0,-9999
114,2017,1,5,19,43,-9999,-9999,-9999,18,-9999,0,-9999
115,2017,1,5,20,45,-9999,-9999,-9999,17,-9999,0,-9999
116,2017,1,5,21,45,-9999,-9999,-9999,14,-9999,0,-9999
117,2017,1,5,22,47,-9999,-9999,-9999,23,-9999,0,-9999
118,2017,1,5,23,56,-9999,-9999,-9999,38,-9999,0,-9999
119,2017,1,6,0,64,-9999,-9999,-9999,41,-9999,0,-9999
120,2017,1,6,1,65,-9999,-9999,-9999,27,-9999,0,-9999
121,2017,1,6,2,58,-9999,-9999,-9999,14,-9999,0,-9999
122,2017,1,6,3,57,-9999,-9999,-9999,10,-9999,0,-9999
123,2017,1,6,4,56,-9999,-9999,-9999,26,-9999,0,-9999
124,2017,1,6,5,51,-9999,-9999,-9999,15,-9999,0,-9999
125,2017,1,6,6,45,-9999,-9999,-9999,19,-9999,8,-9999
126,2017,1,6,7,43,-9999,-9999,-9999,33,-9999,8,-9999
127,2017,1,6,8,41,-9999,-9999,-9999,28,-9999,4,-9999
128,2017,1,6,9,42,-9999,-9999,-9999,18,-9999,0,-9999
129,2017,1,6,10,43,-9999,-9999,-9999,25,-9999,0,-9999
130,2017,1,6,11,40,-9999,-9999,-9999,24,-9999,0,-9999
131,2017,1,6,12,35,-9999,-9999,-9999,24,-9999,0,-9999
132,2017,1,6,13,27,-9999,-9999,-9999,38,-9999,0,-9999
133,2017,1,6,14,21,-9999,-9999,-9999,45,-9999,0,-9999
134,2017,1,6,15,19,-9999,-9999,-9999,46,-9999,0,-9999
135,2017,1,6,16,16,-9999,-9999,-9999,44,-9999,0,-9999
136,2017,1,6,17,18,-9999,-9999,-9999,40,-9999,0,-9999
137,2017,1,6,18,20,-9999,-9999,-9999,47,-9999,0,-9999
138,2017,1,6,19,18,-9999,-9999,-9999,46,-9999,0,-9999
139,2017,1,6,20,16,-9999,-9999,-9999,40,-9999,0,-9999
140,2017,1,6,21,13,-9999,-9999,-9999,32,-9999,0,-9999
141,2017,1,6,22,9,-9999,-9999,-9999,33,-9999,0,-9999
142,2017,1,6,23,9,-9999,-9999,-9999,27,-9999,0,-9999
143,2017,1,7,0,10,-9999,-9999,-9999,25,-9999,0,-9999
144,2017,1,7,1,7,-9999,-9999,-9999,30,-9999,0,-9999
145,2017,1,7,2,3,-9999,-9999,-9999,31,-9999,0,-9999
146,2017,1,7,3,-6,-9999,-9999,-9999,32,-9999,0,-9999
147,2017,1,7,4,-7,-9999,-9999,-9999,25,-9999,0,-9999
148,2017,1,7,5,-8,-9999,-9999,-9999,20,-9999,0,-9999
149,2017,1,7,6,-22,-9999,-9999,-9999,37,-9999,5,-9999
150,2017,1,7,7,-26,-9999,-9999,-9999,32,-9999,11,-9999
151,2017,1,7,8,-28,-9999,-9999,-9999,35,-9999,15,-9999
152,2017,1,7,9,-30,-9999,-9999,-9999,42,-9999,25,-9999
153,2017,1,7,10,-37,-9999,-9999,-9999,47,-9999,26,-9999
154,2017,1,7,11,-42,-9999,-9999,-9999,54,-9999,26,-9999
155,2017,1,7,12,-46,-9999,-9999,-9999,55,-9999,16,-9999
156,2017,1,7,13,-44,-9999,-9999,-9999,64,-9999,22,-9999
157,2017,1,7,14,-40,-9999,-9999,-9999,59,-9999,22,-9999
158,2017,1,7,15,-34,-9999,-9999,-9999,68,-9999,24,-9999
159,2017,1,7,16,-28,-9999,-9999,-9999,78,-9999,12,-9999
160,2017,1,7,17,-29,-9999,-9999,-9999,79,-9999,14,-9999
161,2017,1,7,18,-30,-9999,-9999,-9999,80,-9999,14,-9999
162,2017,1,7,19,-37,-9999,-9999,-9999,102,-9999,9,-9999
163,2017,1,7,20,-41,-9999,-9999,-9999,95,-9999,6,-9999
164,2017,1,7,21,-44,-9999,-9999,-9999,96,-9999,0,-9999
165,2017,1,7,22,-45,-9999,-9999,-9999,80,-9999,4,-9999
166,2017,1,7,23,-46,-9999,-9999,-9999,75,-9999,0,-9999
167,2017,1,8,0,-38,-9999,-9999,-9999,68,-9999,0,-9999
168,2017,1,8,1,-39,-9999,-9999,-9999,80,-9999,0,-9999
169,2017,1,8,2,-42,-9999,-9999,-9999,76,-9999,0,-9999
170,2017,1,8,3,-45,-9999,-9999,-9999,69,-9999,0,-9999
171,2017,1,8,4,-48,-9999,-9999,-9999,72,-9999,0,-9999
172,2017,1,8,5,-53,-9999,-9999,-9999,69,-9999,0,-9999
173,2017,1,8,6,-59,-9999,-9999,-9999,68,-9999,0,-9999
174,2017,1,8,7,-60,-9999,-9999,-9999,70,-9999,0,-9999
175,2017,1,8,8,-62,-9999,-9999,-9999,68,-9999,0,-9999
176,2017,1,8,9,-69,-9999,-9999,-9999,67,-9999,0,-9999
177,2017,1,8,10,-71,-9999,-9999,-9999,63,-9999,0,-9999
178,2017,1,8,11,-72,-9999,-9999,-9999,71,-9999,0,-9999
179,2017,1,8,12,-75,-9999,-9999,-9999,73,-9999,0,-9999
180,2017,1,8,13,-9999,-9999,-9999,-9999,79,-9999,0,-9999
181,2017,1,8,14,-73,-9999,-9999,-9999,73,-9999,0,-9999
182,2017,1,8,15,-70,-9999,-9999,-9999,78,-9999,0,-9999
183,2017,1,8,16,-69,-9999,-9999,-9999,79,-9999,0,-9999
184,2017,1,8,17,-64,-9999,-9999,-9999,69,-9999,0,-9999
185,2017,1,8,18,-62,-9999,-9999,-9999,70,-9999,0,-9999
186,2017,1,8,19,-58,-9999,-9999,-9999,66,-9999,0,-9999
187,2017,1,8,20,-55,-9999,-9999,-9999,65,-9999,0,-9999
188,2017,1,8,21,-51,-9999,-9999,-9999,56,-9999,0,-9999
189,2017,1,8,22,-53,-9999,-9999,-9999,55,-9999,0,-9999
190,2017,1,8,23,-55,-9999,-9999,-9999,59,-9999,0,-9999
191,2017,1,9,0,-56,-9999,-9999,-9999,50,-9999,0,-9999
192,2017,1,9,1,-56,-9999,-9999,-9999,66,-9999,0,-9999
193,2017,1,9,2,-58,-9999,-9999,-9999,60,-9999,0,-9999
194,2017,1,9,3,-61,-9999,-9999,-9999,52,-9999,0,-9999
195,2017,1,9,4,-64,-9999,-9999,-9999,51,-9999,0,-9999
196,2017,1,9,5,-64,-9999,-9999,-9999,48,-9999,0,-9999
197,2017,1,9,6,-67,-9999,-9999,-9999,45,-9999,0,-9999
198,2017,1,9,7,-71,-9999,-9999,-9999,36,-9999,0,-9999
199,2017,1,9,8,-81,-9999,-9999,-9999,21,-9999,0,-9999
200,2017,1,9,9,-83,-9999,-9999,-9999,17,-9999,0,-9999
201,2017,1,9,10,-88,-9999,-9999,-9999,16,-9999,0,-9999
202,2017,1,9,11,-79,-9999,-9999,-9999,24,-9999,0,-9999
203,2017,1,9,12,-91,-9999,-9999,-9999,13,-9999,0,-9999
204,2017,1,9,13,-77,-9999,-9999,-9999,16,-9999,0,-9999
205,2017,1,9,14,-70,-9999,-9999,-9999,17,-9999,0,-9999
206,2017,1,9,15,-59,-9999,-9999,-9999,22,-9999,0,-9999
207,2017,1,9,16,-56,-9999,-9999,-9999,20,-9999,0,-9999
208,2017,1,9,17,-52,-9999,-9999,-9999,8,-9999,0,-9999
209,2017,1,9,18,-50,-9999,-9999,-9999,9,-9999,0,-9999
210,2017,1,9,19,-43,-9999,-9999,-9999,17,-9999,0,-9999
211,2017,1,9,20,-42,-9999,-9999,-9999,15,-9999,0,-9999
212,2017,1,9,21,-41,-9999,-9999,-9999,11,-9999,0,-9999
213,2017,1,9,22,-44,-9999,-9999,-9999,17,-9999,0,-9999
214,2017,1,9,23,-57,-9999,-9999,-9999,7,-9999,0,-9999
215,2017,1,10,0,-72,-9999,-9999,-9999,4,-9999,0,-9999
216,2017,1,10,1,-97,-9999,-9999,-9999,6,-9999,0,-9999
217,2017,1,10,2,-106,-9999,-9999,-9999,10,-9999,0,-9999
218,2017,1,10,3,-78,-9999,-9999,-9999,10,-9999,0,-9999
219,2017,1,10,4,-75,-9999,-9999,-9999,6,-9999,0,-9999
220,2017,1,10,5,-59,-9999,-9999,-9999,4,-9999,0,-9999
221,2017,1,10,6,-85,-9999,-9999,-9999,3,-9999,0,-9999
222,2017,1,10,7,-88,-9999,-9999,-9999,4,-9999,0,-9999
223,2017,1,10,8,-93,-9999,-9999,-9999,5,-9999,0,-9999
224,2017,1,10,9,-105,-9999,-9999,-9999,8,-9999,0,-9999
225,2017,1,10,10,-94,-9999,-9999,-9999,8,-9999,0,-9999
226,2017,1,10,11,-89,-9999,-9999,-9999,8,-9999,0,-9999
227,2017,1,10,12,-91,-9999,-9999,-9999,5,-9999,0,-9999
228,2017,1,10,13,-47,-9999,-9999,-9999,2,-9999,0,-9999
229,2017,1,10,14,-40,-9999,-9999,-9999,1,-9999,0,-9999
230,2017,1,10,15,-8,-9999,-9999,-9999,17,-9999,0,-9999
231,2017,1,10,16,-3,-9999,-9999,-9999,13,-9999,0,-9999
232,2017,1,10,17,9,-9999,-9999,-9999,19,-9999,0,-9999
233,2017,1,10,18,24,-9999,-9999,-9999,20,-9999,0,-9999
234,2017,1,10,19,32,-9999,-9999,-9999,21,-9999,0,-9999
235,2017,1,10,20,37,-9999,-9999,-9999,19,-9999,0,-9999
236,2017,1,10,21,36,-9999,-9999,-9999,21,-9999,0,-9999
237,2017,1,10,22,31,-9999,-9999,-9999,13,-9999,0,-9999
238,2017,1,10,23,42,-9999,-9999,-9999,13,-9999,0,-9999
239,2017,1,11,0,46,-9999,-9999,-9999,14,-9999,0,-9999
240,2017,1,11,1,53,-9999,-9999,-9999,18,-9999,0,-9999
241,2017,1,11,2,53,-9999,-9999,-9999,24,-9999,0,-9999
242,2017,1,11,3,59,-9999,-9999,-9999,34,-9999,0,-9999
243,2017,1,11,4,47,-9999,-9999,-9999,41,-9999,0,-9999
244,2017,1,11,5,50,-9999,-9999,-9999,37,-9999,0,-9999
245,2017,1,11,6,52,-9999,-9999,-9999,34,-9999,0,-9999
246,2017,1,11,7,63,-9999,-9999,-9999,36,-9999,0,-9999
247,2017,1,11,8,69,-9999,-9999,-9999,21,-9999,2,-9999
248,2017,1,11,9,74,-9999,-9999,-9999,20,-9999,15,-9999
249,2017,1,11,10,80,-9999,-9999,-9999,25,-9999,8,-9999
250,2017,1,11,11,87,-9999,-9999,-9999,27,-9999,0,-9999
251,2017,1,11,12,80,-9999,-9999,-9999,22,-9999,0,-9999
252,2017,1,11,13,83,-9999,-9999,-9999,23,-9999,0,-9999
253,2017,1,11,14,93,-9999,-9999,-9999,25,-9999,0,-9999
254,2017,1,11,15,93,-9999,-9999,-9999,23,-9999,0,-9999
255,2017,1,11,16,95,-9999,-9999,-9999,23,-9999,0,-9999
256,2017,1,11,17,113,-9999,-9999,-9999,25,-9999,0,-9999
257,2017,1,11,18,121,-9999,-9999,-9999,23,-9999,0,-9999
258,2017,1,11,19,126,-9999,-9999,-9999,24,-9999,0,-9999
259,2017,1,11,20,112,-9999,-9999,-9999,18,-9999,0,-9999
260,2017,1,11,21,99,-9999,-9999,-9999,17,-9999,0,-9999
261,2017,1,11,22,85,-9999,-9999,-9999,14,-9999,0,-9999
262,2017,1,11,23,86,-9999,-9999,-9999,20,-9999,0,-9999
263,2017,1,12,0,92,-9999,-9999,-9999,15,-9999,0,-9999
264,2017,1,12,1,86,-9999,-9999,-9999,15,-9999,0,-9999
265,2017,1,12,2,80,-9999,-9999,-9999,15,-9999,0,-9999
266,2017,1,12,3,90,-9999,-9999,-9999,19,-9999,0,-9999
267,2017,1,12,4,99,-9999,-9999,-9999,28,-9999,0,-9999
268,2017,1,12,5,89,-9999,-9999,-9999,23,-9999,0,-9999
269,2017,1,12,6,98,-9999,-9999,-9999,23,-9999,0,-9999
270,2017,1,12,7,79,-9999,-9999,-9999,17,-9999,0,-9999
271,2017,1,12,8,123,-9999,-9999,-9999,18,-9999,0,-9999
272,2017,1,12,9,78,-9999,-9999,-9999,21,-9999,0,-9999
273,2017,1,12,10,129,-9999,-9999,-9999,25,-9999,0,-9999
274,2017,1,12,11,131,-9999,-9999,-9999,37,-9999,0,-9999
275,2017,1,12,12,136,-9999,-9999,-9999,39,-9999,0,-9999
276,2017,1,12,13,144,-9999,-9999,-9999,39,-9999,0,-9999
277,2017,1,12,14,152,-9999,-9999,-9999,42,-9999,0,-9999
278,2017,1,12,15,171,-9999,-9999,-9999,46,-9999,0,-9999
279,2017,1,12,16,164,-9999,-9999,-9999,40,-9999,0,-9999
280,2017,1,12,17,179,-9999,-9999,-9999,48,-9999,0,-9999
281,2017,1,12,18,186,-9999,-9999,-9999,51,-9999,0,-9999
282,2017,1,12,19,194,-9999,-9999,-9999,53,-9999,0,-9999
283,2017,1,12,20,180,-9999,-9999,-9999,48,-9999,0,-9999
284,2017,1,12,21,190,-9999,-9999,-9999,42,-9999,0,-9999
285,2017,1,12,22,186,-9999,-9999,-9999,38,-9999,0,-9999
286,2017,1,12,23,182,-9999,-9999,-9999,32,-9999,0,-9999
287,2017,1,13,0,173,-9999,-9999,-9999,30,-9999,0,-9999
288,2017,1,13,1,179,-9999,-9999,-9999,35,-9999,0,-9999
289,2017,1,13,2,178,-9999,-9999,-9999,38,-9999,0,-9999
290,2017,1,13,3,172,-9999,-9999,-9999,37,-9999,0,-9999
291,2017,1,13,4,172,-9999,-9999,-9999,36,-9999,0,-9999
292,2017,1,13,5,163,-9999,-9999,-9999,36,-9999,0,-9999
293,2017,1,13,6,157,-9999,-9999,-9999,39,-9999,0,-9999
294,2017,1,13,7,145,-9999,-9999,-9999,35,-9999,0,-9999
295,2017,1,13,8,141,-9999,-9999,-9999,32,-9999,0,-9999
296,2017,1,13,9,134,-9999,-9999,-9999,17,-9999,0,-9999
297,2017,1,13,10,130,-9999,-9999,-9999,15,-9999,0,-9999
298,2017,1,13,11,134,-9999,-9999,-9999,19,-9999,0,-9999
299,2017,1,13,12,131,-9999,-9999,-9999,15,-9999,0,-9999
300,2017,1,13,13,132,-9999,-9999,-9999,16,-9999,0,-9999
301,2017,1,13,14,145,-9999,-9999,-9999,18,-9999,0,-9999
302,2017,1,13,15,158,-9999,-9999,-9999,25,-9999,0,-9999
303,2017,1,13,16,155,-9999,-9999,-9999,41,-9999,0,-9999
304,2017,1,13,17,141,-9999,-9999,-9999,51,-9999,0,-9999
305,2017,1,13,18,132,-9999,-9999,-9999,49,-9999,0,-9999
306,2017,1,13,19,126,-9999,-9999,-9999,53,-9999,0,-9999
307,2017,1,13,20,118,-9999,-9999,-9999,44,-9999,0,-9999
308,2017,1,13,21,114,-9999,-9999,-9999,41,-9999,0,-9999
309,2017,1,13,22,105,-9999,-9999,-9999,34,-9999,0,-9999
310,2017,1,13,23,98,-9999,-9999,-9999,28,-9999,0,-9999
311,2017,1,14,0,90,-9999,-9999,-9999,24,-9999,0,-9999
312,2017,1,14,1,71,-9999,-9999,-9999,13,-9999,0,-9999
313,2017,1,14,2,74,-9999,-9999,-9999,20,-9999,0,-9999
314,2017,1,14,3,67,-9999,-9999,-9999,26,-9999,0,-9999
315,2017,1,14,4,68,-9999,-9999,-9999,28,-9999,0,-9999
316,2017,1,14,5,65,-9999,-9999,-9999,27,-9999,0,-9999
317,2017,1,14,6,64,-9999,-9999,-9999,33,-9999,0,-9999
318,2017,1,14,7,62,-9999,-9999,-9999,41,-9999,0,-9999
319,2017,1,14,8,59,-9999,-9999,-9999,42,-9999,0,-9999
320,2017,1,14,9,56,-9999,-9999,-9999,40,-9999,0,-9999
321,2017,1,14,10,54,-9999,-9999,-9999,39,-9999,0,-9999
322,2017,1,14,11,48,-9999,-9999,-9999,41,-9999,0,-9999
323,2017,1,14,12,46,-9999,-9999,-9999,44,-9999,0,-9999
324,2017,1,14,13,51,-9999,-9999,-9999,39,-9999,0,-9999
325,2017,1,14,14,54,-9999,-9999,-9999,38,-9999,0,-9999
326,2017,1,14,15,55,-9999,-9999,-9999,37,-9999,0,-9999
327,2017,1,14,16,53,-9999,-9999,-9999,35,-9999,0,-9999
328,2017,1,14,17,58,-9999,-9999,-9999,30,-9999,0,-9999
329,2017,1,14,18,58,-9999,-9999,-9999,30,-9999,0,-9999
330,2017,1,14,19,53,-9999,-9999,-9999,26,-9999,0,-9999
331,2017,1,14,20,54,-9999,-9999,-9999,23,-9999,0,-9999
332,2017,1,14,21,52,-9999,-9999,-9999,20,-9999,0,-9999
333,2017,1,14,22,51,-9999,-9999,-9999,22,-9999,0,-9999
334,2017,1,14,23,52,-9999,-9999,-9999,18,-9999,0,-9999
335,2017,1,15,0,53,-9999,-9999,-9999,12,-9999,0,-9999
336,2017,1,15,1,48,-9999,-9999,-9999,9,-9999,0,-9999
337,2017,1,15,2,44,-9999,-9999,-9999,18,-9999,0,-9999
338,2017,1,15,3,39,-9999,-9999,-9999,26,-9999,0,-9999
339,2017,1,15,4,36,-9999,-9999,-9999,26,-9999,4,-9999
340,2017,1,15,5,36,-9999,-9999,-9999,22,-9999,0,-9999
341,2017,1,15,6,38,-9999,-9999,-9999,12,-9999,3,-9999
342,2017,1,15,7,40,-9999,-9999,-9999,17,-9999,12,-9999
343,2017,1,15,8,42,-9999,-9999,-9999,15,-9999,0,-9999
344,2017,1,15,9,42,-9999,-9999,-9999,10,-9999,2,-9999
345,2017,1,15,10,43,-9999,-9999,-9999,8,-9999,0,-9999
346,2017,1,15,11,39,-9999,-9999,-9999,14,-9999,0,-9999
347,2017,1,15,12,38,-9999,-9999,-9999,25,-9999,0,-9999
348,2017,1,15,13,35,-9999,-9999,-9999,38,-9999,0,-9999
349,2017,1,15,14,40,-9999,-9999,-9999,38,-9999,0,-9999
350,2017,1,15,15,36,-9999,-9999,-9999,45,-9999,0,-9999
351,2017,1,15,16,39,-9999,-9999,-9999,44,-9999,0,-9999
352,2017,1,15,17,45,-9999,-9999,-9999,39,-9999,0,-9999
353,2017,1,15,18,55,-9999,-9999,-9999,38,-9999,0,-9999
354,2017,1,15,19,56,-9999,-9999,-9999,32,-9999,0,-9999
355,2017,1,15,20,57,-9999,-9999,-9999,30,-9999,0,-9999
356,2017,1,15,21,50,-9999,-9999,-9999,27,-9999,0,-9999
357,2017,1,15,22,40,-9999,-9999,-9999,22,-9999,0,-9999
358,2017,1,15,23,37,-9999,-9999,-9999,16,-9999,0,-9999
359,2017,1,16,0,37,-9999,-9999,-9999,14,-9999,0,-9999
360,2017,1,16,1,35,-9999,-9999,-9999,13,-9999,0,-9999
361,2017,1,16,2,29,-9999,-9999,-9999,10,-9999,0,-9999
362,2017,1,16,3,42,-9999,-9999,-9999,16,-9999,0,-9999
363,2017,1,16,4,45,-9999,-9999,-9999,14,-9999,0,-9999
364,2017,1,16,5,41,-9999,-9999,-9999,5,-9999,0,-9999
365,2017,1,16,6,41,-9999,-9999,-9999,5,-9999,0,-9999
366,2017,1,16,7,38,-9999,-9999,-9999,4,-9999,0,-9999
367,2017,1,16,8,40,-9999,-9999,-9999,10,-9999,0,-9999
368,2017,1,16,9,39,-9999,-9999,-9999,7,-9999,4,-9999
369,2017,1,16,10,35,-9999,-9999,-9999,2,-9999,4,-9999
370,2017,1,16,11,38,-9999,-9999,-9999,2,-9999,2,-9999
371,2017,1,16,12,39,-9999,-9999,-9999,5,-9999,2,-9999
372,2017,1,16,13,45,-9999,-9999,-9999,9,-9999,0,-9999
373,2017,1,16,14,49,-9999,-9999,-9999,14,-9999,0,-9999
374,2017,1,16,15,54,-9999,-9999,-9999,21,-9999,0,-9999
375,2017,1,16,16,56,-9999,-9999,-9999,18,-9999,0,-9999
376,2017,1,16,17,60,-9999,-9999,-9999,17,-9999,0,-9999
377,2017,1,16,18,60,-9999,-9999,-9999,19,-9999,0,-9999
378,2017,1,16,19,66,-9999,-9999,-9999,21,-9999,0,-9999
379,2017,1,16,20,63,-9999,-9999,-9999,17,-9999,0,-9999
380,2017,1,16,21,59,-9999,-9999,-9999,16,-9999,0,-9999
381,2017,1,16,22,59,-9999,-9999,-9999,13,-9999,0,-9999
382,2017,1,16,23,57,-9999,-9999,-9999,13,-9999,0,-9999
383,2017,1,17,0,57,-9999,-9999,-9999,12,-9999,0,-9999
384,2017,1,17,1,58,-9999,-9999,-9999,8,-9999,0,-9999
385,2017,1,17,2,59,-9999,-9999,-9999,7,-9999,0,-9999
386,2017,1,17,3,60,-9999,-9999,-9999,3,-9999,0,-9999
387,2017,1,17,4,60,-9999,-9999,-9999,2,-9999,0,-9999
388,2017,1,17,5,52,-9999,-9999,-9999,2,-9999,0,-9999
389,2017,1,17,6,59,-9999,-9999,-9999,0,-9999,0,-9999
390,2017,1,17,7,61,-9999,-9999,-9999,2,-9999,0,-9999
391,2017,1,17,8,62,-9999,-9999,-9999,1,-9999,0,-9999
392,2017,1,17,9,64,-9999,-9999,-9999,3,-9999,0,-9999
393,2017,1,17,10,64,-9999,-9999,-9999,7,-9999,0,-9999
394,2017,1,17,11,63,-9999,-9999,-9999,4,-9999,0,-9999
395,2017,1,17,12,65,-9999,-9999,-9999,9,-9999,0,-9999
396,2017,1,17,13,69,-9999,-9999,-9999,13,-9999,0,-9999
397,2017,1,17,14,77,-9999,-9999,-9999,15,-9999,0,-9999
398,2017,1,17,15,75,-9999,-9999,-9999,18,-9999,0,-9999
399,2017,1,17,16,79,-9999,-9999,-9999,18,-9999,0,-9999
400,2017,1,17,17,98,-9999,-9999,-9999,22,-9999,0,-9999
401,2017,1,17,18,113,-9999,-9999,-9999,29,-9999,0,-9999
402,2017,1,17,19,119,-9999,-9999,-9999,28,-9999,0,-9999
403,2017,1,17,20,133,-9999,-9999,-9999,26,-9999,0,-9999
404,2017,1,17,21,135,-9999,-9999,-9999,24,-9999,0,-9999
405,2017,1,17,22,132,-9999,-9999,-9999,22,-9999,0,-9999
406,2017,1,17,23,135,-9999,-9999,-9999,22,-9999,0,-9999
407,2017,1,18,0,138,-9999,-9999,-9999,26,-9999,0,-9999
408,2017,1,18,1,140,-9999,-9999,-9999,26,-9999,0,-9999
409,2017,1,18,2,141,-9999,-9999,-9999,27,-9999,0,-9999
410,2017,1,18,3,138,-9999,-9999,-9999,34,-9999,0,-9999
411,2017,1,18,4,142,-9999,-9999,-9999,33,-9999,0,-9999
412,2017,1,18,5,141,-9999,-9999,-9999,32,-9999,0,-9999
413,2017,1,18,6,134,-9999,-9999,-9999,21,-9999,0,-9999
414,2017,1,18,7,136,-9999,-9999,-9999,15,-9999,0,-9999
415,2017,1,18,8,134,-9999,-9999,-9999,10,-9999,0,-9999
416,2017,1,18,9,139,-9999,-9999,-9999,12,-9999,0,-9999
417,2017,1,18,10,140,-9999,-9999,-9999,23,-9999,0,-9999
418,2017,1,18,11,143,-9999,-9999,-9999,23,-9999,0,-9999
419,2017,1,18,12,133,-9999,-9999,-9999,21,-9999,0,-9999
420,2017,1,18,13,137,-9999,-9999,-9999,17,-9999,0,-9999
421,2017,1,18,14,132,-9999,-9999,-9999,34,-9999,0,-9999
422,2017,1,18,15,146,-9999,-9999,-9999,24,-9999,0,-9999
423,2017,1,18,16,111,-9999,-9999,-9999,44,-9999,0,-9999
424,2017,1,18,17,109,-9999,-9999,-9999,41,-9999,0,-9999
425,2017,1,18,18,94,-9999,-9999,-9999,44,-9999,9,-9999
426,2017,1,18,19,100,-9999,-9999,-9999,34,-9999,6,-9999
427,2017,1,18,20,106,-9999,-9999,-9999,30,-9999,0,-9999
428,2017,1,18,21,111,-9999,-9999,-9999,32,-9999,0,-9999
429,2017,1,18,22,105,-9999,-9999,-9999,23,-9999,0,-9999
430,2017,1,18,23,88,-9999,-9999,-9999,17,-9999,0,-9999
431,2017,1,19,0,82,-9999,-9999,-9999,16,-9999,0,-9999
432,2017,1,19,1,89,-9999,-9999,-9999,20,-9999,0,-9999
433,2017,1,19,2,83,-9999,-9999,-9999,23,-9999,0,-9999
434,2017,1,19,3,79,-9999,-9999,-9999,21,-9999,0,-9999
435,2017,1,19,4,76,-9999,-9999,-9999,14,-9999,0,-9999
436,2017,1,19,5,74,-9999,-9999,-9999,15,-9999,0,-9999
437,2017,1,19,6,54,-9999,-9999,-9999,6,-9999,0,-9999
438,2017,1,19,7,37,-9999,-9999,-9999,6,-9999,0,-9999
439,2017,1,19,8,50,-9999,-9999,-9999,20,-9999,0,-9999
440,2017,1,19,9,49,-9999,-9999,-9999,26,-9999,0,-9999
441,2017,1,19,10,47,-9999,-9999,-9999,22,-9999,0,-9999
442,2017,1,19,11,45,-9999,-9999,-9999,21,-9999,0,-9999
443,2017,1,19,12,48,-9999,-9999,-9999,20,-9999,0,-9999
444,2017,1,19,13,43,-9999,-9999,-9999,14,-9999,0,-9999
445,2017,1,19,14,67,-9999,-9999,-9999,17,-9999,0,-9999
446,2017,1,19,15,77,-9999,-9999,-9999,24,-9999,0,-9999
447,2017,1,19,16,87,-9999,-9999,-9999,28,-9999,0,-9999
448,2017,1,19,17,89,-9999,-9999,-9999,28,-9999,0,-9999
449,2017,1,19,18,96,-9999,-9999,-9999,28,-9999,0,-9999
450,2017,1,19,19,99,-9999,-9999,-9999,29,-9999,0,-9999
451,2017,1,19,20,96,-9999,-9999,-9999,19,-9999,0,-9999
452,2017,1,19,21,96,-9999,-9999,-9999,18,-9999,0,-9999
453,2017,1,19,22,84,-9999,-9999,-9999,12,-9999,0,-9999
454,2017,1,19,23,58,-9999,-9999,-9999,3,-9999,0,-9999
455,2017,1,20,0,41,-9999,-9999,-9999,5,-9999,0,-9999
456,2017,1,20,1,32,-9999,-9999,-9999,5,-9999,0,-9999
457,2017,1,20,2,24,-9999,-9999,-9999,5,-9999,0,-9999
458,2017,1,20,3,19,-9999,-9999,-9999,6,-9999,0,-9999
459,2017,1,20,4,20,-9999,-9999,-9999,5,-9999,0,-9999
460,2017,1,20,5,25,-9999,-9999,-9999,4,-9999,0,-9999
461,2017,1,20,6,16,-9999,-9999,-9999,4,-9999,0,-9999
462,2017,1,20,7,18,-9999,-9999,-9999,3,-9999,0,-9999
463,2017,1,20,8,29,-9999,-9999,-9999,3,-9999,0,-9999
464,2017,1,20,9,48,-9999,-9999,-9999,1,-9999,0,-9999
465,2017,1,20,10,43,-9999,-9999,-9999,2,-9999,0,-9999
466,2017,1,20,11,40,-9999,-9999,-9999,2,-9999,0,-9999
467,2017,1,20,12,42,-9999,-9999,-9999,2,-9999,0,-9999
468,2017,1,20,13,55,-9999,-9999,-9999,2,-9999,0,-9999
469,2017,1,20,14,67,-9999,-9999,-9999,2,-9999,0,-9999
470,2017,1,20,15,79,-9999,-9999,-9999,13,-9999,0,-9999
471,2017,1,20,16,89,-9999,-9999,-9999,17,-9999,0,-9999
472,2017,1,20,17,92,-9999,-9999,-9999,18,-9999,0,-9999
473,2017,1,20,18,83,-9999,-9999,-9999,10,-9999,11,-9999
474,2017,1,20,19,80,-9999,-9999,-9999,17,-9999,6,-9999
475,2017,1,20,20,77,-9999,-9999,-9999,18,-9999,12,-9999
476,2017,1,20,21,77,-9999,-9999,-9999,21,-9999,2,-9999
477,2017,1,20,22,77,-9999,-9999,-9999,20,-9999,2,-9999
478,2017,1,20,23,78,-9999,-9999,-9999,15,-9999,0,-9999
479,2017,1,21,0,80,-9999,-9999,-9999,11,-9999,0,-9999
480,2017,1,21,1,81,-9999,-9999,-9999,3,-9999,0,-9999
481,2017,1,21,2,81,-9999,-9999,-9999,5,-9999,0,-9999
482,2017,1,21,3,81,-9999,-9999,-9999,3,-9999,0,-9999
483,2017,1,21,4,82,-9999,-9999,-9999,0,-9999,0,-9999
484,2017,1,21,5,82,-9999,-9999,-9999,0,-9999,0,-9999
485,2017,1,21,6,83,-9999,-9999,-9999,3,-9999,0,-9999
486,2017,1,21,7,83,-9999,-9999,-9999,1,-9999,0,-9999
487,2017,1,21,8,84,-9999,-9999,-9999,5,-9999,0,-9999
488,2017,1,21,9,83,-9999,-9999,-9999,5,-9999,0,-9999
489,2017,1,21,10,81,-9999,-9999,-9999,5,-9999,0,-9999
490,2017,1,21,11,82,-9999,-9999,-9999,3,-9999,0,-9999
491,2017,1,21,12,83,-9999,-9999,-9999,8,-9999,0,-9999
492,2017,1,21,13,82,-9999,-9999,-9999,15,-9999,0,-9999
493,2017,1,21,14,83,-9999,-9999,-9999,17,-9999,0,-9999
494,2017,1,21,15,85,-9999,-9999,-9999,16,-9999,0,-9999
495,2017,1,21,16,88,-9999,-9999,-9999,17,-9999,0,-9999
496,2017,1,21,17,94,-9999,-9999,-9999,22,-9999,0,-9999
497,2017,1,21,18,95,-9999,-9999,-9999,25,-9999,0,-9999
498,2017,1,21,19,92,-9999,-9999,-9999,22,-9999,0,-9999
499,2017,1,21,20,89,-9999,-9999,-9999,21,-9999,0,-9999
500,2017,1,21,21,85,-9999,-9999,-9999,16,-9999,0,-9999
501,2017,1,21,22,84,-9999,-9999,-9999,16,-9999,0,-9999
502,2017,1,21,23,83,-9999,-9999,-9999,15,-9999,0,-9999
503,2017,1,22,0,83,-9999,-9999,-9999,19,-9999,0,-9999
504,2017,1,22,1,83,-9999,-9999,-9999,20,-9999,0,-9999
505,2017,1,22,2,84,-9999,-9999,-9999,16,-9999,0,-9999
506,2017,1,22,3,85,-9999,-9999,-9999,16,-9999,3,-9999
507,2017,1,22,4,87,-9999,-9999,-9999,21,-9999,3,-9999
508,2017,1,22,5,93,-9999,-9999,-9999,24,-9999,110,-9999
509,2017,1,22,6,93,-9999,-9999,-9999,34,-9999,186,-9999
510,2017,1,22,7,99,-9999,-9999,-9999,40,-9999,48,-9999
511,2017,1,22,8,98,-9999,-9999,-9999,35,-9999,10,-9999
512,2017,1,22,9,98,-9999,-9999,-9999,39,-9999,0,-9999
513,2017,1,22,10,106,-9999,-9999,-9999,36,-9999,4,-9999
514,2017,1,22,11,117,-9999,-9999,-9999,37,-9999,0,-9999
515,2017,1,22,12,108,-9999,-9999,-9999,24,-9999,4,-9999
516,2017,1,22,13,87,-9999,-9999,-9999,28,-9999,3,-9999
517,2017,1,22,14,89,-9999,-9999,-9999,19,-9999,0,-9999
518,2017,1,22,15,80,-9999,-9999,-9999,29,-9999,0,-9999
519,2017,1,22,16,90,-9999,-9999,-9999,41,-9999,0,-9999
520,2017,1,22,17,83,-9999,-9999,-9999,42,-9999,0,-9999
521,2017,1,22,18,75,-9999,-9999,-9999,41,-9999,0,-9999
522,2017,1,22,19,85,-9999,-9999,-9999,40,-9999,0,-9999
523,2017,1,22,20,80,-9999,-9999,-9999,21,-9999,0,-9999
524,2017,1,22,21,75,-9999,-9999,-9999,37,-9999,0,-9999
525,2017,1,22,22,79,-9999,-9999,-9999,39,-9999,0,-9999
526,2017,1,22,23,83,-9999,-9999,-9999,17,-9999,0,-9999
527,2017,1,23,0,78,-9999,-9999,-9999,19,-9999,2,-9999
528,2017,1,23,1,72,-9999,-9999,-9999,16,-9999,0,-9999
529,2017,1,23,2,88,-9999,-9999,-9999,13,-9999,3,-9999
530,2017,1,23,3,99,-9999,-9999,-9999,37,-9999,2,-9999
531,2017,1,23,4,100,-9999,-9999,-9999,35,-9999,0,-9999
532,2017,1,23,5,98,-9999,-9999,-9999,39,-9999,0,-9999
533,2017,1,23,6,97,-9999,-9999,-9999,35,-9999,0,-9999
534,2017,1,23,7,94,-9999,-9999,-9999,38,-9999,0,-9999
535,2017,1,23,8,90,-9999,-9999,-9999,42,-9999,0,-9999
536,2017,1,23,9,91,-9999,-9999,-9999,45,-9999,4,-9999
537,2017,1,23,10,95,-9999,-9999,-9999,37,-9999,2,-9999
538,2017,1,23,11,99,-9999,-9999,-9999,46,-9999,3,-9999
539,2017,1,23,12,105,-9999,-9999,-9999,54,-9999,12,-9999
540,2017,1,23,13,105,-9999,-9999,-9999,63,-9999,3,-9999
541,2017,1,23,14,113,-9999,-9999,-9999,65,-9999,6,-9999
542,2017,1,23,15,115,-9999,-9999,-9999,71,-9999,8,-9999
543,2017,1,23,16,114,-9999,-9999,-9999,58,-9999,14,-9999
544,2017,1,23,17,122,-9999,-9999,-9999,58,-9999,59,-9999
545,2017,1,23,18,118,-9999,-9999,-9999,34,-9999,3,-9999
546,2017,1,23,19,113,-9999,-9999,-9999,31,-9999,0,-9999
547,2017,1,23,20,112,-9999,-9999,-9999,38,-9999,0,-9999
548,2017,1,23,21,113,-9999,-9999,-9999,39,-9999,0,-9999
549,2017,1,23,22,107,-9999,-9999,-9999,33,-9999,0,-9999
550,2017,1,23,23,97,-9999,-9999,-9999,39,-9999,0,-9999
551,2017,1,24,0,96,-9999,-9999,-9999,54,-9999,0,-9999
552,2017,1,24,1,96,-9999,-9999,-9999,59,-9999,0,-9999
553,2017,1,24,2,95,-9999,-9999,-9999,49,-9999,2,-9999
554,2017,1,24,3,82,-9999,-9999,-9999,29,-9999,8,-9999
555,2017,1,24,4,74,-9999,-9999,-9999,42,-9999,16,-9999
556,2017,1,24,5,62,-9999,-9999,-9999,65,-9999,2,-9999
557,2017,1,24,6,55,-9999,-9999,-9999,74,-9999,3,-9999
558,2017,1,24,7,48,-9999,-9999,-9999,71,-9999,2,-9999
559,2017,1,24,8,46,-9999,-9999,-9999,76,-9999,0,-9999
560,2017,1,24,9,44,-9999,-9999,-9999,76,-9999,0,-9999
561,2017,1,24,10,46,-9999,-9999,-9999,69,-9999,2,-9999
562,2017,1,24,11,44,-9999,-9999,-9999,67,-9999,2,-9999
563,2017,1,24,12,40,-9999,-9999,-9999,62,-9999,0,-9999
564,2017,1,24,13,44,-9999,-9999,-9999,61,-9999,0,-9999
565,2017,1,24,14,46,-9999,-9999,-9999,62,-9999,0,-9999
566,2017,1,24,15,50,-9999,-9999,-9999,60,-9999,0,-9999
567,2017,1,24,16,57,-9999,-9999,-9999,59,-9999,0,-9999
568,2017,1,24,17,58,-9999,-9999,-9999,55,-9999,0,-9999
569,2017,1,24,18,69,-9999,-9999,-9999,57,-9999,0,-9999
570,2017,1,24,19,79,-9999,-9999,-9999,56,-9999,0,-9999
571,2017,1,24,20,85,-9999,-9999,-9999,65,-9999,0,-9999
572,2017,1,24,21,84,-9999,-9999,-9999,45,-9999,0,-9999
573,2017,1,24,22,91,-9999,-9999,-9999,32,-9999,0,-9999
574,2017,1,24,23,91,-9999,-9999,-9999,48,-9999,0,-9999
575,2017,1,25,0,85,-9999,-9999,-9999,43,-9999,0,-9999
576,2017,1,25,1,81,-9999,-9999,-9999,25,-9999,0,-9999
577,2017,1,25,2,86,-9999,-9999,-9999,43,-9999,0,-9999
578,2017,1,25,3,83,-9999,-9999,-9999,34,-9999,0,-9999
579,2017,1,25,4,74,-9999,-9999,-9999,25,-9999,0,-9999
580,2017,1,25,5,79,-9999,-9999,-9999,21,-9999,0,-9999
581,2017,1,25,6,86,-9999,-9999,-9999,27,-9999,0,-9999
582,2017,1,25,7,74,-9999,-9999,-9999,20,-9999,0,-9999
583,2017,1,25,8,75,-9999,-9999,-9999,16,-9999,0,-9999
584,2017,1,25,9,67,-9999,-9999,-9999,14,-9999,0,-9999
585,2017,1,25,10,54,-9999,-9999,-9999,5,-9999,0,-9999
586,2017,1,25,11,46,-9999,-9999,-9999,2,-9999,0,-9999
587,2017,1,25,12,22,-9999,-9999,-9999,5,-9999,0,-9999
588,2017,1,25,13,43,-9999,-9999,-9999,2,-9999,0,-9999
589,2017,1,25,14,82,-9999,-9999,-9999,9,-9999,0,-9999
590,2017,1,25,15,98,-9999,-9999,-9999,19,-9999,0,-9999
591,2017,1,25,16,107,-9999,-9999,-9999,18,-9999,0,-9999
592,2017,1,25,17,122,-9999,-9999,-9999,17,-9999,0,-9999
593,2017,1,25,18,130,-9999,-9999,-9999,23,-9999,0,-9999
594,2017,1,25,19,136,-9999,-9999,-9999,24,-9999,0,-9999
595,2017,1,25,20,132,-9999,-9999,-9999,25,-9999,0,-9999
596,2017,1,25,21,126,-9999,-9999,-9999,24,-9999,0,-9999
597,2017,1,25,22,105,-9999,-9999,-9999,16,-9999,0,-9999
598,2017,1,25,23,94,-9999,-9999,-9999,8,-9999,0,-9999
599,2017,1,26,0,93,-9999,-9999,-9999,6,-9999,0,-9999
600,2017,1,26,1,101,-9999,-9999,-9999,13,-9999,0,-9999
601,2017,1,26,2,99,-9999,-9999,-9999,17,-9999,0,-9999
602,2017,1,26,3,89,-9999,-9999,-9999,5,-9999,0,-9999
603,2017,1,26,4,120,-9999,-9999,-9999,4,-9999,0,-9999
604,2017,1,26,5,137,-9999,-9999,-9999,22,-9999,0,-9999
605,2017,1,26,6,143,-9999,-9999,-9999,31,-9999,0,-9999
606,2017,1,26,7,145,-9999,-9999,-9999,35,-9999,0,-9999
607,2017,1,26,8,140,-9999,-9999,-9999,38,-9999,0,-9999
608,2017,1,26,9,135,-9999,-9999,-9999,38,-9999,0,-9999
609,2017,1,26,10,136,-9999,-9999,-9999,33,-9999,0,-9999
610,2017,1,26,11,139,-9999,-9999,-9999,37,-9999,0,-9999
611,2017,1,26,12,135,-9999,-9999,-9999,39,-9999,0,-9999
612,2017,1,26,13,115,-9999,-9999,-9999,37,-9999,9,-9999
613,2017,1,26,14,121,-9999,-9999,-9999,31,-9999,11,-9999
614,2017,1,26,15,132,-9999,-9999,-9999,34,-9999,0,-9999
615,2017,1,26,16,151,-9999,-9999,-9999,41,-9999,0,-9999
616,2017,1,26,17,163,-9999,-9999,-9999,40,-9999,0,-9999
617,2017,1,26,18,178,-9999,-9999,-9999,36,-9999,0,-9999
618,2017,1,26,19,170,-9999,-9999,-9999,37,-9999,0,-9999
619,2017,1,26,20,168,-9999,-9999,-9999,44,-9999,0,-9999
620,2017,1,26,21,163,-9999,-9999,-9999,44,-9999,0,-9999
621,2017,1,26,22,143,-9999,-9999,-9999,42,-9999,0,-9999
622,2017,1,26,23,116,-9999,-9999,-9999,49,-9999,0,-9999
623,2017,1,27,0,99,-9999,-9999,-9999,67,-9999,0,-9999
624,2017,1,27,1,89,-9999,-9999,-9999,55,-9999,0,-9999
625,2017,1,27,2,84,-9999,-9999,-9999,43,-9999,0,-9999
626,2017,1,27,3,79,-9999,-9999,-9999,37,-9999,0,-9999
627,2017,1,27,4,71,-9999,-9999,-9999,29,-9999,0,-9999
628,2017,1,27,5,67,-9999,-9999,-9999,23,-9999,0,-9999
629,2017,1,27,6,63,-9999,-9999,-9999,25,-9999,0,-9999
630,2017,1,27,7,59,-9999,-9999,-9999,24,-9999,0,-9999
631,2017,1,27,8,54,-9999,-9999,-9999,21,-9999,0,-9999
632,2017,1,27,9,49,-9999,-9999,-9999,18,-9999,0,-9999
633,2017,1,27,10,44,-9999,-9999,-9999,16,-9999,0,-9999
634,2017,1,27,11,43,-9999,-9999,-9999,14,-9999,0,-9999
635,2017,1,27,12,41,-9999,-9999,-9999,14,-9999,0,-9999
636,2017,1,27,13,48,-9999,-9999,-9999,17,-9999,0,-9999
637,2017,1,27,14,59,-9999,-9999,-9999,23,-9999,0,-9999
638,2017,1,27,15,66,-9999,-9999,-9999,27,-9999,0,-9999
639,2017,1,27,16,77,-9999,-9999,-9999,31,-9999,0,-9999
640,2017,1,27,17,81,-9999,-9999,-9999,31,-9999,0,-9999
641,2017,1,27,18,75,-9999,-9999,-9999,37,-9999,0,-9999
642,2017,1,27,19,67,-9999,-9999,-9999,33,-9999,0,-9999
643,2017,1,27,20,61,-9999,-9999,-9999,25,-9999,0,-9999
644,2017,1,27,21,71,-9999,-9999,-9999,16,-9999,0,-9999
645,2017,1,27,22,69,-9999,-9999,-9999,23,-9999,0,-9999
646,2017,1,27,23,63,-9999,-9999,-9999,22,-9999,0,-9999
647,2017,1,28,0,58,-9999,-9999,-9999,25,-9999,0,-9999
648,2017,1,28,1,55,-9999,-9999,-9999,30,-9999,0,-9999
649,2017,1,28,2,47,-9999,-9999,-9999,30,-9999,0,-9999
650,2017,1,28,3,40,-9999,-9999,-9999,36,-9999,0,-9999
651,2017,1,28,4,34,-9999,-9999,-9999,27,-9999,0,-9999
652,2017,1,28,5,32,-9999,-9999,-9999,30,-9999,0,-9999
653,2017,1,28,6,27,-9999,-9999,-9999,32,-9999,0,-9999
654,2017,1,28,7,23,-9999,-9999,-9999,34,-9999,0,-9999
655,2017,1,28,8,20,-9999,-9999,-9999,31,-9999,0,-9999
656,2017,1,28,9,20,-9999,-9999,-9999,24,-9999,0,-9999
657,2017,1,28,10,18,-9999,-9999,-9999,21,-9999,0,-9999
658,2017,1,28,11,13,-9999,-9999,-9999,14,-9999,0,-9999
659,2017,1,28,12,15,-9999,-9999,-9999,19,-9999,0,-9999
660,2017,1,28,13,22,-9999,-9999,-9999,20,-9999,0,-9999
661,2017,1,28,14,33,-9999,-9999,-9999,28,-9999,0,-9999
662,2017,1,28,15,46,-9999,-9999,-9999,33,-9999,0,-9999
663,2017,1,28,16,50,-9999,-9999,-9999,34,-9999,0,-9999
664,2017,1,28,17,66,-9999,-9999,-9999,34,-9999,0,-9999
665,2017,1,28,18,64,-9999,-9999,-9999,36,-9999,0,-9999
666,2017,1,28,19,70,-9999,-9999,-9999,34,-9999,0,-9999
667,2017,1,28,20,76,-9999,-9999,-9999,31,-9999,0,-9999
668,2017,1,28,21,77,-9999,-9999,-9999,24,-9999,0,-9999
669,2017,1,28,22,69,-9999,-9999,-9999,19,-9999,0,-9999
670,2017,1,28,23,55,-9999,-9999,-9999,6,-9999,0,-9999
671,2017,1,29,0,52,-9999,-9999,-9999,5,-9999,0,-9999
672,2017,1,29,1,29,-9999,-9999,-9999,2,-9999,0,-9999
673,2017,1,29,2,45,-9999,-9999,-9999,7,-9999,0,-9999
674,2017,1,29,3,45,-9999,-9999,-9999,10,-9999,0,-9999
675,2017,1,29,4,50,-9999,-9999,-9999,12,-9999,0,-9999
676,2017,1,29,5,51,-9999,-9999,-9999,15,-9999,0,-9999
677,2017,1,29,6,51,-9999,-9999,-9999,17,-9999,0,-9999
678,2017,1,29,7,49,-9999,-9999,-9999,18,-9999,0,-9999
679,2017,1,29,8,46,-9999,-9999,-9999,17,-9999,0,-9999
680,2017,1,29,9,40,-9999,-9999,-9999,18,-9999,0,-9999
681,2017,1,29,10,40,-9999,-9999,-9999,22,-9999,0,-9999
682,2017,1,29,11,40,-9999,-9999,-9999,22,-9999,0,-9999
683,2017,1,29,12,37,-9999,-9999,-9999,23,-9999,0,-9999
684,2017,1,29,13,40,-9999,-9999,-9999,22,-9999,0,-9999
685,2017,1,29,14,53,-9999,-9999,-9999,20,-9999,0,-9999
686,2017,1,29,15,61,-9999,-9999,-9999,24,-9999,0,-9999
687,2017,1,29,16,74,-9999,-9999,-9999,26,-9999,0,-9999
688,2017,1,29,17,84,-9999,-9999,-9999,28,-9999,0,-9999
689,2017,1,29,18,91,-9999,-9999,-9999,27,-9999,0,-9999
690,2017,1,29,19,88,-9999,-9999,-9999,25,-9999,0,-9999
691,2017,1,29,20,91,-9999,-9999,-9999,17,-9999,0,-9999
692,2017,1,29,21,85,-9999,-9999,-9999,12,-9999,0,-9999
693,2017,1,29,22,77,-9999,-9999,-9999,7,-9999,0,-9999
694,2017,1,29,23,69,-9999,-9999,-9999,5,-9999,0,-9999
695,2017,1,30,0,53,-9999,-9999,-9999,9,-9999,0,-9999
696,2017,1,30,1,40,-9999,-9999,-9999,0,-9999,0,-9999
697,2017,1,30,2,7,-9999,-9999,-9999,4,-9999,0,-9999
698,2017,1,30,3,19,-9999,-9999,-9999,6,-9999,0,-9999
699,2017,1,30,4,41,-9999,-9999,-9999,8,-9999,0,-9999
700,2017,1,30,5,29,-9999,-9999,-9999,10,-9999,0,-9999
701,2017,1,30,6,25,-9999,-9999,-9999,4,-9999,0,-9999
702,2017,1,30,7,9,-9999,-9999,-9999,6,-9999,0,-9999
703,2017,1,30,8,26,-9999,-9999,-9999,7,-9999,0,-9999
704,2017,1,30,9,33,-9999,-9999,-9999,34,-9999,3,-9999
705,2017,1,30,10,30,-9999,-9999,-9999,23,-9999,5,-9999
706,2017,1,30,11,31,-9999,-9999,-9999,20,-9999,0,-9999
707,2017,1,30,12,17,-9999,-9999,-9999,42,-9999,2,-9999
708,2017,1,30,13,19,-9999,-9999,-9999,57,-9999,0,-9999
709,2017,1,30,14,21,-9999,-9999,-9999,52,-9999,0,-9999
710,2017,1,30,15,27,-9999,-9999,-9999,49,-9999,0,-9999
711,2017,1,30,16,30,-9999,-9999,-9999,49,-9999,0,-9999
712,2017,1,30,17,-2,-9999,-9999,-9999,47,-9999,0,-9999
713,2017,1,30,18,31,-9999,-9999,-9999,35,-9999,0,-9999
714,2017,1,30,19,31,-9999,-9999,-9999,48,-9999,2,-9999
715,2017,1,30,20,35,-9999,-9999,-9999,37,-9999,0,-9999
716,2017,1,30,21,34,-9999,-9999,-9999,40,-9999,0,-9999
717,2017,1,30,22,31,-9999,-9999,-9999,41,-9999,0,-9999
718,2017,1,30,23,28,-9999,-9999,-9999,30,-9999,0,-9999
719,2017,1,31,0,27,-9999,-9999,-9999,32,-9999,0,-9999
720,2017,1,31,1,19,-9999,-9999,-9999,24,-9999,0,-9999
721,2017,1,31,2,16,-9999,-9999,-9999,19,-9999,0,-9999
722,2017,1,31,3,5,-9999,-9999,-9999,13,-9999,0,-9999
723,2017,1,31,4,-11,-9999,-9999,-9999,5,-9999,0,-9999
724,2017,1,31,5,-29,-9999,-9999,-9999,5,-9999,0,-9999
725,2017,1,31,6,-29,-9999,-9999,-9999,5,-9999,0,-9999
726,2017,1,31,7,-30,-9999,-9999,-9999,3,-9999,0,-9999
727,2017,1,31,8,-32,-9999,-9999,-9999,5,-9999,0,-9999
728,2017,1,31,9,-34,-9999,-9999,-9999,5,-9999,0,-9999
729,2017,1,31,10,-20,-9999,-9999,-9999,2,-9999,0,-9999
730,2017,1,31,11,-12,-9999,-9999,-9999,5,-9999,0,-9999
731,2017,1,31,12,18,-9999,-9999,-9999,19,-9999,0,-9999
732,2017,1,31,13,40,-9999,-9999,-9999,29,-9999,0,-9999
733,2017,1,31,14,58,-9999,-9999,-9999,34,-9999,0,-9999
734,2017,1,31,15,71,-9999,-9999,-9999,33,-9999,0,-9999
735,2017,1,31,16,81,-9999,-9999,-9999,39,-9999,0,-9999
736,2017,1,31,17,90,-9999,-9999,-9999,40,-9999,0,-9999
737,2017,1,31,18,103,-9999,-9999,-9999,36,-9999,0,-9999
738,2017,1,31,19,124,-9999,-9999,-9999,37,-9999,0,-9999
739,2017,1,31,20,127,-9999,-9999,-9999,38,-9999,0,-9999
740,2017,1,31,21,113,-9999,-9999,-9999,24,-9999,0,-9999
741,2017,1,31,22,88,-9999,-9999,-9999,17,-9999,0,-9999
742,2017,1,31,23,66,-9999,-9999,-9999,12,-9999,0,-9999
743,2017,2,1,0,60,-9999,-9999,-9999,5,-9999,0,-9999
744,2017,2,1,1,59,-9999,-9999,-9999,7,-9999,0,-9999
745,2017,2,1,2,39,-9999,-9999,-9999,9,-9999,0,-9999
746,2017,2,1,3,41,-9999,-9999,-9999,10,-9999,0,-9999
747,2017,2,1,4,26,-9999,-9999,-9999,9,-9999,0,-9999
748,2017,2,1,5,37,-9999,-9999,-9999,9,-9999,0,-9999
749,2017,2,1,6,66,-9999,-9999,-9999,9,-9999,0,-9999
750,2017,2,1,7,61,-9999,-9999,-9999,12,-9999,0,-9999
751,2017,2,1,8,75,-9999,-9999,-9999,10,-9999,0,-9999
752,2017,2,1,9,68,-9999,-9999,-9999,10,-9999,0,-9999
753,2017,2,1,10,80,-9999,-9999,-9999,9,-9999,0,-9999
754,2017,2,1,11,73,-9999,-9999,-9999,9,-9999,0,-9999
755,2017,2,1,12,52,-9999,-9999,-9999,8,-9999,0,-9999
756,2017,2,1,13,78,-9999,-9999,-9999,7,-9999,0,-9999
757,2017,2,1,14,87,-9999,-9999,-9999,4,-9999,0,-9999
758,2017,2,1,15,89,-9999,-9999,-9999,6,-9999,0,-9999
759,2017,2,1,16,108,-9999,-9999,-9999,12,-9999,0,-9999
760,2017,2,1,17,121,-9999,-9999,-9999,18,-9999,0,-9999
761,2017,2,1,18,129,-9999,-9999,-9999,29,-9999,0,-9999
762,2017,2,1,19,128,-9999,-9999,-9999,30,-9999,0,-9999
763,2017,2,1,20,122,-9999,-9999,-9999,19,-9999,0,-9999
764,2017,2,1,21,116,-9999,-9999,-9999,16,-9999,0,-9999
765,2017,2,1,22,103,-9999,-9999,-9999,2,-9999,0,-9999
766,2017,2,1,23,84,-9999,-9999,-9999,2,-9999,0,-9999
767,2017,2,2,0,73,-9999,-9999,-9999,6,-9999,0,-9999
768,2017,2,2,1,72,-9999,-9999,-9999,3,-9999,0,-9999
769,2017,2,2,2,70,-9999,-9999,-9999,1,-9999,0,-9999
770,2017,2,2,3,72,-9999,-9999,-9999,4,-9999,0,-9999
771,2017,2,2,4,69,-9999,-9999,-9999,6,-9999,0,-9999
772,2017,2,2,5,70,-9999,-9999,-9999,13,-9999,0,-9999
773,2017,2,2,6,76,-9999,-9999,-9999,8,-9999,0,-9999
774,2017,2,2,7,78,-9999,-9999,-9999,10,-9999,0,-9999
775,2017,2,2,8,71,-9999,-9999,-9999,9,-9999,0,-9999
776,2017,2,2,9,76,-9999,-9999,-9999,14,-9999,0,-9999
777,2017,2,2,10,67,-9999,-9999,-9999,24,-9999,0,-9999
778,2017,2,2,11,60,-9999,-9999,-9999,18,-9999,0,-9999
779,2017,2,2,12,59,-9999,-9999,-9999,19,-9999,0,-9999
780,2017,2,2,13,61,-9999,-9999,-9999,19,-9999,0,-9999
781,2017,2,2,14,78,-9999,-9999,-9999,23,-9999,0,-9999
782,2017,2,2,15,92,-9999,-9999,-9999,30,-9999,0,-9999
783,2017,2,2,16,91,-9999,-9999,-9999,31,-9999,0,-9999
784,2017,2,2,17,92,-9999,-9999,-9999,25,-9999,0,-9999
785,2017,2,2,18,90,-9999,-9999,-9999,20,-9999,0,-9999
786,2017,2,2,19,86,-9999,-9999,-9999,19,-9999,0,-9999
787,2017,2,2,20,91,-9999,-9999,-9999,19,-9999,0,-9999
788,2017,2,2,21,97,-9999,-9999,-9999,14,-9999,0,-9999
789,2017,2,2,22,84,-9999,-9999,-9999,17,-9999,0,-9999
790,2017,2,2,23,63,-9999,-9999,-9999,9,-9999,0,-9999
791,2017,2,3,0,45,-9999,-9999,-9999,2,-9999,0,-9999
792,2017,2,3,1,35,-9999,-9999,-9999,4,-9999,0,-9999
793,2017,2,3,2,28,-9999,-9999,-9999,6,-9999,0,-9999
794,2017,2,3,3,39,-9999,-9999,-9999,12,-9999,0,-9999
795,2017,2,3,4,49,-9999,-9999,-9999,24,-9999,0,-9999
796,2017,2,3,5,37,-9999,-9999,-9999,26,-9999,0,-9999
797,2017,2,3,6,33,-9999,-9999,-9999,24,-9999,0,-9999
798,2017,2,3,7,30,-9999,-9999,-9999,27,-9999,0,-9999
799,2017,2,3,8,26,-9999,-9999,-9999,30,-9999,0,-9999
800,2017,2,3,9,25,-9999,-9999,-9999,26,-9999,0,-9999
801,2017,2,3,10,27,-9999,-9999,-9999,30,-9999,0,-9999
802,2017,2,3,11,26,-9999,-9999,-9999,31,-9999,0,-9999
803,2017,2,3,12,23,-9999,-9999,-9999,23,-9999,0,-9999
804,2017,2,3,13,23,-9999,-9999,-9999,22,-9999,0,-9999
805,2017,2,3,14,24,-9999,-9999,-9999,24,-9999,0,-9999
806,2017,2,3,15,26,-9999,-9999,-9999,25,-9999,0,-9999
807,2017,2,3,16,27,-9999,-9999,-9999,25,-9999,0,-9999
808,2017,2,3,17,28,-9999,-9999,-9999,21,-9999,0,-9999
809,2017,2,3,18,29,-9999,-9999,-9999,19,-9999,0,-9999
810,2017,2,3,19,28,-9999,-9999,-9999,21,-9999,0,-9999
811,2017,2,3,20,27,-9999,-9999,-9999,17,-9999,0,-9999
812,2017,2,3,21,24,-9999,-9999,-9999,18,-9999,0,-9999
813,2017,2,3,22,23,-9999,-9999,-9999,16,-9999,0,-9999
814,2017,2,3,23,23,-9999,-9999,-9999,16,-9999,0,-9999
815,2017,2,4,0,22,-9999,-9999,-9999,18,-9999,0,-9999
816,2017,2,4,1,24,-9999,-9999,-9999,17,-9999,0,-9999
817,2017,2,4,2,25,-9999,-9999,-9999,21,-9999,0,-9999
818,2017,2,4,3,23,-9999,-9999,-9999,28,-9999,0,-9999
819,2017,2,4,4,18,-9999,-9999,-9999,31,-9999,0,-9999
820,2017,2,4,5,17,-9999,-9999,-9999,39,-9999,0,-9999
821,2017,2,4,6,4,-9999,-9999,-9999,61,-9999,0,-9999
822,2017,2,4,7,-4,-9999,-9999,-9999,60,-9999,0,-9999
823,2017,2,4,8,-8,-9999,-9999,-9999,56,-9999,0,-9999
824,2017,2,4,9,-11,-9999,-9999,-9999,57,-9999,0,-9999
825,2017,2,4,10,-14,-9999,-9999,-9999,52,-9999,0,-9999
826,2017,2,4,11,-17,-9999,-9999,-9999,55,-9999,0,-9999
827,2017,2,4,12,-18,-9999,-9999,-9999,46,-9999,0,-9999
828,2017,2,4,13,-14,-9999,-9999,-9999,43,-9999,0,-9999
829,2017,2,4,14,-5,-9999,-9999,-9999,53,-9999,0,-9999
830,2017,2,4,15,0,-9999,-9999,-9999,57,-9999,0,-9999
831,2017,2,4,16,4,-9999,-9999,-9999,56,-9999,0,-9999
832,2017,2,4,17,7,-9999,-9999,-9999,50,-9999,0,-9999
833,2017,2,4,18,13,-9999,-9999,-9999,44,-9999,0,-9999
834,2017,2,4,19,14,-9999,-9999,-9999,30,-9999,0,-9999
835,2017,2,4,20,19,-9999,-9999,-9999,22,-9999,0,-9999
836,2017,2,4,21,16,-9999,-9999,-9999,15,-9999,0,-9999
837,2017,2,4,22,10,-9999,-9999,-9999,6,-9999,0,-9999
838,2017,2,4,23,3,-9999,-9999,-9999,5,-9999,0,-9999
839,2017,2,5,0,1,-9999,-9999,-9999,4,-9999,0,-9999
840,2017,2,5,1,-7,-9999,-9999,-9999,5,-9999,0,-9999
841,2017,2,5,2,-3,-9999,-9999,-9999,4,-9999,0,-9999
842,2017,2,5,3,4,-9999,-9999,-9999,13,-9999,0,-9999
843,2017,2,5,4,0,-9999,-9999,-9999,16,-9999,0,-9999
844,2017,2,5,5,-2,-9999,-9999,-9999,5,-9999,0,-9999
845,2017,2,5,6,-11,-9999,-9999,-9999,5,-9999,0,-9999
846,2017,2,5,7,-23,-9999,-9999,-9999,1,-9999,0,-9999
847,2017,2,5,8,2,-9999,-9999,-9999,5,-9999,0,-9999
848,2017,2,5,9,-4,-9999,-9999,-9999,8,-9999,0,-9999
849,2017,2,5,10,12,-9999,-9999,-9999,7,-9999,0,-9999
850,2017,2,5,11,18,-9999,-9999,-9999,9,-9999,0,-9999
851,2017,2,5,12,19,-9999,-9999,-9999,5,-9999,0,-9999
852,2017,2,5,13,24,-9999,-9999,-9999,6,-9999,0,-9999
853,2017,2,5,14,35,-9999,-9999,-9999,18,-9999,0,-9999
854,2017,2,5,15,50,-9999,-9999,-9999,23,-9999,0,-9999
855,2017,2,5,16,58,-9999,-9999,-9999,33,-9999,0,-9999
856,2017,2,5,17,69,-9999,-9999,-9999,39,-9999,0,-9999
857,2017,2,5,18,79,-9999,-9999,-9999,39,-9999,0,-9999
858,2017,2,5,19,94,-9999,-9999,-9999,34,-9999,0,-9999
859,2017,2,5,20,104,-9999,-9999,-9999,29,-9999,0,-9999
860,2017,2,5,21,109,-9999,-9999,-9999,26,-9999,0,-9999
861,2017,2,5,22,102,-9999,-9999,-9999,20,-9999,0,-9999
862,2017,2,5,23,76,-9999,-9999,-9999,8,-9999,0,-9999
863,2017,2,6,0,46,-9999,-9999,-9999,4,-9999,0,-9999
864,2017,2,6,1,26,-9999,-9999,-9999,6,-9999,0,-9999
865,2017,2,6,2,33,-9999,-9999,-9999,3,-9999,0,-9999
866,2017,2,6,3,9,-9999,-9999,-9999,5,-9999,0,-9999
867,2017,2,6,4,27,-9999,-9999,-9999,4,-9999,0,-9999
868,2017,2,6,5,25,-9999,-9999,-9999,7,-9999,0,-9999
869,2017,2,6,6,35,-9999,-9999,-9999,6,-9999,0,-9999
870,2017,2,6,7,35,-9999,-9999,-9999,9,-9999,0,-9999
871,2017,2,6,8,47,-9999,-9999,-9999,13,-9999,0,-9999
872,2017,2,6,9,44,-9999,-9999,-9999,15,-9999,0,-9999
873,2017,2,6,10,42,-9999,-9999,-9999,14,-9999,0,-9999
874,2017,2,6,11,33,-9999,-9999,-9999,14,-9999,0,-9999
875,2017,2,6,12,40,-9999,-9999,-9999,16,-9999,0,-9999
876,2017,2,6,13,53,-9999,-9999,-9999,16,-9999,0,-9999
877,2017,2,6,14,91,-9999,-9999,-9999,8,-9999,0,-9999
878,2017,2,6,15,116,-9999,-9999,-9999,14,-9999,0,-9999
879,2017,2,6,16,128,-9999,-9999,-9999,18,-9999,0,-9999
880,2017,2,6,17,136,-9999,-9999,-9999,17,-9999,0,-9999
881,2017,2,6,18,142,-9999,-9999,-9999,18,-9999,0,-9999
882,2017,2,6,19,138,-9999,-9999,-9999,31,-9999,0,-9999
883,2017,2,6,20,138,-9999,-9999,-9999,26,-9999,0,-9999
884,2017,2,6,21,123,-9999,-9999,-9999,26,-9999,0,-9999
885,2017,2,6,22,99,-9999,-9999,-9999,22,-9999,0,-9999
886,2017,2,6,23,83,-9999,-9999,-9999,20,-9999,0,-9999
887,2017,2,7,0,81,-9999,-9999,-9999,22,-9999,0,-9999
888,2017,2,7,1,82,-9999,-9999,-9999,25,-9999,0,-9999
889,2017,2,7,2,73,-9999,-9999,-9999,17,-9999,0,-9999
890,2017,2,7,3,70,-9999,-9999,-9999,13,-9999,0,-9999
891,2017,2,7,4,84,-9999,-9999,-9999,11,-9999,0,-9999
892,2017,2,7,5,97,-9999,-9999,-9999,21,-9999,0,-9999
893,2017,2,7,6,95,-9999,-9999,-9999,24,-9999,0,-9999
894,2017,2,7,7,97,-9999,-9999,-9999,19,-9999,0,-9999
895,2017,2,7,8,108,-9999,-9999,-9999,22,-9999,0,-9999
896,2017,2,7,9,111,-9999,-9999,-9999,24,-9999,0,-9999
897,2017,2,7,10,117,-9999,-9999,-9999,30,-9999,0,-9999
898,2017,2,7,11,111,-9999,-9999,-9999,36,-9999,0,-9999
899,2017,2,7,12,110,-9999,-9999,-9999,32,-9999,0,-9999
900,2017,2,7,13,118,-9999,-9999,-9999,32,-9999,0,-9999
901,2017,2,7,14,130,-9999,-9999,-9999,36,-9999,0,-9999
902,2017,2,7,15,136,-9999,-9999,-9999,34,-9999,0,-9999
903,2017,2,7,16,159,-9999,-9999,-9999,37,-9999,0,-9999
904,2017,2,7,17,181,-9999,-9999,-9999,46,-9999,0,-9999
905,2017,2,7,18,194,-9999,-9999,-9999,44,-9999,0,-9999
906,2017,2,7,19,202,-9999,-9999,-9999,39,-9999,0,-9999
907,2017,2,7,20,200,-9999,-9999,-9999,33,-9999,0,-9999
908,2017,2,7,21,171,-9999,-9999,-9999,23,-9999,0,-9999
909,2017,2,7,22,133,-9999,-9999,-9999,24,-9999,0,-9999
910,2017,2,7,23,127,-9999,-9999,-9999,17,-9999,0,-9999
911,2017,2,8,0,119,-9999,-9999,-9999,18,-9999,0,-9999
912,2017,2,8,1,124,-9999,-9999,-9999,21,-9999,0,-9999
913,2017,2,8,2,165,-9999,-9999,-9999,26,-9999,0,-9999
914,2017,2,8,3,169,-9999,-9999,-9999,34,-9999,0,-9999
915,2017,2,8,4,167,-9999,-9999,-9999,40,-9999,0,-9999
916,2017,2,8,5,163,-9999,-9999,-9999,40,-9999,0,-9999
917,2017,2,8,6,161,-9999,-9999,-9999,41,-9999,0,-9999
918,2017,2,8,7,156,-9999,-9999,-9999,41,-9999,0,-9999
919,2017,2,8,8,160,-9999,-9999,-9999,41,-9999,0,-9999
920,2017,2,8,9,164,-9999,-9999,-9999,42,-9999,0,-9999
921,2017,2,8,10,160,-9999,-9999,-9999,33,-9999,0,-9999
922,2017,2,8,11,155,-9999,-9999,-9999,25,-9999,0,-9999
923,2017,2,8,12,154,-9999,-9999,-9999,21,-9999,0,-9999
924,2017,2,8,13,149,-9999,-9999,-9999,17,-9999,0,-9999
925,2017,2,8,14,154,-9999,-9999,-9999,20,-9999,0,-9999
926,2017,2,8,15,163,-9999,-9999,-9999,23,-9999,0,-9999
927,2017,2,8,16,171,-9999,-9999,-9999,26,-9999,0,-9999
928,2017,2,8,17,176,-9999,-9999,-9999,25,-9999,0,-9999
929,2017,2,8,18,181,-9999,-9999,-9999,22,-9999,0,-9999
930,2017,2,8,19,193,-9999,-9999,-9999,22,-9999,0,-9999
931,2017,2,8,20,204,-9999,-9999,-9999,23,-9999,0,-9999
932,2017,2,8,21,205,-9999,-9999,-9999,19,-9999,0,-9999
933,2017,2,8,22,184,-9999,-9999,-9999,19,-9999,0,-9999
934,2017,2,8,23,144,-9999,-9999,-9999,4,-9999,0,-9999
935,2017,2,9,0,137,-9999,-9999,-9999,1,-9999,0,-9999
936,2017,2,9,1,129,-9999,-9999,-9999,5,-9999,0,-9999
937,2017,2,9,2,113,-9999,-9999,-9999,7,-9999,0,-9999
938,2017,2,9,3,122,-9999,-9999,-9999,15,-9999,0,-9999
939,2017,2,9,4,135,-9999,-9999,-9999,22,-9999,0,-9999
940,2017,2,9,5,122,-9999,-9999,-9999,26,-9999,0,-9999
941,2017,2,9,6,120,-9999,-9999,-9999,13,-9999,0,-9999
942,2017,2,9,7,110,-9999,-9999,-9999,11,-9999,0,-9999
943,2017,2,9,8,151,-9999,-9999,-9999,19,-9999,0,-9999
944,2017,2,9,9,115,-9999,-9999,-9999,12,-9999,0,-9999
945,2017,2,9,10,141,-9999,-9999,-9999,14,-9999,3,-9999
946,2017,2,9,11,127,-9999,-9999,-9999,22,-9999,68,-9999
947,2017,2,9,12,135,-9999,-9999,-9999,22,-9999,4,-9999
948,2017,2,9,13,71,-9999,-9999,-9999,85,-9999,9,-9999
949,2017,2,9,14,42,-9999,-9999,-9999,103,-9999,2,-9999
950,2017,2,9,15,42,-9999,-9999,-9999,110,-9999,0,-9999
951,2017,2,9,16,44,-9999,-9999,-9999,100,-9999,2,-9999
952,2017,2,9,17,44,-9999,-9999,-9999,86,-9999,0,-9999
953,2017,2,9,18,52,-9999,-9999,-9999,88,-9999,0,-9999
954,2017,2,9,19,53,-9999,-9999,-9999,101,-9999,0,-9999
955,2017,2,9,20,43,-9999,-9999,-9999,106,-9999,0,-9999
956,2017,2,9,21,36,-9999,-9999,-9999,98,-9999,0,-9999
957,2017,2,9,22,30,-9999,-9999,-9999,79,-9999,0,-9999
958,2017,2,9,23,28,-9999,-9999,-9999,70,-9999,0,-9999
959,2017,2,10,0,6,-9999,-9999,-9999,79,-9999,0,-9999
960,2017,2,10,1,1,-9999,-9999,-9999,85,-9999,0,-9999
961,2017,2,10,2,-1,-9999,-9999,-9999,87,-9999,0,-9999
962,2017,2,10,3,-7,-9999,-9999,-9999,79,-9999,0,-9999
963,2017,2,10,4,-14,-9999,-9999,-9999,66,-9999,0,-9999
964,2017,2,10,5,-16,-9999,-9999,-9999,68,-9999,0,-9999
965,2017,2,10,6,-20,-9999,-9999,-9999,57,-9999,0,-9999
966,2017,2,10,7,-25,-9999,-9999,-9999,58,-9999,0,-9999
967,2017,2,10,8,-27,-9999,-9999,-9999,51,-9999,0,-9999
968,2017,2,10,9,-32,-9999,-9999,-9999,45,-9999,0,-9999
969,2017,2,10,10,-34,-9999,-9999,-9999,35,-9999,0,-9999
970,2017,2,10,11,-39,-9999,-9999,-9999,26,-9999,0,-9999
971,2017,2,10,12,-36,-9999,-9999,-9999,21,-9999,0,-9999
972,2017,2,10,13,-25,-9999,-9999,-9999,19,-9999,0,-9999
973,2017,2,10,14,-15,-9999,-9999,-9999,23,-9999,0,-9999
974,2017,2,10,15,-8,-9999,-9999,-9999,32,-9999,0,-9999
975,2017,2,10,16,6,-9999,-9999,-9999,29,-9999,0,-9999
976,2017,2,10,17,7,-9999,-9999,-9999,33,-9999,0,-9999
977,2017,2,10,18,20,-9999,-9999,-9999,30,-9999,0,-9999
978,2017,2,10,19,33,-9999,-9999,-9999,29,-9999,0,-9999
979,2017,2,10,20,31,-9999,-9999,-9999,25,-9999,0,-9999
980,2017,2,10,21,35,-9999,-9999,-9999,23,-9999,0,-9999
981,2017,2,10,22,38,-9999,-9999,-9999,14,-9999,0,-9999
982,2017,2,10,23,30,-9999,-9999,-9999,20,-9999,0,-9999
983,2017,2,11,0,29,-9999,-9999,-9999,16,-9999,0,-9999
984,2017,2,11,1,46,-9999,-9999,-9999,16,-9999,0,-9999
985,2017,2,11,2,42,-9999,-9999,-9999,21,-9999,0,-9999
986,2017,2,11,3,45,-9999,-9999,-9999,23,-9999,0,-9999
987,2017,2,11,4,51,-9999,-9999,-9999,32,-9999,0,-9999
988,2017,2,11,5,55,-9999,-9999,-9999,31,-9999,0,-9999
989,2017,2,11,6,62,-9999,-9999,-9999,33,-9999,0,-9999
990,2017,2,11,7,63,-9999,-9999,-9999,33,-9999,0,-9999
991,2017,2,11,8,68,-9999,-9999,-9999,35,-9999,0,-9999
992,2017,2,11,9,71,-9999,-9999,-9999,38,-9999,0,-9999
993,2017,2,11,10,74,-9999,-9999,-9999,38,-9999,0,-9999
994,2017,2,11,11,76,-9999,-9999,-9999,37,-9999,0,-9999
995,2017,2,11,12,78,-9999,-9999,-9999,40,-9999,0,-9999
996,2017,2,11,13,82,-9999,-9999,-9999,38,-9999,0,-9999
997,2017,2,11,14,91,-9999,-9999,-9999,32,-9999,0,-9999
998,2017,2,11,15,99,-9999,-9999,-9999,34,-9999,0,-9999
999,2017,2,11,16,112,-9999,-9999,-9999,31,-9999,0,-9999
1000,2017,2,11,17,117,-9999,-9999,-9999,33,-9999,0,-9999
1001,2017,2,11,18,132,-9999,-9999,-9999,34,-9999,0,-9999
1002,2017,2,11,19,140,-9999,-9999,-9999,29,-9999,0,-9999
1003,2017,2,11,20,160,-9999,-9999,-9999,29,-9999,0,-9999
1004,2017,2,11,21,166,-9999,-9999,-9999,22,-9999,0,-9999
1005,2017,2,11,22,159,-9999,-9999,-9999,14,-9999,0,-9999
1006,2017,2,11,23,130,-9999,-9999,-9999,9,-9999,0,-9999
1007,2017,2,12,0,114,-9999,-9999,-9999,4,-9999,0,-9999
1008,2017,2,12,1,97,-9999,-9999,-9999,7,-9999,0,-9999
1009,2017,2,12,2,109,-9999,-9999,-9999,6,-9999,0,-9999
1010,2017,2,12,3,104,-9999,-9999,-9999,3,-9999,0,-9999
1011,2017,2,12,4,90,-9999,-9999,-9999,3,-9999,0,-9999
1012,2017,2,12,5,90,-9999,-9999,-9999,1,-9999,0,-9999
1013,2017,2,12,6,91,-9999,-9999,-9999,3,-9999,0,-9999
1014,2017,2,12,7,116,-9999,-9999,-9999,5,-9999,0,-9999
1015,2017,2,12,8,133,-9999,-9999,-9999,9,-9999,0,-9999
1016,2017,2,12,9,135,-9999,-9999,-9999,12,-9999,0,-9999
1017,2017,2,12,10,134,-9999,-9999,-9999,12,-9999,0,-9999
1018,2017,2,12,11,123,-9999,-9999,-9999,11,-9999,0,-9999
1019,2017,2,12,12,92,-9999,-9999,-9999,8,-9999,0,-9999
1020,2017,2,12,13,95,-9999,-9999,-9999,5,-9999,0,-9999
1021,2017,2,12,14,97,-9999,-9999,-9999,10,-9999,0,-9999
1022,2017,2,12,15,113,-9999,-9999,-9999,15,-9999,0,-9999
1023,2017,2,12,16,127,-9999,-9999,-9999,15,-9999,0,-9999
1024,2017,2,12,17,194,-9999,-9999,-9999,21,-9999,0,-9999
1025,2017,2,12,18,224,-9999,-9999,-9999,39,-9999,0,-9999
1026,2017,2,12,19,237,-9999,-9999,-9999,42,-9999,0,-9999
1027,2017,2,12,20,242,-9999,-9999,-9999,40,-9999,0,-9999
1028,2017,2,12,21,241,-9999,-9999,-9999,27,-9999,0,-9999
1029,2017,2,12,22,234,-9999,-9999,-9999,29,-9999,0,-9999
1030,2017,2,12,23,216,-9999,-9999,-9999,23,-9999,0,-9999
1031,2017,2,13,0,136,-9999,-9999,-9999,43,-9999,82,-9999
1032,2017,2,13,1,121,-9999,-9999,-9999,47,-9999,12,-9999
1033,2017,2,13,2,107,-9999,-9999,-9999,55,-9999,0,-9999
1034,2017,2,13,3,93,-9999,-9999,-9999,37,-9999,0,-9999
1035,2017,2,13,4,76,-9999,-9999,-9999,20,-9999,0,-9999
1036,2017,2,13,5,65,-9999,-9999,-9999,4,-9999,0,-9999
1037,2017,2,13,6,62,-9999,-9999,-9999,9,-9999,0,-9999
1038,2017,2,13,7,69,-9999,-9999,-9999,10,-9999,0,-9999
1039,2017,2,13,8,72,-9999,-9999,-9999,53,-9999,0,-9999
1040,2017,2,13,9,65,-9999,-9999,-9999,73,-9999,0,-9999
1041,2017,2,13,10,59,-9999,-9999,-9999,77,-9999,0,-9999
1042,2017,2,13,11,57,-9999,-9999,-9999,58,-9999,0,-9999
1043,2017,2,13,12,52,-9999,-9999,-9999,65,-9999,0,-9999
1044,2017,2,13,13,53,-9999,-9999,-9999,73,-9999,0,-9999
1045,2017,2,13,14,57,-9999,-9999,-9999,71,-9999,0,-9999
1046,2017,2,13,15,61,-9999,-9999,-9999,76,-9999,0,-9999
1047,2017,2,13,16,66,-9999,-9999,-9999,66,-9999,0,-9999
1048,2017,2,13,17,75,-9999,-9999,-9999,67,-9999,0,-9999
1049,2017,2,13,18,80,-9999,-9999,-9999,72,-9999,0,-9999
1050,2017,2,13,19,88,-9999,-9999,-9999,71,-9999,0,-9999
1051,2017,2,13,20,87,-9999,-9999,-9999,66,-9999,0,-9999
1052,2017,2,13,21,79,-9999,-9999,-9999,49,-9999,0,-9999
1053,2017,2,13,22,70,-9999,-9999,-9999,43,-9999,0,-9999
1054,2017,2,13,23,57,-9999,-9999,-9999,31,-9999,0,-9999
1055,2017,2,14,0,58,-9999,-9999,-9999,33,-9999,0,-9999
1056,2017,2,14,1,47,-9999,-9999,-9999,27,-9999,0,-9999
1057,2017,2,14,2,37,-9999,-9999,-9999,21,-9999,0,-9999
1058,2017,2,14,3,31,-9999,-9999,-9999,19,-9999,0,-9999
1059,2017,2,14,4,25,-9999,-9999,-9999,21,-9999,0,-9999
1060,2017,2,14,5,21,-9999,-9999,-9999,18,-9999,0,-9999
1061,2017,2,14,6,8,-9999,-9999,-9999,11,-9999,0,-9999
1062,2017,2,14,7,-6,-9999,-9999,-9999,10,-9999,0,-9999
1063,2017,2,14,8,12,-9999,-9999,-9999,7,-9999,0,-9999
1064,2017,2,14,9,11,-9999,-9999,-9999,18,-9999,0,-9999
1065,2017,2,14,10,-16,-9999,-9999,-9999,9,-9999,0,-9999
1066,2017,2,14,11,-21,-9999,-9999,-9999,7,-9999,0,-9999
1067,2017,2,14,12,-12,-9999,-9999,-9999,5,-9999,0,-9999
1068,2017,2,14,13,7,-9999,-9999,-9999,3,-9999,0,-9999
1069,2017,2,14,14,35,-9999,-9999,-9999,10,-9999,0,-9999
1070,2017,2,14,15,46,-9999,-9999,-9999,19,-9999,0,-9999
1071,2017,2,14,16,56,-9999,-9999,-9999,30,-9999,0,-9999
1072,2017,2,14,17,62,-9999,-9999,-9999,33,-9999,0,-9999
1073,2017,2,14,18,68,-9999,-9999,-9999,30,-9999,0,-9999
1074,2017,2,14,19,65,-9999,-9999,-9999,30,-9999,0,-9999
1075,2017,2,14,20,65,-9999,-9999,-9999,20,-9999,0,-9999
1076,2017,2,14,21,63,-9999,-9999,-9999,28,-9999,0,-9999
1077,2017,2,14,22,64,-9999,-9999,-9999,33,-9999,0,-9999
1078,2017,2,14,23,65,-9999,-9999,-9999,29,-9999,0,-9999
1079,2017,2,15,0,70,-9999,-9999,-9999,26,-9999,0,-9999
1080,2017,2,15,1,68,-9999,-9999,-9999,24,-9999,0,-9999
1081,2017,2,15,2,64,-9999,-9999,-9999,21,-9999,0,-9999
1082,2017,2,15,3,68,-9999,-9999,-9999,18,-9999,0,-9999
1083,2017,2,15,4,74,-9999,-9999,-9999,20,-9999,0,-9999
1084,2017,2,15,5,85,-9999,-9999,-9999,11,-9999,0,-9999
1085,2017,2,15,6,92,-9999,-9999,-9999,9,-9999,0,-9999
1086,2017,2,15,7,90,-9999,-9999,-9999,10,-9999,0,-9999
1087,2017,2,15,8,80,-9999,-9999,-9999,7,-9999,0,-9999
1088,2017,2,15,9,72,-9999,-9999,-9999,9,-9999,3,-9999
1089,2017,2,15,10,71,-9999,-9999,-9999,10,-9999,0,-9999
1090,2017,2,15,11,65,-9999,-9999,-9999,7,-9999,0,-9999
1091,2017,2,15,12,68,-9999,-9999,-9999,7,-9999,0,-9999
1092,2017,2,15,13,82,-9999,-9999,-9999,10,-9999,0,-9999
1093,2017,2,15,14,85,-9999,-9999,-9999,10,-9999,0,-9999
1094,2017,2,15,15,74,-9999,-9999,-9999,23,-9999,0,-9999
1095,2017,2,15,16,65,-9999,-9999,-9999,25,-9999,22,-9999
1096,2017,2,15,17,62,-9999,-9999,-9999,13,-9999,65,-9999
1097,2017,2,15,18,64,-9999,-9999,-9999,9,-9999,12,-9999
1098,2017,2,15,19,66,-9999,-9999,-9999,13,-9999,0,-9999
1099,2017,2,15,20,74,-9999,-9999,-9999,19,-9999,0,-9999
1100,2017,2,15,21,77,-9999,-9999,-9999,24,-9999,0,-9999
1101,2017,2,15,22,81,-9999,-9999,-9999,26,-9999,0,-9999
1102,2017,2,15,23,69,-9999,-9999,-9999,49,-9999,0,-9999
1103,2017,2,16,0,58,-9999,-9999,-9999,66,-9999,0,-9999
1104,2017,2,16,1,50,-9999,-9999,-9999,67,-9999,0,-9999
1105,2017,2,16,2,51,-9999,-9999,-9999,69,-9999,0,-9999
1106,2017,2,16,3,46,-9999,-9999,-9999,63,-9999,0,-9999
1107,2017,2,16,4,37,-9999,-9999,-9999,53,-9999,0,-9999
1108,2017,2,16,5,34,-9999,-9999,-9999,50,-9999,0,-9999
1109,2017,2,16,6,30,-9999,-9999,-9999,52,-9999,0,-9999
1110,2017,2,16,7,26,-9999,-9999,-9999,44,-9999,0,-9999
1111,2017,2,16,8,24,-9999,-9999,-9999,30,-9999,0,-9999
1112,2017,2,16,9,22,-9999,-9999,-9999,22,-9999,0,-9999
1113,2017,2,16,10,21,-9999,-9999,-9999,35,-9999,0,-9999
1114,2017,2,16,11,21,-9999,-9999,-9999,45,-9999,0,-9999
1115,2017,2,16,12,17,-9999,-9999,-9999,46,-9999,0,-9999
1116,2017,2,16,13,19,-9999,-9999,-9999,45,-9999,0,-9999
1117,2017,2,16,14,26,-9999,-9999,-9999,60,-9999,0,-9999
1118,2017,2,16,15,36,-9999,-9999,-9999,64,-9999,0,-9999
1119,2017,2,16,16,42,-9999,-9999,-9999,74,-9999,0,-9999
1120,2017,2,16,17,45,-9999,-9999,-9999,76,-9999,0,-9999
1121,2017,2,16,18,39,-9999,-9999,-9999,70,-9999,0,-9999
1122,2017,2,16,19,42,-9999,-9999,-9999,68,-9999,0,-9999
1123,2017,2,16,20,44,-9999,-9999,-9999,53,-9999,0,-9999
1124,2017,2,16,21,47,-9999,-9999,-9999,54,-9999,0,-9999
1125,2017,2,16,22,44,-9999,-9999,-9999,56,-9999,0,-9999
1126,2017,2,16,23,38,-9999,-9999,-9999,49,-9999,0,-9999
1127,2017,2,17,0,29,-9999,-9999,-9999,36,-9999,0,-9999
1128,2017,2,17,1,28,-9999,-9999,-9999,33,-9999,0,-9999
1129,2017,2,17,2,21,-9999,-9999,-9999,33,-9999,0,-9999
1130,2017,2,17,3,16,-9999,-9999,-9999,28,-9999,0,-9999
1131,2017,2,17,4,10,-9999,-9999,-9999,21,-9999,0,-9999
1132,2017,2,17,5,-3,-9999,-9999,-9999,10,-9999,0,-9999
1133,2017,2,17,6,-3,-9999,-9999,-9999,17,-9999,0,-9999
1134,2017,2,17,7,-18,-9999,-9999,-9999,12,-9999,0,-9999
1135,2017,2,17,8,-12,-9999,-9999,-9999,11,-9999,0,-9999
1136,2017,2,17,9,-15,-9999,-9999,-9999,11,-9999,0,-9999
1137,2017,2,17,10,-31,-9999,-9999,-9999,5,-9999,0,-9999
1138,2017,2,17,11,-36,-9999,-9999,-9999,7,-9999,0,-9999
1139,2017,2,17,12,-31,-9999,-9999,-9999,5,-9999,0,-9999
1140,2017,2,17,13,4,-9999,-9999,-9999,4,-9999,0,-9999
1141,2017,2,17,14,27,-9999,-9999,-9999,10,-9999,0,-9999
1142,2017,2,17,15,38,-9999,-9999,-9999,16,-9999,0,-9999
1143,2017,2,17,16,52,-9999,-9999,-9999,18,-9999,0,-9999
1144,2017,2,17,17,63,-9999,-9999,-9999,20,-9999,0,-9999
1145,2017,2,17,18,67,-9999,-9999,-9999,24,-9999,0,-9999
1146,2017,2,17,19,72,-9999,-9999,-9999,21,-9999,0,-9999
1147,2017,2,17,20,76,-9999,-9999,-9999,32,-9999,0,-9999
1148,2017,2,17,21,70,-9999,-9999,-9999,30,-9999,0,-9999
1149,2017,2,17,22,66,-9999,-9999,-9999,29,-9999,0,-9999
1150,2017,2,17,23,56,-9999,-9999,-9999,21,-9999,0,-9999
1151,2017,2,18,0,45,-9999,-9999,-9999,9,-9999,0,-9999
1152,2017,2,18,1,47,-9999,-9999,-9999,9,-9999,0,-9999
1153,2017,2,18,2,44,-9999,-9999,-9999,8,-9999,0,-9999
1154,2017,2,18,3,51,-9999,-9999,-9999,3,-9999,0,-9999
1155,2017,2,18,4,51,-9999,-9999,-9999,6,-9999,0,-9999
1156,2017,2,18,5,56,-9999,-9999,-9999,6,-9999,0,-9999
1157,2017,2,18,6,61,-9999,-9999,-9999,8,-9999,0,-9999
1158,2017,2,18,7,85,-9999,-9999,-9999,10,-9999,0,-9999
1159,2017,2,18,8,87,-9999,-9999,-9999,11,-9999,0,-9999
1160,2017,2,18,9,50,-9999,-9999,-9999,7,-9999,0,-9999
1161,2017,2,18,10,45,-9999,-9999,-9999,4,-9999,0,-9999
1162,2017,2,18,11,44,-9999,-9999,-9999,4,-9999,0,-9999
1163,2017,2,18,12,59,-9999,-9999,-9999,7,-9999,0,-9999
1164,2017,2,18,13,90,-9999,-9999,-9999,13,-9999,0,-9999
1165,2017,2,18,14,123,-9999,-9999,-9999,15,-9999,0,-9999
1166,2017,2,18,15,136,-9999,-9999,-9999,16,-9999,0,-9999
1167,2017,2,18,16,137,-9999,-9999,-9999,25,-9999,0,-9999
1168,2017,2,18,17,151,-9999,-9999,-9999,24,-9999,0,-9999
1169,2017,2,18,18,180,-9999,-9999,-9999,20,-9999,0,-9999
1170,2017,2,18,19,177,-9999,-9999,-9999,22,-9999,0,-9999
1171,2017,2,18,20,161,-9999,-9999,-9999,27,-9999,0,-9999
1172,2017,2,18,21,146,-9999,-9999,-9999,23,-9999,0,-9999
1173,2017,2,18,22,129,-9999,-9999,-9999,14,-9999,0,-9999
1174,2017,2,18,23,147,-9999,-9999,-9999,12,-9999,0,-9999
1175,2017,2,19,0,171,-9999,-9999,-9999,11,-9999,0,-9999
1176,2017,2,19,1,173,-9999,-9999,-9999,21,-9999,0,-9999
1177,2017,2,19,2,167,-9999,-9999,-9999,25,-9999,0,-9999
1178,2017,2,19,3,167,-9999,-9999,-9999,24,-9999,0,-9999
1179,2017,2,19,4,164,-9999,-9999,-9999,24,-9999,0,-9999
1180,2017,2,19,5,161,-9999,-9999,-9999,24,-9999,0,-9999
1181,2017,2,19,6,159,-9999,-9999,-9999,29,-9999,0,-9999
1182,2017,2,19,7,152,-9999,-9999,-9999,33,-9999,0,-9999
1183,2017,2,19,8,155,-9999,-9999,-9999,28,-9999,0,-9999
1184,2017,2,19,9,145,-9999,-9999,-9999,27,-9999,0,-9999
1185,2017,2,19,10,141,-9999,-9999,-9999,18,-9999,0,-9999
1186,2017,2,19,11,132,-9999,-9999,-9999,16,-9999,0,-9999
1187,2017,2,19,12,123,-9999,-9999,-9999,15,-9999,0,-9999
1188,2017,2,19,13,131,-9999,-9999,-9999,15,-9999,0,-9999
1189,2017,2,19,14,144,-9999,-9999,-9999,25,-9999,0,-9999
1190,2017,2,19,15,162,-9999,-9999,-9999,35,-9999,0,-9999
1191,2017,2,19,16,180,-9999,-9999,-9999,38,-9999,0,-9999
1192,2017,2,19,17,187,-9999,-9999,-9999,42,-9999,0,-9999
1193,2017,2,19,18,181,-9999,-9999,-9999,57,-9999,0,-9999
1194,2017,2,19,19,171,-9999,-9999,-9999,41,-9999,0,-9999
1195,2017,2,19,20,186,-9999,-9999,-9999,33,-9999,0,-9999
1196,2017,2,19,21,192,-9999,-9999,-9999,29,-9999,0,-9999
1197,2017,2,19,22,183,-9999,-9999,-9999,26,-9999,0,-9999
1198,2017,2,19,23,151,-9999,-9999,-9999,17,-9999,0,-9999
1199,2017,2,20,0,110,-9999,-9999,-9999,3,-9999,0,-9999
1200,2017,2,20,1,100,-9999,-9999,-9999,4,-9999,0,-9999
1201,2017,2,20,2,107,-9999,-9999,-9999,8,-9999,0,-9999
1202,2017,2,20,3,113,-9999,-9999,-9999,9,-9999,0,-9999
1203,2017,2,20,4,129,-9999,-9999,-9999,11,-9999,0,-9999
1204,2017,2,20,5,123,-9999,-9999,-9999,19,-9999,0,-9999
1205,2017,2,20,6,126,-9999,-9999,-9999,26,-9999,0,-9999
1206,2017,2,20,7,111,-9999,-9999,-9999,27,-9999,0,-9999
1207,2017,2,20,8,110,-9999,-9999,-9999,30,-9999,0,-9999
1208,2017,2,20,9,106,-9999,-9999,-9999,37,-9999,0,-9999
1209,2017,2,20,10,101,-9999,-9999,-9999,33,-9999,0,-9999
1210,2017,2,20,11,101,-9999,-9999,-9999,39,-9999,0,-9999
1211,2017,2,20,12,107,-9999,-9999,-9999,40,-9999,0,-9999
1212,2017,2,20,13,122,-9999,-9999,-9999,35,-9999,0,-9999
1213,2017,2,20,14,136,-9999,-9999,-9999,45,-9999,0,-9999
1214,2017,2,20,15,145,-9999,-9999,-9999,46,-9999,0,-9999
1215,2017,2,20,16,152,-9999,-9999,-9999,46,-9999,0,-9999
1216,2017,2,20,17,157,-9999,-9999,-9999,48,-9999,0,-9999
1217,2017,2,20,18,153,-9999,-9999,-9999,49,-9999,0,-9999
1218,2017,2,20,19,152,-9999,-9999,-9999,50,-9999,0,-9999
1219,2017,2,20,20,160,-9999,-9999,-9999,46,-9999,0,-9999
1220,2017,2,20,21,124,-9999,-9999,-9999,28,-9999,0,-9999
1221,2017,2,20,22,107,-9999,-9999,-9999,22,-9999,0,-9999
1222,2017,2,20,23,87,-9999,-9999,-9999,17,-9999,0,-9999
1223,2017,2,21,0,85,-9999,-9999,-9999,7,-9999,0,-9999
1224,2017,2,21,1,76,-9999,-9999,-9999,4,-9999,0,-9999
1225,2017,2,21,2,77,-9999,-9999,-9999,2,-9999,0,-9999
1226,2017,2,21,3,78,-9999,-9999,-9999,1,-9999,0,-9999
1227,2017,2,21,4,74,-9999,-9999,-9999,5,-9999,0,-9999
1228,2017,2,21,5,69,-9999,-9999,-9999,8,-9999,0,-9999
1229,2017,2,21,6,69,-9999,-9999,-9999,12,-9999,0,-9999
1230,2017,2,21,7,72,-9999,-9999,-9999,13,-9999,0,-9999
1231,2017,2,21,8,74,-9999,-9999,-9999,21,-9999,0,-9999
1232,2017,2,21,9,73,-9999,-9999,-9999,27,-9999,0,-9999
1233,2017,2,21,10,71,-9999,-9999,-9999,30,-9999,0,-9999
1234,2017,2,21,11,68,-9999,-9999,-9999,30,-9999,0,-9999
1235,2017,2,21,12,66,-9999,-9999,-9999,29,-9999,0,-9999
1236,2017,2,21,13,77,-9999,-9999,-9999,29,-9999,0,-9999
1237,2017,2,21,14,92,-9999,-9999,-9999,29,-9999,0,-9999
1238,2017,2,21,15,92,-9999,-9999,-9999,30,-9999,0,-9999
1239,2017,2,21,16,100,-9999,-9999,-9999,33,-9999,0,-9999
1240,2017,2,21,17,109,-9999,-9999,-9999,32,-9999,0,-9999
1241,2017,2,21,18,111,-9999,-9999,-9999,33,-9999,0,-9999
1242,2017,2,21,19,108,-9999,-9999,-9999,35,-9999,0,-9999
1243,2017,2,21,20,105,-9999,-9999,-9999,35,-9999,0,-9999
1244,2017,2,21,21,92,-9999,-9999,-9999,30,-9999,0,-9999
1245,2017,2,21,22,90,-9999,-9999,-9999,29,-9999,0,-9999
1246,2017,2,21,23,81,-9999,-9999,-9999,25,-9999,0,-9999
1247,2017,2,22,0,80,-9999,-9999,-9999,21,-9999,0,-9999
1248,2017,2,22,1,75,-9999,-9999,-9999,16,-9999,0,-9999
1249,2017,2,22,2,74,-9999,-9999,-9999,14,-9999,0,-9999
1250,2017,2,22,3,75,-9999,-9999,-9999,8,-9999,0,-9999
1251,2017,2,22,4,73,-9999,-9999,-9999,5,-9999,0,-9999
1252,2017,2,22,5,76,-9999,-9999,-9999,10,-9999,0,-9999
1253,2017,2,22,6,83,-9999,-9999,-9999,3,-9999,0,-9999
1254,2017,2,22,7,82,-9999,-9999,-9999,7,-9999,0,-9999
1255,2017,2,22,8,77,-9999,-9999,-9999,2,-9999,0,-9999
1256,2017,2,22,9,89,-9999,-9999,-9999,8,-9999,0,-9999
1257,2017,2,22,10,91,-9999,-9999,-9999,11,-9999,0,-9999
1258,2017,2,22,11,101,-9999,-9999,-9999,11,-9999,0,-9999
1259,2017,2,22,12,97,-9999,-9999,-9999,11,-9999,0,-9999
1260,2017,2,22,13,104,-9999,-9999,-9999,6,-9999,0,-9999
1261,2017,2,22,14,131,-9999,-9999,-9999,8,-9999,0,-9999
1262,2017,2,22,15,139,-9999,-9999,-9999,18,-9999,0,-9999
1263,2017,2,22,16,142,-9999,-9999,-9999,17,-9999,0,-9999
1264,2017,2,22,17,165,-9999,-9999,-9999,20,-9999,0,-9999
1265,2017,2,22,18,179,-9999,-9999,-9999,23,-9999,0,-9999
1266,2017,2,22,19,166,-9999,-9999,-9999,22,-9999,0,-9999
1267,2017,2,22,20,150,-9999,-9999,-9999,15,-9999,0,-9999
1268,2017,2,22,21,153,-9999,-9999,-9999,10,-9999,0,-9999
1269,2017,2,22,22,136,-9999,-9999,-9999,5,-9999,2,-9999
1270,2017,2,22,23,126,-9999,-9999,-9999,1,-9999,0,-9999
1271,2017,2,23,0,123,-9999,-9999,-9999,0,-9999,2,-9999
1272,2017,2,23,1,122,-9999,-9999,-9999,4,-9999,0,-9999
1273,2017,2,23,2,122,-9999,-9999,-9999,4,-9999,0,-9999
1274,2017,2,23,3,122,-9999,-9999,-9999,8,-9999,0,-9999
1275,2017,2,23,4,119,-9999,-9999,-9999,8,-9999,0,-9999
1276,2017,2,23,5,116,-9999,-9999,-9999,8,-9999,0,-9999
1277,2017,2,23,6,116,-9999,-9999,-9999,9,-9999,0,-9999
1278,2017,2,23,7,117,-9999,-9999,-9999,11,-9999,0,-9999
1279,2017,2,23,8,137,-9999,-9999,-9999,5,-9999,0,-9999
1280,2017,2,23,9,146,-9999,-9999,-9999,15,-9999,0,-9999
1281,2017,2,23,10,134,-9999,-9999,-9999,8,-9999,5,-9999
1282,2017,2,23,11,129,-9999,-9999,-9999,7,-9999,0,-9999
1283,2017,2,23,12,122,-9999,-9999,-9999,5,-9999,0,-9999
1284,2017,2,23,13,145,-9999,-9999,-9999,4,-9999,0,-9999
1285,2017,2,23,14,146,-9999,-9999,-9999,6,-9999,0,-9999
1286,2017,2,23,15,176,-9999,-9999,-9999,13,-9999,0,-9999
1287,2017,2,23,16,182,-9999,-9999,-9999,22,-9999,0,-9999
1288,2017,2,23,17,196,-9999,-9999,-9999,28,-9999,0,-9999
1289,2017,2,23,18,196,-9999,-9999,-9999,24,-9999,0,-9999
1290,2017,2,23,19,190,-9999,-9999,-9999,31,-9999,0,-9999
1291,2017,2,23,20,180,-9999,-9999,-9999,35,-9999,0,-9999
1292,2017,2,23,21,175,-9999,-9999,-9999,29,-9999,0,-9999
1293,2017,2,23,22,159,-9999,-9999,-9999,33,-9999,0,-9999
1294,2017,2,23,23,139,-9999,-9999,-9999,28,-9999,0,-9999
1295,2017,2,24,0,136,-9999,-9999,-9999,26,-9999,0,-9999
1296,2017,2,24,1,142,-9999,-9999,-9999,23,-9999,0,-9999
1297,2017,2,24,2,137,-9999,-9999,-9999,21,-9999,0,-9999
1298,2017,2,24,3,129,-9999,-9999,-9999,17,-9999,0,-9999
1299,2017,2,24,4,124,-9999,-9999,-9999,12,-9999,0,-9999
1300,2017,2,24,5,119,-9999,-9999,-9999,12,-9999,0,-9999
1301,2017,2,24,6,120,-9999,-9999,-9999,12,-9999,0,-9999
1302,2017,2,24,7,123,-9999,-9999,-9999,14,-9999,0,-9999
1303,2017,2,24,8,117,-9999,-9999,-9999,11,-9999,0,-9999
1304,2017,2,24,9,109,-9999,-9999,-9999,9,-9999,0,-9999
1305,2017,2,24,10,104,-9999,-9999,-9999,1,-9999,0,-9999
1306,2017,2,24,11,101,-9999,-9999,-9999,0,-9999,0,-9999
1307,2017,2,24,12,101,-9999,-9999,-9999,0,-9999,0,-9999
1308,2017,2,24,13,126,-9999,-9999,-9999,7,-9999,0,-9999
1309,2017,2,24,14,139,-9999,-9999,-9999,20,-9999,0,-9999
1310,2017,2,24,15,167,-9999,-9999,-9999,22,-9999,0,-9999
1311,2017,2,24,16,189,-9999,-9999,-9999,24,-9999,0,-9999
1312,2017,2,24,17,197,-9999,-9999,-9999,32,-9999,0,-9999
1313,2017,2,24,18,190,-9999,-9999,-9999,30,-9999,0,-9999
1314,2017,2,24,19,192,-9999,-9999,-9999,33,-9999,0,-9999
1315,2017,2,24,20,179,-9999,-9999,-9999,29,-9999,0,-9999
1316,2017,2,24,21,171,-9999,-9999,-9999,29,-9999,0,-9999
1317,2017,2,24,22,165,-9999,-9999,-9999,32,-9999,0,-9999
1318,2017,2,24,23,151,-9999,-9999,-9999,28,-9999,0,-9999
1319,2017,2,25,0,139,-9999,-9999,-9999,24,-9999,0,-9999
1320,2017,2,25,1,142,-9999,-9999,-9999,28,-9999,0,-9999
1321,2017,2,25,2,148,-9999,-9999,-9999,23,-9999,0,-9999
1322,2017,2,25,3,143,-9999,-9999,-9999,20,-9999,0,-9999
1323,2017,2,25,4,142,-9999,-9999,-9999,20,-9999,0,-9999
1324,2017,2,25,5,135,-9999,-9999,-9999,20,-9999,0,-9999
1325,2017,2,25,6,139,-9999,-9999,-9999,16,-9999,0,-9999
1326,2017,2,25,7,136,-9999,-9999,-9999,10,-9999,0,-9999
1327,2017,2,25,8,137,-9999,-9999,-9999,8,-9999,0,-9999
1328,2017,2,25,9,116,-9999,-9999,-9999,3,-9999,0,-9999
1329,2017,2,25,10,115,-9999,-9999,-9999,0,-9999,0,-9999
1330,2017,2,25,11,100,-9999,-9999,-9999,1,-9999,0,-9999
1331,2017,2,25,12,107,-9999,-9999,-9999,2,-9999,0,-9999
1332,2017,2,25,13,126,-9999,-9999,-9999,7,-9999,0,-9999
1333,2017,2,25,14,155,-9999,-9999,-9999,16,-9999,0,-9999
1334,2017,2,25,15,163,-9999,-9999,-9999,25,-9999,0,-9999
1335,2017,2,25,16,180,-9999,-9999,-9999,30,-9999,0,-9999
1336,2017,2,25,17,180,-9999,-9999,-9999,35,-9999,0,-9999
1337,2017,2,25,18,200,-9999,-9999,-9999,37,-9999,0,-9999
1338,2017,2,25,19,189,-9999,-9999,-9999,37,-9999,0,-9999
1339,2017,2,25,20,198,-9999,-9999,-9999,38,-9999,0,-9999
1340,2017,2,25,21,187,-9999,-9999,-9999,40,-9999,0,-9999
1341,2017,2,25,22,171,-9999,-9999,-9999,44,-9999,0,-9999
1342,2017,2,25,23,163,-9999,-9999,-9999,36,-9999,0,-9999
1343,2017,2,26,0,150,-9999,-9999,-9999,36,-9999,21,-9999
1344,2017,2,26,1,129,-9999,-9999,-9999,48,-9999,0,-9999
1345,2017,2,26,2,125,-9999,-9999,-9999,46,-9999,0,-9999
1346,2017,2,26,3,121,-9999,-9999,-9999,35,-9999,0,-9999
1347,2017,2,26,4,113,-9999,-9999,-9999,22,-9999,0,-9999
1348,2017,2,26,5,107,-9999,-9999,-9999,24,-9999,0,-9999
1349,2017,2,26,6,94,-9999,-9999,-9999,40,-9999,0,-9999
1350,2017,2,26,7,81,-9999,-9999,-9999,49,-9999,0,-9999
1351,2017,2,26,8,67,-9999,-9999,-9999,56,-9999,0,-9999
1352,2017,2,26,9,57,-9999,-9999,-9999,53,-9999,0,-9999
1353,2017,2,26,10,52,-9999,-9999,-9999,41,-9999,0,-9999
1354,2017,2,26,11,46,-9999,-9999,-9999,35,-9999,0,-9999
1355,2017,2,26,12,42,-9999,-9999,-9999,33,-9999,0,-9999
1356,2017,2,26,13,52,-9999,-9999,-9999,36,-9999,0,-9999
1357,2017,2,26,14,50,-9999,-9999,-9999,52,-9999,0,-9999
1358,2017,2,26,15,54,-9999,-9999,-9999,47,-9999,0,-9999
1359,2017,2,26,16,57,-9999,-9999,-9999,44,-9999,0,-9999
1360,2017,2,26,17,70,-9999,-9999,-9999,40,-9999,0,-9999
1361,2017,2,26,18,69,-9999,-9999,-9999,30,-9999,0,-9999
1362,2017,2,26,19,77,-9999,-9999,-9999,29,-9999,0,-9999
1363,2017,2,26,20,81,-9999,-9999,-9999,22,-9999,0,-9999
1364,2017,2,26,21,82,-9999,-9999,-9999,20,-9999,0,-9999
1365,2017,2,26,22,80,-9999,-9999,-9999,17,-9999,0,-9999
1366,2017,2,26,23,56,-9999,-9999,-9999,8,-9999,0,-9999
1367,2017,2,27,0,43,-9999,-9999,-9999,6,-9999,0,-9999
1368,2017,2,27,1,27,-9999,-9999,-9999,6,-9999,0,-9999
1369,2017,2,27,2,40,-9999,-9999,-9999,6,-9999,0,-9999
1370,2017,2,27,3,63,-9999,-9999,-9999,18,-9999,0,-9999
1371,2017,2,27,4,62,-9999,-9999,-9999,22,-9999,0,-9999
1372,2017,2,27,5,60,-9999,-9999,-9999,23,-9999,0,-9999
1373,2017,2,27,6,61,-9999,-9999,-9999,20,-9999,0,-9999
1374,2017,2,27,7,59,-9999,-9999,-9999,15,-9999,0,-9999
1375,2017,2,27,8,35,-9999,-9999,-9999,2,-9999,0,-9999
1376,2017,2,27,9,54,-9999,-9999,-9999,3,-9999,0,-9999
1377,2017,2,27,10,42,-9999,-9999,-9999,3,-9999,0,-9999
1378,2017,2,27,11,51,-9999,-9999,-9999,2,-9999,0,-9999
1379,2017,2,27,12,76,-9999,-9999,-9999,12,-9999,0,-9999
1380,2017,2,27,13,84,-9999,-9999,-9999,21,-9999,0,-9999
1381,2017,2,27,14,98,-9999,-9999,-9999,28,-9999,0,-9999
1382,2017,2,27,15,94,-9999,-9999,-9999,28,-9999,0,-9999
1383,2017,2,27,16,108,-9999,-9999,-9999,30,-9999,0,-9999
1384,2017,2,27,17,117,-9999,-9999,-9999,34,-9999,0,-9999
1385,2017,2,27,18,125,-9999,-9999,-9999,33,-9999,0,-9999
1386,2017,2,27,19,137,-9999,-9999,-9999,32,-9999,0,-9999
1387,2017,2,27,20,130,-9999,-9999,-9999,33,-9999,0,-9999
1388,2017,2,27,21,120,-9999,-9999,-9999,29,-9999,0,-9999
1389,2017,2,27,22,112,-9999,-9999,-9999,20,-9999,0,-9999
1390,2017,2,27,23,99,-9999,-9999,-9999,18,-9999,0,-9999
1391,2017,2,28,0,99,-9999,-9999,-9999,21,-9999,0,-9999
1392,2017,2,28,1,100,-9999,-9999,-9999,24,-9999,0,-9999
1393,2017,2,28,2,101,-9999,-9999,-9999,21,-9999,0,-9999
1394,2017,2,28,3,108,-9999,-9999,-9999,20,-9999,0,-9999
1395,2017,2,28,4,109,-9999,-9999,-9999,23,-9999,0,-9999
1396,2017,2,28,5,109,-9999,-9999,-9999,16,-9999,0,-9999
1397,2017,2,28,6,114,-9999,-9999,-9999,14,-9999,0,-9999
1398,2017,2,28,7,111,-9999,-9999,-9999,15,-9999,0,-9999
1399,2017,2,28,8,112,-9999,-9999,-9999,11,-9999,0,-9999
1400,2017,2,28,9,111,-9999,-9999,-9999,10,-9999,0,-9999
1401,2017,2,28,10,115,-9999,-9999,-9999,10,-9999,0,-9999
1402,2017,2,28,11,111,-9999,-9999,-9999,4,-9999,0,-9999
1403,2017,2,28,12,99,-9999,-9999,-9999,5,-9999,0,-9999
1404,2017,2,28,13,124,-9999,-9999,-9999,10,-9999,0,-9999
1405,2017,2,28,14,146,-9999,-9999,-9999,18,-9999,0,-9999
1406,2017,2,28,15,156,-9999,-9999,-9999,23,-9999,0,-9999
1407,2017,2,28,16,155,-9999,-9999,-9999,28,-9999,0,-9999
1408,2017,2,28,17,178,-9999,-9999,-9999,27,-9999,0,-9999
1409,2017,2,28,18,186,-9999,-9999,-9999,27,-9999,0,-9999
1410,2017,2,28,19,185,-9999,-9999,-9999,29,-9999,0,-9999
1411,2017,2,28,20,182,-9999,-9999,-9999,25,-9999,0,-9999
1412,2017,2,28,21,175,-9999,-9999,-9999,24,-9999,0,-9999
1413,2017,2,28,22,162,-9999,-9999,-9999,24,-9999,0,-9999
1414,2017,2,28,23,167,-9999,-9999,-9999,31,-9999,0,-9999
1415,2017,3,1,0,165,-9999,-9999,-9999,29,-9999,0,-9999
1416,2017,3,1,1,157,-9999,-9999,-9999,17,-9999,0,-9999
1417,2017,3,1,2,148,-9999,-9999,-9999,12,-9999,0,-9999
1418,2017,3,1,3,193,-9999,-9999,-9999,14,-9999,0,-9999
1419,2017,3,1,4,191,-9999,-9999,-9999,27,-9999,0,-9999
1420,2017,3,1,5,184,-9999,-9999,-9999,21,-9999,0,-9999
1421,2017,3,1,6,176,-9999,-9999,-9999,12,-9999,4,-9999
1422,2017,3,1,7,184,-9999,-9999,-9999,25,-9999,0,-9999
1423,2017,3,1,8,180,-9999,-9999,-9999,26,-9999,0,-9999
1424,2017,3,1,9,177,-9999,-9999,-9999,26,-9999,0,-9999
1425,2017,3,1,10,179,-9999,-9999,-9999,28,-9999,0,-9999
1426,2017,3,1,11,181,-9999,-9999,-9999,29,-9999,0,-9999
1427,2017,3,1,12,182,-9999,-9999,-9999,34,-9999,0,-9999
1428,2017,3,1,13,187,-9999,-9999,-9999,40,-9999,0,-9999
1429,2017,3,1,14,190,-9999,-9999,-9999,51,-9999,0,-9999
1430,2017,3,1,15,208,-9999,-9999,-9999,46,-9999,0,-9999
1431,2017,3,1,16,227,-9999,-9999,-9999,51,-9999,0,-9999
1432,2017,3,1,17,237,-9999,-9999,-9999,50,-9999,0,-9999
1433,2017,3,1,18,242,-9999,-9999,-9999,52,-9999,0,-9999
1434,2017,3,1,19,241,-9999,-9999,-9999,53,-9999,0,-9999
1435,2017,3,1,20,248,-9999,-9999,-9999,57,-9999,0,-9999
1436,2017,3,1,21,241,-9999,-9999,-9999,52,-9999,0,-9999
1437,2017,3,1,22,198,-9999,-9999,-9999,37,-9999,0,-9999
1438,2017,3,1,23,196,-9999,-9999,-9999,27,-9999,0,-9999
1439,2017,3,2,0,199,-9999,-9999,-9999,23,-9999,0,-9999
1440,2017,3,2,1,175,-9999,-9999,-9999,32,-9999,0,-9999
1441,2017,3,2,2,179,-9999,-9999,-9999,27,-9999,0,-9999
1442,2017,3,2,3,153,-9999,-9999,-9999,33,-9999,12,-9999
1443,2017,3,2,4,161,-9999,-9999,-9999,36,-9999,9,-9999
1444,2017,3,2,5,170,-9999,-9999,-9999,60,-9999,0,-9999
1445,2017,3,2,6,169,-9999,-9999,-9999,56,-9999,0,-9999
1446,2017,3,2,7,166,-9999,-9999,-9999,50,-9999,0,-9999
1447,2017,3,2,8,166,-9999,-9999,-9999,38,-9999,0,-9999
1448,2017,3,2,9,163,-9999,-9999,-9999,33,-9999,0,-9999
1449,2017,3,2,10,144,-9999,-9999,-9999,39,-9999,0,-9999
1450,2017,3,2,11,121,-9999,-9999,-9999,67,-9999,0,-9999
1451,2017,3,2,12,107,-9999,-9999,-9999,49,-9999,0,-9999
1452,2017,3,2,13,104,-9999,-9999,-9999,47,-9999,0,-9999
1453,2017,3,2,14,110,-9999,-9999,-9999,48,-9999,0,-9999
1454,2017,3,2,15,118,-9999,-9999,-9999,54,-9999,0,-9999
1455,2017,3,2,16,115,-9999,-9999,-9999,73,-9999,0,-9999
1456,2017,3,2,17,121,-9999,-9999,-9999,69,-9999,0,-9999
1457,2017,3,2,18,121,-9999,-9999,-9999,63,-9999,0,-9999
1458,2017,3,2,19,117,-9999,-9999,-9999,60,-9999,0,-9999
1459,2017,3,2,20,118,-9999,-9999,-9999,47,-9999,0,-9999
1460,2017,3,2,21,112,-9999,-9999,-9999,44,-9999,0,-9999
1461,2017,3,2,22,109,-9999,-9999,-9999,43,-9999,0,-9999
1462,2017,3,2,23,97,-9999,-9999,-9999,42,-9999,0,-9999
1463,2017,3,3,0,94,-9999,-9999,-9999,42,-9999,0,-9999
1464,2017,3,3,1,87,-9999,-9999,-9999,36,-9999,0,-9999
1465,2017,3,3,2,81,-9999,-9999,-9999,25,-9999,0,-9999
1466,2017,3,3,3,73,-9999,-9999,-9999,24,-9999,0,-9999
1467,2017,3,3,4,65,-9999,-9999,-9999,23,-9999,0,-9999
1468,2017,3,3,5,56,-9999,-9999,-9999,23,-9999,0,-9999
1469,2017,3,3,6,58,-9999,-9999,-9999,32,-9999,0,-9999
1470,2017,3,3,7,54,-9999,-9999,-9999,32,-9999,0,-9999
1471,2017,3,3,8,23,-9999,-9999,-9999,12,-9999,0,-9999
1472,2017,3,3,9,22,-9999,-9999,-9999,7,-9999,0,-9999
1473,2017,3,3,10,21,-9999,-9999,-9999,7,-9999,0,-9999
1474,2017,3,3,11,-2,-9999,-9999,-9999,6,-9999,0,-9999
1475,2017,3,3,12,28,-9999,-9999,-9999,6,-9999,0,-9999
1476,2017,3,3,13,64,-9999,-9999,-9999,22,-9999,0,-9999
1477,2017,3,3,14,62,-9999,-9999,-9999,36,-9999,0,-9999
1478,2017,3,3,15,73,-9999,-9999,-9999,33,-9999,0,-9999
1479,2017,3,3,16,78,-9999,-9999,-9999,41,-9999,0,-9999
1480,2017,3,3,17,66,-9999,-9999,-9999,34,-9999,0,-9999
1481,2017,3,3,18,40,-9999,-9999,-9999,45,-9999,0,-9999
1482,2017,3,3,19,53,-9999,-9999,-9999,38,-9999,0,-9999
1483,2017,3,3,20,49,-9999,-9999,-9999,42,-9999,0,-9999
1484,2017,3,3,21,51,-9999,-9999,-9999,33,-9999,0,-9999
1485,2017,3,3,22,52,-9999,-9999,-9999,26,-9999,0,-9999
1486,2017,3,3,23,49,-9999,-9999,-9999,39,-9999,0,-9999
1487,2017,3,4,0,49,-9999,-9999,-9999,57,-9999,0,-9999
1488,2017,3,4,1,48,-9999,-9999,-9999,58,-9999,0,-9999
1489,2017,3,4,2,41,-9999,-9999,-9999,58,-9999,0,-9999
1490,2017,3,4,3,33,-9999,-9999,-9999,47,-9999,0,-9999
1491,2017,3,4,4,29,-9999,-9999,-9999,51,-9999,0,-9999
1492,2017,3,4,5,21,-9999,-9999,-9999,43,-9999,0,-9999
1493,2017,3,4,6,13,-9999,-9999,-9999,38,-9999,0,-9999
1494,2017,3,4,7,10,-9999,-9999,-9999,45,-9999,0,-9999
1495,2017,3,4,8,8,-9999,-9999,-9999,49,-9999,0,-9999
1496,2017,3,4,9,6,-9999,-9999,-9999,45,-9999,0,-9999
1497,2017,3,4,10,5,-9999,-9999,-9999,43,-9999,0,-9999
1498,2017,3,4,11,0,-9999,-9999,-9999,47,-9999,0,-9999
1499,2017,3,4,12,1,-9999,-9999,-9999,43,-9999,0,-9999
1500,2017,3,4,13,10,-9999,-9999,-9999,50,-9999,0,-9999
1501,2017,3,4,14,19,-9999,-9999,-9999,51,-9999,0,-9999
1502,2017,3,4,15,23,-9999,-9999,-9999,49,-9999,0,-9999
1503,2017,3,4,16,31,-9999,-9999,-9999,43,-9999,0,-9999
1504,2017,3,4,17,36,-9999,-9999,-9999,33,-9999,0,-9999
1505,2017,3,4,18,41,-9999,-9999,-9999,28,-9999,0,-9999
1506,2017,3,4,19,44,-9999,-9999,-9999,27,-9999,0,-9999
1507,2017,3,4,20,57,-9999,-9999,-9999,28,-9999,0,-9999
1508,2017,3,4,21,59,-9999,-9999,-9999,28,-9999,0,-9999
1509,2017,3,4,22,54,-9999,-9999,-9999,39,-9999,0,-9999
1510,2017,3,4,23,38,-9999,-9999,-9999,24,-9999,0,-9999
1511,2017,3,5,0,8,-9999,-9999,-9999,4,-9999,0,-9999
1512,2017,3,5,1,1,-9999,-9999,-9999,2,-9999,0,-9999
1513,2017,3,5,2,18,-9999,-9999,-9999,4,-9999,0,-9999
1514,2017,3,5,3,18,-9999,-9999,-9999,16,-9999,0,-9999
1515,2017,3,5,4,12,-9999,-9999,-9999,31,-9999,0,-9999
1516,2017,3,5,5,6,-9999,-9999,-9999,36,-9999,0,-9999
1517,2017,3,5,6,2,-9999,-9999,-9999,38,-9999,0,-9999
1518,2017,3,5,7,-7,-9999,-9999,-9999,38,-9999,0,-9999
1519,2017,3,5,8,-14,-9999,-9999,-9999,35,-9999,0,-9999
1520,2017,3,5,9,-23,-9999,-9999,-9999,33,-9999,0,-9999
1521,2017,3,5,10,-28,-9999,-9999,-9999,36,-9999,0,-9999
1522,2017,3,5,11,-38,-9999,-9999,-9999,36,-9999,0,-9999
1523,2017,3,5,12,-43,-9999,-9999,-9999,26,-9999,0,-9999
1524,2017,3,5,13,-29,-9999,-9999,-9999,23,-9999,0,-9999
1525,2017,3,5,14,-18,-9999,-9999,-9999,34,-9999,0,-9999
1526,2017,3,5,15,-4,-9999,-9999,-9999,37,-9999,0,-9999
1527,2017,3,5,16,7,-9999,-9999,-9999,46,-9999,0,-9999
1528,2017,3,5,17,10,-9999,-9999,-9999,42,-9999,0,-9999
1529,2017,3,5,18,12,-9999,-9999,-9999,46,-9999,0,-9999
1530,2017,3,5,19,15,-9999,-9999,-9999,43,-9999,0,-9999
1531,2017,3,5,20,20,-9999,-9999,-9999,31,-9999,0,-9999
1532,2017,3,5,21,21,-9999,-9999,-9999,26,-9999,0,-9999
1533,2017,3,5,22,19,-9999,-9999,-9999,21,-9999,0,-9999
1534,2017,3,5,23,1,-9999,-9999,-9999,10,-9999,0,-9999
1535,2017,3,6,0,-19,-9999,-9999,-9999,7,-9999,0,-9999
1536,2017,3,6,1,-30,-9999,-9999,-9999,6,-9999,0,-9999
1537,2017,3,6,2,-29,-9999,-9999,-9999,7,-9999,0,-9999
1538,2017,3,6,3,-37,-9999,-9999,-9999,5,-9999,0,-9999
1539,2017,3,6,4,-38,-9999,-9999,-9999,4,-9999,0,-9999
1540,2017,3,6,5,-39,-9999,-9999,-9999,5,-9999,0,-9999
1541,2017,3,6,6,-39,-9999,-9999,-9999,5,-9999,0,-9999
1542,2017,3,6,7,-36,-9999,-9999,-9999,5,-9999,0,-9999
1543,2017,3,6,8,-38,-9999,-9999,-9999,6,-9999,0,-9999
1544,2017,3,6,9,-33,-9999,-9999,-9999,5,-9999,0,-9999
1545,2017,3,6,10,-29,-9999,-9999,-9999,6,-9999,0,-9999
1546,2017,3,6,11,-42,-9999,-9999,-9999,7,-9999,0,-9999
1547,2017,3,6,12,-10,-9999,-9999,-9999,6,-9999,0,-9999
1548,2017,3,6,13,33,-9999,-9999,-9999,4,-9999,0,-9999
1549,2017,3,6,14,58,-9999,-9999,-9999,21,-9999,0,-9999
1550,2017,3,6,15,66,-9999,-9999,-9999,32,-9999,0,-9999
1551,2017,3,6,16,75,-9999,-9999,-9999,34,-9999,0,-9999
1552,2017,3,6,17,84,-9999,-9999,-9999,39,-9999,0,-9999
1553,2017,3,6,18,87,-9999,-9999,-9999,36,-9999,0,-9999
1554,2017,3,6,19,90,-9999,-9999,-9999,41,-9999,0,-9999
1555,2017,3,6,20,88,-9999,-9999,-9999,41,-9999,0,-9999
1556,2017,3,6,21,87,-9999,-9999,-9999,42,-9999,0,-9999
1557,2017,3,6,22,81,-9999,-9999,-9999,41,-9999,0,-9999
1558,2017,3,6,23,80,-9999,-9999,-9999,38,-9999,0,-9999
1559,2017,3,7,0,82,-9999,-9999,-9999,32,-9999,0,-9999
1560,2017,3,7,1,87,-9999,-9999,-9999,28,-9999,0,-9999
1561,2017,3,7,2,88,-9999,-9999,-9999,26,-9999,0,-9999
1562,2017,3,7,3,87,-9999,-9999,-9999,22,-9999,0,-9999
1563,2017,3,7,4,91,-9999,-9999,-9999,23,-9999,0,-9999
1564,2017,3,7,5,89,-9999,-9999,-9999,23,-9999,0,-9999
1565,2017,3,7,6,94,-9999,-9999,-9999,17,-9999,0,-9999
1566,2017,3,7,7,88,-9999,-9999,-9999,9,-9999,0,-9999
1567,2017,3,7,8,98,-9999,-9999,-9999,13,-9999,0,-9999
1568,2017,3,7,9,99,-9999,-9999,-9999,14,-9999,0,-9999
1569,2017,3,7,10,103,-9999,-9999,-9999,14,-9999,0,-9999
1570,2017,3,7,11,110,-9999,-9999,-9999,23,-9999,0,-9999
1571,2017,3,7,12,113,-9999,-9999,-9999,18,-9999,0,-9999
1572,2017,3,7,13,123,-9999,-9999,-9999,19,-9999,0,-9999
1573,2017,3,7,14,136,-9999,-9999,-9999,28,-9999,0,-9999
1574,2017,3,7,15,162,-9999,-9999,-9999,34,-9999,0,-9999
1575,2017,3,7,16,185,-9999,-9999,-9999,40,-9999,0,-9999
1576,2017,3,7,17,190,-9999,-9999,-9999,40,-9999,0,-9999
1577,2017,3,7,18,204,-9999,-9999,-9999,36,-9999,0,-9999
1578,2017,3,7,19,209,-9999,-9999,-9999,40,-9999,0,-9999
1579,2017,3,7,20,180,-9999,-9999,-9999,35,-9999,0,-9999
1580,2017,3,7,21,160,-9999,-9999,-9999,30,-9999,0,-9999
1581,2017,3,7,22,146,-9999,-9999,-9999,33,-9999,0,-9999
1582,2017,3,7,23,138,-9999,-9999,-9999,30,-9999,0,-9999
1583,2017,3,8,0,146,-9999,-9999,-9999,34,-9999,0,-9999
1584,2017,3,8,1,147,-9999,-9999,-9999,27,-9999,0,-9999
1585,2017,3,8,2,137,-9999,-9999,-9999,29,-9999,0,-9999
1586,2017,3,8,3,126,-9999,-9999,-9999,31,-9999,0,-9999
1587,2017,3,8,4,169,-9999,-9999,-9999,33,-9999,0,-9999
1588,2017,3,8,5,171,-9999,-9999,-9999,44,-9999,0,-9999
1589,2017,3,8,6,167,-9999,-9999,-9999,46,-9999,0,-9999
1590,2017,3,8,7,164,-9999,-9999,-9999,40,-9999,0,-9999
1591,2017,3,8,8,162,-9999,-9999,-9999,42,-9999,0,-9999
1592,2017,3,8,9,164,-9999,-9999,-9999,38,-9999,0,-9999
1593,2017,3,8,10,165,-9999,-9999,-9999,40,-9999,0,-9999
1594,2017,3,8,11,164,-9999,-9999,-9999,38,-9999,0,-9999
1595,2017,3,8,12,165,-9999,-9999,-9999,33,-9999,0,-9999
1596,2017,3,8,13,88,-9999,-9999,-9999,46,-9999,7,-9999
1597,2017,3,8,14,87,-9999,-9999,-9999,56,-9999,8,-9999
1598,2017,3,8,15,96,-9999,-9999,-9999,35,-9999,0,-9999
1599,2017,3,8,16,110,-9999,-9999,-9999,31,-9999,0,-9999
1600,2017,3,8,17,133,-9999,-9999,-9999,33,-9999,0,-9999
1601,2017,3,8,18,142,-9999,-9999,-9999,35,-9999,0,-9999
1602,2017,3,8,19,145,-9999,-9999,-9999,25,-9999,0,-9999
1603,2017,3,8,20,152,-9999,-9999,-9999,14,-9999,0,-9999
1604,2017,3,8,21,132,-9999,-9999,-9999,24,-9999,0,-9999
1605,2017,3,8,22,128,-9999,-9999,-9999,29,-9999,0,-9999
1606,2017,3,8,23,103,-9999,-9999,-9999,27,-9999,0,-9999
1607,2017,3,9,0,102,-9999,-9999,-9999,27,-9999,0,-9999
1608,2017,3,9,1,102,-9999,-9999,-9999,32,-9999,0,-9999
1609,2017,3,9,2,98,-9999,-9999,-9999,21,-9999,0,-9999
1610,2017,3,9,3,101,-9999,-9999,-9999,20,-9999,0,-9999
1611,2017,3,9,4,104,-9999,-9999,-9999,24,-9999,0,-9999
1612,2017,3,9,5,104,-9999,-9999,-9999,25,-9999,0,-9999
1613,2017,3,9,6,103,-9999,-9999,-9999,24,-9999,0,-9999
1614,2017,3,9,7,97,-9999,-9999,-9999,13,-9999,0,-9999
1615,2017,3,9,8,97,-9999,-9999,-9999,10,-9999,0,-9999
1616,2017,3,9,9,105,-9999,-9999,-9999,10,-9999,0,-9999
1617,2017,3,9,10,109,-9999,-9999,-9999,11,-9999,0,-9999
1618,2017,3,9,11,107,-9999,-9999,-9999,12,-9999,0,-9999
1619,2017,3,9,12,101,-9999,-9999,-9999,12,-9999,0,-9999
1620,2017,3,9,13,125,-9999,-9999,-9999,15,-9999,0,-9999
1621,2017,3,9,14,141,-9999,-9999,-9999,22,-9999,0,-9999
1622,2017,3,9,15,164,-9999,-9999,-9999,28,-9999,0,-9999
1623,2017,3,9,16,180,-9999,-9999,-9999,32,-9999,0,-9999
1624,2017,3,9,17,188,-9999,-9999,-9999,37,-9999,0,-9999
1625,2017,3,9,18,199,-9999,-9999,-9999,34,-9999,0,-9999
1626,2017,3,9,19,197,-9999,-9999,-9999,35,-9999,0,-9999
1627,2017,3,9,20,199,-9999,-9999,-9999,32,-9999,0,-9999
1628,2017,3,9,21,198,-9999,-9999,-9999,25,-9999,0,-9999
1629,2017,3,9,22,191,-9999,-9999,-9999,20,-9999,0,-9999
1630,2017,3,9,23,172,-9999,-9999,-9999,16,-9999,0,-9999
1631,2017,3,10,0,153,-9999,-9999,-9999,13,-9999,0,-9999
1632,2017,3,10,1,157,-9999,-9999,-9999,9,-9999,0,-9999
1633,2017,3,10,2,138,-9999,-9999,-9999,24,-9999,0,-9999
1634,2017,3,10,3,156,-9999,-9999,-9999,33,-9999,0,-9999
1635,2017,3,10,4,149,-9999,-9999,-9999,39,-9999,0,-9999
1636,2017,3,10,5,147,-9999,-9999,-9999,37,-9999,0,-9999
1637,2017,3,10,6,142,-9999,-9999,-9999,38,-9999,0,-9999
1638,2017,3,10,7,140,-9999,-9999,-9999,38,-9999,0,-9999
1639,2017,3,10,8,139,-9999,-9999,-9999,37,-9999,0,-9999
1640,2017,3,10,9,141,-9999,-9999,-9999,37,-9999,0,-9999
1641,2017,3,10,10,134,-9999,-9999,-9999,38,-9999,0,-9999
1642,2017,3,10,11,130,-9999,-9999,-9999,28,-9999,0,-9999
1643,2017,3,10,12,133,-9999,-9999,-9999,33,-9999,0,-9999
1644,2017,3,10,13,126,-9999,-9999,-9999,37,-9999,0,-9999
1645,2017,3,10,14,126,-9999,-9999,-9999,27,-9999,0,-9999
1646,2017,3,10,15,95,-9999,-9999,-9999,47,-9999,0,-9999
1647,2017,3,10,16,95,-9999,-9999,-9999,47,-9999,0,-9999
1648,2017,3,10,17,68,-9999,-9999,-9999,69,-9999,0,-9999
1649,2017,3,10,18,60,-9999,-9999,-9999,75,-9999,4,-9999
1650,2017,3,10,19,49,-9999,-9999,-9999,88,-9999,2,-9999
1651,2017,3,10,20,57,-9999,-9999,-9999,84,-9999,0,-9999
1652,2017,3,10,21,68,-9999,-9999,-9999,80,-9999,0,-9999
1653,2017,3,10,22,64,-9999,-9999,-9999,69,-9999,0,-9999
1654,2017,3,10,23,57,-9999,-9999,-9999,59,-9999,0,-9999
1655,2017,3,11,0,47,-9999,-9999,-9999,37,-9999,0,-9999
1656,2017,3,11,1,54,-9999,-9999,-9999,43,-9999,0,-9999
1657,2017,3,11,2,49,-9999,-9999,-9999,62,-9999,0,-9999
1658,2017,3,11,3,42,-9999,-9999,-9999,76,-9999,0,-9999
1659,2017,3,11,4,35,-9999,-9999,-9999,70,-9999,0,-9999
1660,2017,3,11,5,25,-9999,-9999,-9999,59,-9999,0,-9999
1661,2017,3,11,6,20,-9999,-9999,-9999,54,-9999,0,-9999
1662,2017,3,11,7,14,-9999,-9999,-9999,51,-9999,0,-9999
1663,2017,3,11,8,9,-9999,-9999,-9999,51,-9999,0,-9999
1664,2017,3,11,9,7,-9999,-9999,-9999,48,-9999,0,-9999
1665,2017,3,11,10,1,-9999,-9999,-9999,48,-9999,0,-9999
1666,2017,3,11,11,-2,-9999,-9999,-9999,44,-9999,0,-9999
1667,2017,3,11,12,-2,-9999,-9999,-9999,41,-9999,0,-9999
1668,2017,3,11,13,5,-9999,-9999,-9999,43,-9999,0,-9999
1669,2017,3,11,14,8,-9999,-9999,-9999,51,-9999,0,-9999
1670,2017,3,11,15,19,-9999,-9999,-9999,51,-9999,0,-9999
1671,2017,3,11,16,19,-9999,-9999,-9999,51,-9999,0,-9999
1672,2017,3,11,17,23,-9999,-9999,-9999,40,-9999,0,-9999
1673,2017,3,11,18,23,-9999,-9999,-9999,29,-9999,0,-9999
1674,2017,3,11,19,29,-9999,-9999,-9999,24,-9999,0,-9999
1675,2017,3,11,20,35,-9999,-9999,-9999,23,-9999,0,-9999
1676,2017,3,11,21,39,-9999,-9999,-9999,21,-9999,0,-9999
1677,2017,3,11,22,40,-9999,-9999,-9999,20,-9999,0,-9999
1678,2017,3,11,23,23,-9999,-9999,-9999,13,-9999,0,-9999
1679,2017,3,12,0,-1,-9999,-9999,-9999,7,-9999,0,-9999
1680,2017,3,12,1,-17,-9999,-9999,-9999,8,-9999,0,-9999
1681,2017,3,12,2,-24,-9999,-9999,-9999,9,-9999,0,-9999
1682,2017,3,12,3,-15,-9999,-9999,-9999,7,-9999,0,-9999
1683,2017,3,12,4,-14,-9999,-9999,-9999,9,-9999,0,-9999
1684,2017,3,12,5,0,-9999,-9999,-9999,16,-9999,0,-9999
1685,2017,3,12,6,-1,-9999,-9999,-9999,23,-9999,0,-9999
1686,2017,3,12,7,-3,-9999,-9999,-9999,20,-9999,0,-9999
1687,2017,3,12,8,-7,-9999,-9999,-9999,20,-9999,0,-9999
1688,2017,3,12,9,-11,-9999,-9999,-9999,24,-9999,0,-9999
1689,2017,3,12,10,-15,-9999,-9999,-9999,25,-9999,0,-9999
1690,2017,3,12,11,-19,-9999,-9999,-9999,19,-9999,0,-9999
1691,2017,3,12,12,-16,-9999,-9999,-9999,25,-9999,0,-9999
1692,2017,3,12,13,-14,-9999,-9999,-9999,24,-9999,0,-9999
1693,2017,3,12,14,-11,-9999,-9999,-9999,20,-9999,0,-9999
1694,2017,3,12,15,-4,-9999,-9999,-9999,20,-9999,0,-9999
1695,2017,3,12,16,6,-9999,-9999,-9999,23,-9999,0,-9999
1696,2017,3,12,17,20,-9999,-9999,-9999,32,-9999,0,-9999
1697,2017,3,12,18,20,-9999,-9999,-9999,36,-9999,0,-9999
1698,2017,3,12,19,24,-9999,-9999,-9999,35,-9999,0,-9999
1699,2017,3,12,20,33,-9999,-9999,-9999,29,-9999,0,-9999
1700,2017,3,12,21,35,-9999,-9999,-9999,33,-9999,0,-9999
1701,2017,3,12,22,30,-9999,-9999,-9999,26,-9999,0,-9999
1702,2017,3,12,23,13,-9999,-9999,-9999,23,-9999,0,-9999
1703,2017,3,13,0,-7,-9999,-9999,-9999,11,-9999,0,-9999
1704,2017,3,13,1,-25,-9999,-9999,-9999,5,-9999,0,-9999
1705,2017,3,13,2,-20,-9999,-9999,-9999,5,-9999,0,-9999
1706,2017,3,13,3,18,-9999,-9999,-9999,13,-9999,0,-9999
1707,2017,3,13,4,21,-9999,-9999,-9999,22,-9999,0,-9999
1708,2017,3,13,5,-3,-9999,-9999,-9999,19,-9999,0,-9999
1709,2017,3,13,6,8,-9999,-9999,-9999,24,-9999,0,-9999
1710,2017,3,13,7,-2,-9999,-9999,-9999,29,-9999,0,-9999
1711,2017,3,13,8,-6,-9999,-9999,-9999,27,-9999,0,-9999
1712,2017,3,13,9,-8,-9999,-9999,-9999,32,-9999,0,-9999
1713,2017,3,13,10,-11,-9999,-9999,-9999,33,-9999,0,-9999
1714,2017,3,13,11,-12,-9999,-9999,-9999,35,-9999,0,-9999
1715,2017,3,13,12,-6,-9999,-9999,-9999,31,-9999,0,-9999
1716,2017,3,13,13,14,-9999,-9999,-9999,32,-9999,0,-9999
1717,2017,3,13,14,38,-9999,-9999,-9999,38,-9999,0,-9999
1718,2017,3,13,15,43,-9999,-9999,-9999,46,-9999,0,-9999
1719,2017,3,13,16,52,-9999,-9999,-9999,47,-9999,0,-9999
1720,2017,3,13,17,58,-9999,-9999,-9999,53,-9999,0,-9999
1721,2017,3,13,18,45,-9999,-9999,-9999,55,-9999,0,-9999
1722,2017,3,13,19,42,-9999,-9999,-9999,51,-9999,0,-9999
1723,2017,3,13,20,43,-9999,-9999,-9999,53,-9999,0,-9999
1724,2017,3,13,21,43,-9999,-9999,-9999,55,-9999,0,-9999
1725,2017,3,13,22,48,-9999,-9999,-9999,57,-9999,0,-9999
1726,2017,3,13,23,55,-9999,-9999,-9999,51,-9999,0,-9999
1727,2017,3,14,0,61,-9999,-9999,-9999,49,-9999,0,-9999
1728,2017,3,14,1,65,-9999,-9999,-9999,50,-9999,0,-9999
1729,2017,3,14,2,68,-9999,-9999,-9999,46,-9999,23,-9999
1730,2017,3,14,3,76,-9999,-9999,-9999,33,-9999,25,-9999
1731,2017,3,14,4,80,-9999,-9999,-9999,33,-9999,40,-9999
1732,2017,3,14,5,100,-9999,-9999,-9999,31,-9999,57,-9999
1733,2017,3,14,6,107,-9999,-9999,-9999,51,-9999,35,-9999
1734,2017,3,14,7,112,-9999,-9999,-9999,59,-9999,65,-9999
1735,2017,3,14,8,114,-9999,-9999,-9999,50,-9999,41,-9999
1736,2017,3,14,9,114,-9999,-9999,-9999,49,-9999,99,-9999
1737,2017,3,14,10,107,-9999,-9999,-9999,50,-9999,33,-9999
1738,2017,3,14,11,41,-9999,-9999,-9999,91,-9999,5,-9999
1739,2017,3,14,12,31,-9999,-9999,-9999,74,-9999,6,-9999
1740,2017,3,14,13,30,-9999,-9999,-9999,76,-9999,0,-9999
1741,2017,3,14,14,30,-9999,-9999,-9999,69,-9999,0,-9999
1742,2017,3,14,15,25,-9999,-9999,-9999,52,-9999,0,-9999
1743,2017,3,14,16,22,-9999,-9999,-9999,56,-9999,3,-9999
1744,2017,3,14,17,25,-9999,-9999,-9999,62,-9999,0,-9999
1745,2017,3,14,18,33,-9999,-9999,-9999,63,-9999,0,-9999
1746,2017,3,14,19,40,-9999,-9999,-9999,66,-9999,0,-9999
1747,2017,3,14,20,65,-9999,-9999,-9999,65,-9999,0,-9999
1748,2017,3,14,21,64,-9999,-9999,-9999,73,-9999,0,-9999
1749,2017,3,14,22,66,-9999,-9999,-9999,47,-9999,0,-9999
1750,2017,3,14,23,67,-9999,-9999,-9999,38,-9999,0,-9999
1751,2017,3,15,0,66,-9999,-9999,-9999,46,-9999,0,-9999
1752,2017,3,15,1,59,-9999,-9999,-9999,64,-9999,0,-9999
1753,2017,3,15,2,34,-9999,-9999,-9999,72,-9999,0,-9999
1754,2017,3,15,3,18,-9999,-9999,-9999,75,-9999,0,-9999
1755,2017,3,15,4,8,-9999,-9999,-9999,82,-9999,0,-9999
1756,2017,3,15,5,-1,-9999,-9999,-9999,73,-9999,0,-9999
1757,2017,3,15,6,-8,-9999,-9999,-9999,58,-9999,0,-9999
1758,2017,3,15,7,-17,-9999,-9999,-9999,59,-9999,0,-9999
1759,2017,3,15,8,-23,-9999,-9999,-9999,59,-9999,0,-9999
1760,2017,3,15,9,-30,-9999,-9999,-9999,59,-9999,0,-9999
1761,2017,3,15,10,-35,-9999,-9999,-9999,52,-9999,0,-9999
1762,2017,3,15,11,-40,-9999,-9999,-9999,56,-9999,0,-9999
1763,2017,3,15,12,-42,-9999,-9999,-9999,56,-9999,0,-9999
1764,2017,3,15,13,-35,-9999,-9999,-9999,63,-9999,0,-9999
1765,2017,3,15,14,-23,-9999,-9999,-9999,63,-9999,0,-9999
1766,2017,3,15,15,-18,-9999,-9999,-9999,66,-9999,0,-9999
1767,2017,3,15,16,-9,-9999,-9999,-9999,61,-9999,0,-9999
1768,2017,3,15,17,7,-9999,-9999,-9999,55,-9999,0,-9999
1769,2017,3,15,18,12,-9999,-9999,-9999,53,-9999,0,-9999
1770,2017,3,15,19,13,-9999,-9999,-9999,53,-9999,0,-9999
1771,2017,3,15,20,23,-9999,-9999,-9999,49,-9999,0,-9999
1772,2017,3,15,21,21,-9999,-9999,-9999,57,-9999,0,-9999
1773,2017,3,15,22,17,-9999,-9999,-9999,52,-9999,0,-9999
1774,2017,3,15,23,16,-9999,-9999,-9999,58,-9999,0,-9999
1775,2017,3,16,0,14,-9999,-9999,-9999,50,-9999,0,-9999
1776,2017,3,16,1,13,-9999,-9999,-9999,41,-9999,0,-9999
1777,2017,3,16,2,15,-9999,-9999,-9999,37,-9999,0,-9999
1778,2017,3,16,3,14,-9999,-9999,-9999,42,-9999,0,-9999
1779,2017,3,16,4,12,-9999,-9999,-9999,47,-9999,0,-9999
1780,2017,3,16,5,5,-9999,-9999,-9999,45,-9999,0,-9999
1781,2017,3,16,6,4,-9999,-9999,-9999,57,-9999,0,-9999
1782,2017,3,16,7,-1,-9999,-9999,-9999,57,-9999,0,-9999
1783,2017,3,16,8,-5,-9999,-9999,-9999,54,-9999,0,-9999
1784,2017,3,16,9,-9,-9999,-9999,-9999,55,-9999,0,-9999
1785,2017,3,16,10,-10,-9999,-9999,-9999,57,-9999,0,-9999
1786,2017,3,16,11,-12,-9999,-9999,-9999,44,-9999,0,-9999
1787,2017,3,16,12,-7,-9999,-9999,-9999,30,-9999,0,-9999
1788,2017,3,16,13,6,-9999,-9999,-9999,33,-9999,0,-9999
1789,2017,3,16,14,14,-9999,-9999,-9999,38,-9999,0,-9999
1790,2017,3,16,15,21,-9999,-9999,-9999,47,-9999,0,-9999
1791,2017,3,16,16,31,-9999,-9999,-9999,54,-9999,0,-9999
1792,2017,3,16,17,37,-9999,-9999,-9999,44,-9999,0,-9999
1793,2017,3,16,18,44,-9999,-9999,-9999,38,-9999,0,-9999
1794,2017,3,16,19,52,-9999,-9999,-9999,37,-9999,0,-9999
1795,2017,3,16,20,58,-9999,-9999,-9999,35,-9999,0,-9999
1796,2017,3,16,21,61,-9999,-9999,-9999,34,-9999,0,-9999
1797,2017,3,16,22,61,-9999,-9999,-9999,29,-9999,0,-9999
1798,2017,3,16,23,54,-9999,-9999,-9999,22,-9999,0,-9999
1799,2017,3,17,0,49,-9999,-9999,-9999,15,-9999,0,-9999
1800,2017,3,17,1,20,-9999,-9999,-9999,11,-9999,0,-9999
1801,2017,3,17,2,9,-9999,-9999,-9999,12,-9999,0,-9999
1802,2017,3,17,3,32,-9999,-9999,-9999,27,-9999,0,-9999
1803,2017,3,17,4,26,-9999,-9999,-9999,29,-9999,0,-9999
1804,2017,3,17,5,26,-9999,-9999,-9999,24,-9999,0,-9999
1805,2017,3,17,6,25,-9999,-9999,-9999,18,-9999,0,-9999
1806,2017,3,17,7,20,-9999,-9999,-9999,11,-9999,0,-9999
1807,2017,3,17,8,18,-9999,-9999,-9999,12,-9999,0,-9999
1808,2017,3,17,9,14,-9999,-9999,-9999,15,-9999,0,-9999
1809,2017,3,17,10,10,-9999,-9999,-9999,10,-9999,0,-9999
1810,2017,3,17,11,5,-9999,-9999,-9999,8,-9999,0,-9999
1811,2017,3,17,12,10,-9999,-9999,-9999,7,-9999,0,-9999
1812,2017,3,17,13,45,-9999,-9999,-9999,23,-9999,0,-9999
1813,2017,3,17,14,54,-9999,-9999,-9999,42,-9999,0,-9999
1814,2017,3,17,15,59,-9999,-9999,-9999,48,-9999,0,-9999
1815,2017,3,17,16,67,-9999,-9999,-9999,40,-9999,0,-9999
1816,2017,3,17,17,71,-9999,-9999,-9999,26,-9999,0,-9999
1817,2017,3,17,18,83,-9999,-9999,-9999,23,-9999,0,-9999
1818,2017,3,17,19,83,-9999,-9999,-9999,26,-9999,0,-9999
1819,2017,3,17,20,90,-9999,-9999,-9999,28,-9999,0,-9999
1820,2017,3,17,21,86,-9999,-9999,-9999,25,-9999,0,-9999
1821,2017,3,17,22,69,-9999,-9999,-9999,27,-9999,0,-9999
1822,2017,3,17,23,61,-9999,-9999,-9999,32,-9999,0,-9999
1823,2017,3,18,0,63,-9999,-9999,-9999,24,-9999,0,-9999
1824,2017,3,18,1,67,-9999,-9999,-9999,20,-9999,0,-9999
1825,2017,3,18,2,75,-9999,-9999,-9999,19,-9999,0,-9999
1826,2017,3,18,3,72,-9999,-9999,-9999,15,-9999,0,-9999
1827,2017,3,18,4,75,-9999,-9999,-9999,23,-9999,0,-9999
1828,2017,3,18,5,72,-9999,-9999,-9999,17,-9999,0,-9999
1829,2017,3,18,6,76,-9999,-9999,-9999,15,-9999,0,-9999
1830,2017,3,18,7,68,-9999,-9999,-9999,19,-9999,0,-9999
1831,2017,3,18,8,71,-9999,-9999,-9999,23,-9999,0,-9999
1832,2017,3,18,9,74,-9999,-9999,-9999,20,-9999,0,-9999
1833,2017,3,18,10,80,-9999,-9999,-9999,25,-9999,0,-9999
1834,2017,3,18,11,84,-9999,-9999,-9999,18,-9999,0,-9999
1835,2017,3,18,12,87,-9999,-9999,-9999,23,-9999,0,-9999
1836,2017,3,18,13,86,-9999,-9999,-9999,22,-9999,0,-9999
1837,2017,3,18,14,79,-9999,-9999,-9999,20,-9999,6,-9999
1838,2017,3,18,15,84,-9999,-9999,-9999,19,-9999,0,-9999
1839,2017,3,18,16,92,-9999,-9999,-9999,23,-9999,0,-9999
1840,2017,3,18,17,97,-9999,-9999,-9999,21,-9999,0,-9999
1841,2017,3,18,18,116,-9999,-9999,-9999,20,-9999,0,-9999
1842,2017,3,18,19,108,-9999,-9999,-9999,20,-9999,0,-9999
1843,2017,3,18,20,103,-9999,-9999,-9999,21,-9999,0,-9999
1844,2017,3,18,21,106,-9999,-9999,-9999,28,-9999,0,-9999
1845,2017,3,18,22,108,-9999,-9999,-9999,23,-9999,0,-9999
1846,2017,3,18,23,92,-9999,-9999,-9999,20,-9999,0,-9999
1847,2017,3,19,0,76,-9999,-9999,-9999,10,-9999,0,-9999
1848,2017,3,19,1,81,-9999,-9999,-9999,11,-9999,0,-9999
1849,2017,3,19,2,77,-9999,-9999,-9999,13,-9999,0,-9999
1850,2017,3,19,3,79,-9999,-9999,-9999,17,-9999,0,-9999
1851,2017,3,19,4,73,-9999,-9999,-9999,31,-9999,0,-9999
1852,2017,3,19,5,73,-9999,-9999,-9999,33,-9999,0,-9999
1853,2017,3,19,6,77,-9999,-9999,-9999,23,-9999,0,-9999
1854,2017,3,19,7,68,-9999,-9999,-9999,41,-9999,0,-9999
1855,2017,3,19,8,64,-9999,-9999,-9999,46,-9999,0,-9999
1856,2017,3,19,9,61,-9999,-9999,-9999,48,-9999,0,-9999
1857,2017,3,19,10,59,-9999,-9999,-9999,37,-9999,4,-9999
1858,2017,3,19,11,53,-9999,-9999,-9999,42,-9999,33,-9999
1859,2017,3,19,12,33,-9999,-9999,-9999,56,-9999,13,-9999
1860,2017,3,19,13,24,-9999,-9999,-9999,59,-9999,4,-9999
1861,2017,3,19,14,23,-9999,-9999,-9999,57,-9999,17,-9999
1862,2017,3,19,15,32,-9999,-9999,-9999,59,-9999,12,-9999
1863,2017,3,19,16,37,-9999,-9999,-9999,60,-9999,0,-9999
1864,2017,3,19,17,40,-9999,-9999,-9999,56,-9999,0,-9999
1865,2017,3,19,18,52,-9999,-9999,-9999,59,-9999,0,-9999
1866,2017,3,19,19,62,-9999,-9999,-9999,59,-9999,0,-9999
1867,2017,3,19,20,68,-9999,-9999,-9999,67,-9999,0,-9999
1868,2017,3,19,21,74,-9999,-9999,-9999,71,-9999,0,-9999
1869,2017,3,19,22,75,-9999,-9999,-9999,60,-9999,0,-9999
1870,2017,3,19,23,68,-9999,-9999,-9999,48,-9999,0,-9999
1871,2017,3,20,0,61,-9999,-9999,-9999,39,-9999,0,-9999
1872,2017,3,20,1,55,-9999,-9999,-9999,26,-9999,0,-9999
1873,2017,3,20,2,51,-9999,-9999,-9999,20,-9999,0,-9999
1874,2017,3,20,3,49,-9999,-9999,-9999,19,-9999,0,-9999
1875,2017,3,20,4,57,-9999,-9999,-9999,32,-9999,0,-9999
1876,2017,3,20,5,54,-9999,-9999,-9999,35,-9999,0,-9999
1877,2017,3,20,6,49,-9999,-9999,-9999,29,-9999,0,-9999
1878,2017,3,20,7,45,-9999,-9999,-9999,27,-9999,0,-9999
1879,2017,3,20,8,45,-9999,-9999,-9999,30,-9999,0,-9999
1880,2017,3,20,9,44,-9999,-9999,-9999,30,-9999,0,-9999
1881,2017,3,20,10,41,-9999,-9999,-9999,28,-9999,0,-9999
1882,2017,3,20,11,41,-9999,-9999,-9999,28,-9999,0,-9999
1883,2017,3,20,12,49,-9999,-9999,-9999,31,-9999,0,-9999
1884,2017,3,20,13,59,-9999,-9999,-9999,43,-9999,0,-9999
1885,2017,3,20,14,68,-9999,-9999,-9999,44,-9999,0,-9999
1886,2017,3,20,15,71,-9999,-9999,-9999,45,-9999,0,-9999
1887,2017,3,20,16,79,-9999,-9999,-9999,48,-9999,0,-9999
1888,2017,3,20,17,83,-9999,-9999,-9999,50,-9999,0,-9999
1889,2017,3,20,18,99,-9999,-9999,-9999,44,-9999,0,-9999
1890,2017,3,20,19,106,-9999,-9999,-9999,40,-9999,0,-9999
1891,2017,3,20,20,114,-9999,-9999,-9999,31,-9999,0,-9999
1892,2017,3,20,21,104,-9999,-9999,-9999,24,-9999,0,-9999
1893,2017,3,20,22,97,-9999,-9999,-9999,15,-9999,0,-9999
1894,2017,3,20,23,81,-9999,-9999,-9999,5,-9999,0,-9999
1895,2017,3,21,0,68,-9999,-9999,-9999,4,-9999,0,-9999
1896,2017,3,21,1,74,-9999,-9999,-9999,2,-9999,0,-9999
1897,2017,3,21,2,76,-9999,-9999,-9999,4,-9999,0,-9999
1898,2017,3,21,3,65,-9999,-9999,-9999,2,-9999,0,-9999
1899,2017,3,21,4,79,-9999,-9999,-9999,10,-9999,0,-9999
1900,2017,3,21,5,81,-9999,-9999,-9999,12,-9999,0,-9999
1901,2017,3,21,6,82,-9999,-9999,-9999,19,-9999,0,-9999
1902,2017,3,21,7,80,-9999,-9999,-9999,15,-9999,0,-9999
1903,2017,3,21,8,79,-9999,-9999,-9999,17,-9999,0,-9999
1904,2017,3,21,9,81,-9999,-9999,-9999,16,-9999,0,-9999
1905,2017,3,21,10,87,-9999,-9999,-9999,12,-9999,0,-9999
1906,2017,3,21,11,92,-9999,-9999,-9999,9,-9999,0,-9999
1907,2017,3,21,12,102,-9999,-9999,-9999,13,-9999,0,-9999
1908,2017,3,21,13,109,-9999,-9999,-9999,15,-9999,0,-9999
1909,2017,3,21,14,126,-9999,-9999,-9999,19,-9999,0,-9999
1910,2017,3,21,15,142,-9999,-9999,-9999,21,-9999,0,-9999
1911,2017,3,21,16,144,-9999,-9999,-9999,26,-9999,0,-9999
1912,2017,3,21,17,150,-9999,-9999,-9999,40,-9999,0,-9999
1913,2017,3,21,18,149,-9999,-9999,-9999,50,-9999,0,-9999
1914,2017,3,21,19,150,-9999,-9999,-9999,55,-9999,0,-9999
1915,2017,3,21,20,131,-9999,-9999,-9999,47,-9999,0,-9999
1916,2017,3,21,21,138,-9999,-9999,-9999,40,-9999,0,-9999
1917,2017,3,21,22,140,-9999,-9999,-9999,29,-9999,0,-9999
1918,2017,3,21,23,124,-9999,-9999,-9999,18,-9999,0,-9999
1919,2017,3,22,0,98,-9999,-9999,-9999,10,-9999,0,-9999
1920,2017,3,22,1,90,-9999,-9999,-9999,3,-9999,0,-9999
1921,2017,3,22,2,91,-9999,-9999,-9999,8,-9999,0,-9999
1922,2017,3,22,3,95,-9999,-9999,-9999,10,-9999,0,-9999
1923,2017,3,22,4,96,-9999,-9999,-9999,16,-9999,0,-9999
1924,2017,3,22,5,111,-9999,-9999,-9999,19,-9999,0,-9999
1925,2017,3,22,6,110,-9999,-9999,-9999,12,-9999,0,-9999
1926,2017,3,22,7,100,-9999,-9999,-9999,10,-9999,0,-9999
1927,2017,3,22,8,101,-9999,-9999,-9999,14,-9999,0,-9999
1928,2017,3,22,9,101,-9999,-9999,-9999,14,-9999,0,-9999
1929,2017,3,22,10,99,-9999,-9999,-9999,10,-9999,0,-9999
1930,2017,3,22,11,109,-9999,-9999,-9999,23,-9999,0,-9999
1931,2017,3,22,12,112,-9999,-9999,-9999,35,-9999,0,-9999
1932,2017,3,22,13,110,-9999,-9999,-9999,61,-9999,0,-9999
1933,2017,3,22,14,99,-9999,-9999,-9999,76,-9999,0,-9999
1934,2017,3,22,15,87,-9999,-9999,-9999,83,-9999,0,-9999
1935,2017,3,22,16,83,-9999,-9999,-9999,87,-9999,0,-9999
1936,2017,3,22,17,79,-9999,-9999,-9999,88,-9999,0,-9999
1937,2017,3,22,18,82,-9999,-9999,-9999,88,-9999,0,-9999
1938,2017,3,22,19,83,-9999,-9999,-9999,76,-9999,0,-9999
1939,2017,3,22,20,84,-9999,-9999,-9999,73,-9999,0,-9999
1940,2017,3,22,21,77,-9999,-9999,-9999,68,-9999,0,-9999
1941,2017,3,22,22,74,-9999,-9999,-9999,63,-9999,0,-9999
1942,2017,3,22,23,63,-9999,-9999,-9999,48,-9999,0,-9999
1943,2017,3,23,0,52,-9999,-9999,-9999,32,-9999,0,-9999
1944,2017,3,23,1,41,-9999,-9999,-9999,25,-9999,0,-9999
1945,2017,3,23,2,38,-9999,-9999,-9999,23,-9999,0,-9999
1946,2017,3,23,3,34,-9999,-9999,-9999,21,-9999,0,-9999
1947,2017,3,23,4,25,-9999,-9999,-9999,34,-9999,0,-9999
1948,2017,3,23,5,20,-9999,-9999,-9999,35,-9999,0,-9999
1949,2017,3,23,6,9,-9999,-9999,-9999,34,-9999,0,-9999
1950,2017,3,23,7,4,-9999,-9999,-9999,29,-9999,0,-9999
1951,2017,3,23,8,-5,-9999,-9999,-9999,29,-9999,0,-9999
1952,2017,3,23,9,-13,-9999,-9999,-9999,26,-9999,0,-9999
1953,2017,3,23,10,-19,-9999,-9999,-9999,25,-9999,0,-9999
1954,2017,3,23,11,-16,-9999,-9999,-9999,31,-9999,0,-9999
1955,2017,3,23,12,-11,-9999,-9999,-9999,37,-9999,0,-9999
1956,2017,3,23,13,-1,-9999,-9999,-9999,34,-9999,0,-9999
1957,2017,3,23,14,7,-9999,-9999,-9999,37,-9999,0,-9999
1958,2017,3,23,15,15,-9999,-9999,-9999,35,-9999,0,-9999
1959,2017,3,23,16,26,-9999,-9999,-9999,32,-9999,0,-9999
1960,2017,3,23,17,32,-9999,-9999,-9999,32,-9999,0,-9999
1961,2017,3,23,18,28,-9999,-9999,-9999,29,-9999,0,-9999
1962,2017,3,23,19,36,-9999,-9999,-9999,23,-9999,0,-9999
1963,2017,3,23,20,42,-9999,-9999,-9999,21,-9999,0,-9999
1964,2017,3,23,21,46,-9999,-9999,-9999,25,-9999,0,-9999
1965,2017,3,23,22,39,-9999,-9999,-9999,32,-9999,0,-9999
1966,2017,3,23,23,25,-9999,-9999,-9999,19,-9999,0,-9999
1967,2017,3,24,0,15,-9999,-9999,-9999,7,-9999,0,-9999
1968,2017,3,24,1,12,-9999,-9999,-9999,5,-9999,0,-9999
1969,2017,3,24,2,26,-9999,-9999,-9999,18,-9999,0,-9999
1970,2017,3,24,3,28,-9999,-9999,-9999,17,-9999,0,-9999
1971,2017,3,24,4,29,-9999,-9999,-9999,20,-9999,0,-9999
1972,2017,3,24,5,32,-9999,-9999,-9999,21,-9999,0,-9999
1973,2017,3,24,6,37,-9999,-9999,-9999,29,-9999,0,-9999
1974,2017,3,24,7,35,-9999,-9999,-9999,22,-9999,0,-9999
1975,2017,3,24,8,39,-9999,-9999,-9999,22,-9999,0,-9999
1976,2017,3,24,9,43,-9999,-9999,-9999,23,-9999,0,-9999
1977,2017,3,24,10,40,-9999,-9999,-9999,19,-9999,0,-9999
1978,2017,3,24,11,29,-9999,-9999,-9999,7,-9999,0,-9999
1979,2017,3,24,12,49,-9999,-9999,-9999,7,-9999,0,-9999
1980,2017,3,24,13,77,-9999,-9999,-9999,20,-9999,0,-9999
1981,2017,3,24,14,90,-9999,-9999,-9999,25,-9999,0,-9999
1982,2017,3,24,15,108,-9999,-9999,-9999,27,-9999,0,-9999
1983,2017,3,24,16,126,-9999,-9999,-9999,29,-9999,0,-9999
1984,2017,3,24,17,127,-9999,-9999,-9999,34,-9999,0,-9999
1985,2017,3,24,18,120,-9999,-9999,-9999,41,-9999,0,-9999
1986,2017,3,24,19,115,-9999,-9999,-9999,35,-9999,0,-9999
1987,2017,3,24,20,120,-9999,-9999,-9999,29,-9999,0,-9999
1988,2017,3,24,21,142,-9999,-9999,-9999,21,-9999,0,-9999
1989,2017,3,24,22,183,-9999,-9999,-9999,33,-9999,0,-9999
1990,2017,3,24,23,173,-9999,-9999,-9999,32,-9999,0,-9999
1991,2017,3,25,0,167,-9999,-9999,-9999,26,-9999,0,-9999
1992,2017,3,25,1,172,-9999,-9999,-9999,30,-9999,0,-9999
1993,2017,3,25,2,168,-9999,-9999,-9999,34,-9999,0,-9999
1994,2017,3,25,3,156,-9999,-9999,-9999,29,-9999,0,-9999
1995,2017,3,25,4,156,-9999,-9999,-9999,31,-9999,0,-9999
1996,2017,3,25,5,151,-9999,-9999,-9999,28,-9999,0,-9999
1997,2017,3,25,6,147,-9999,-9999,-9999,28,-9999,0,-9999
1998,2017,3,25,7,146,-9999,-9999,-9999,33,-9999,0,-9999
1999,2017,3,25,8,146,-9999,-9999,-9999,33,-9999,0,-9999
2000,2017,3,25,9,143,-9999,-9999,-9999,31,-9999,0,-9999
2001,2017,3,25,10,139,-9999,-9999,-9999,32,-9999,0,-9999
2002,2017,3,25,11,135,-9999,-9999,-9999,27,-9999,0,-9999
2003,2017,3,25,12,145,-9999,-9999,-9999,29,-9999,0,-9999
2004,2017,3,25,13,155,-9999,-9999,-9999,33,-9999,0,-9999
2005,2017,3,25,14,160,-9999,-9999,-9999,31,-9999,0,-9999
2006,2017,3,25,15,178,-9999,-9999,-9999,34,-9999,0,-9999
2007,2017,3,25,16,198,-9999,-9999,-9999,41,-9999,0,-9999
2008,2017,3,25,17,209,-9999,-9999,-9999,41,-9999,0,-9999
2009,2017,3,25,18,219,-9999,-9999,-9999,43,-9999,0,-9999
2010,2017,3,25,19,220,-9999,-9999,-9999,44,-9999,0,-9999
2011,2017,3,25,20,223,-9999,-9999,-9999,38,-9999,0,-9999
2012,2017,3,25,21,228,-9999,-9999,-9999,34,-9999,0,-9999
2013,2017,3,25,22,215,-9999,-9999,-9999,29,-9999,0,-9999
2014,2017,3,25,23,204,-9999,-9999,-9999,18,-9999,0,-9999
2015,2017,3,26,0,159,-9999,-9999,-9999,15,-9999,0,-9999
2016,2017,3,26,1,146,-9999,-9999,-9999,12,-9999,0,-9999
2017,2017,3,26,2,140,-9999,-9999,-9999,11,-9999,0,-9999
2018,2017,3,26,3,147,-9999,-9999,-9999,10,-9999,0,-9999
2019,2017,3,26,4,168,-9999,-9999,-9999,12,-9999,0,-9999
2020,2017,3,26,5,153,-9999,-9999,-9999,12,-9999,0,-9999
2021,2017,3,26,6,164,-9999,-9999,-9999,19,-9999,0,-9999
2022,2017,3,26,7,156,-9999,-9999,-9999,13,-9999,0,-9999
2023,2017,3,26,8,152,-9999,-9999,-9999,12,-9999,0,-9999
2024,2017,3,26,9,149,-9999,-9999,-9999,11,-9999,0,-9999
2025,2017,3,26,10,94,-9999,-9999,-9999,23,-9999,0,-9999
2026,2017,3,26,11,90,-9999,-9999,-9999,22,-9999,0,-9999
2027,2017,3,26,12,89,-9999,-9999,-9999,29,-9999,0,-9999
2028,2017,3,26,13,93,-9999,-9999,-9999,32,-9999,0,-9999
2029,2017,3,26,14,98,-9999,-9999,-9999,32,-9999,0,-9999
2030,2017,3,26,15,108,-9999,-9999,-9999,32,-9999,0,-9999
2031,2017,3,26,16,122,-9999,-9999,-9999,31,-9999,0,-9999
2032,2017,3,26,17,125,-9999,-9999,-9999,35,-9999,0,-9999
2033,2017,3,26,18,134,-9999,-9999,-9999,38,-9999,0,-9999
2034,2017,3,26,19,126,-9999,-9999,-9999,40,-9999,0,-9999
2035,2017,3,26,20,120,-9999,-9999,-9999,42,-9999,0,-9999
2036,2017,3,26,21,123,-9999,-9999,-9999,40,-9999,0,-9999
2037,2017,3,26,22,105,-9999,-9999,-9999,40,-9999,0,-9999
2038,2017,3,26,23,97,-9999,-9999,-9999,39,-9999,0,-9999
2039,2017,3,27,0,92,-9999,-9999,-9999,35,-9999,0,-9999
2040,2017,3,27,1,92,-9999,-9999,-9999,31,-9999,0,-9999
2041,2017,3,27,2,92,-9999,-9999,-9999,27,-9999,0,-9999
2042,2017,3,27,3,92,-9999,-9999,-9999,20,-9999,0,-9999
2043,2017,3,27,4,96,-9999,-9999,-9999,16,-9999,0,-9999
2044,2017,3,27,5,89,-9999,-9999,-9999,4,-9999,0,-9999
2045,2017,3,27,6,105,-9999,-9999,-9999,2,-9999,0,-9999
2046,2017,3,27,7,116,-9999,-9999,-9999,13,-9999,0,-9999
2047,2017,3,27,8,118,-9999,-9999,-9999,13,-9999,0,-9999
2048,2017,3,27,9,116,-9999,-9999,-9999,6,-9999,0,-9999
2049,2017,3,27,10,122,-9999,-9999,-9999,12,-9999,0,-9999
2050,2017,3,27,11,123,-9999,-9999,-9999,7,-9999,0,-9999
2051,2017,3,27,12,161,-9999,-9999,-9999,9,-9999,0,-9999
2052,2017,3,27,13,176,-9999,-9999,-9999,25,-9999,0,-9999
2053,2017,3,27,14,184,-9999,-9999,-9999,30,-9999,0,-9999
2054,2017,3,27,15,190,-9999,-9999,-9999,30,-9999,0,-9999
2055,2017,3,27,16,211,-9999,-9999,-9999,30,-9999,0,-9999
2056,2017,3,27,17,225,-9999,-9999,-9999,39,-9999,0,-9999
2057,2017,3,27,18,223,-9999,-9999,-9999,38,-9999,0,-9999
2058,2017,3,27,19,187,-9999,-9999,-9999,25,-9999,0,-9999
2059,2017,3,27,20,199,-9999,-9999,-9999,28,-9999,0,-9999
2060,2017,3,27,21,189,-9999,-9999,-9999,31,-9999,0,-9999
2061,2017,3,27,22,186,-9999,-9999,-9999,26,-9999,0,-9999
2062,2017,3,27,23,163,-9999,-9999,-9999,26,-9999,0,-9999
2063,2017,3,28,0,159,-9999,-9999,-9999,28,-9999,0,-9999
2064,2017,3,28,1,151,-9999,-9999,-9999,16,-9999,0,-9999
2065,2017,3,28,2,158,-9999,-9999,-9999,11,-9999,0,-9999
2066,2017,3,28,3,151,-9999,-9999,-9999,14,-9999,0,-9999
2067,2017,3,28,4,147,-9999,-9999,-9999,11,-9999,0,-9999
2068,2017,3,28,5,147,-9999,-9999,-9999,9,-9999,0,-9999
2069,2017,3,28,6,173,-9999,-9999,-9999,22,-9999,0,-9999
2070,2017,3,28,7,168,-9999,-9999,-9999,20,-9999,0,-9999
2071,2017,3,28,8,163,-9999,-9999,-9999,16,-9999,0,-9999
2072,2017,3,28,9,163,-9999,-9999,-9999,20,-9999,0,-9999
2073,2017,3,28,10,162,-9999,-9999,-9999,21,-9999,0,-9999
2074,2017,3,28,11,159,-9999,-9999,-9999,19,-9999,0,-9999
2075,2017,3,28,12,164,-9999,-9999,-9999,18,-9999,0,-9999
2076,2017,3,28,13,176,-9999,-9999,-9999,28,-9999,0,-9999
2077,2017,3,28,14,178,-9999,-9999,-9999,32,-9999,0,-9999
2078,2017,3,28,15,186,-9999,-9999,-9999,33,-9999,0,-9999
2079,2017,3,28,16,188,-9999,-9999,-9999,33,-9999,0,-9999
2080,2017,3,28,17,198,-9999,-9999,-9999,31,-9999,0,-9999
2081,2017,3,28,18,178,-9999,-9999,-9999,26,-9999,9,-9999
2082,2017,3,28,19,206,-9999,-9999,-9999,26,-9999,0,-9999
2083,2017,3,28,20,216,-9999,-9999,-9999,24,-9999,0,-9999
2084,2017,3,28,21,215,-9999,-9999,-9999,18,-9999,0,-9999
2085,2017,3,28,22,197,-9999,-9999,-9999,13,-9999,0,-9999
2086,2017,3,28,23,187,-9999,-9999,-9999,16,-9999,0,-9999
2087,2017,3,29,0,167,-9999,-9999,-9999,15,-9999,0,-9999
2088,2017,3,29,1,156,-9999,-9999,-9999,14,-9999,4,-9999
2089,2017,3,29,2,147,-9999,-9999,-9999,10,-9999,0,-9999
2090,2017,3,29,3,135,-9999,-9999,-9999,3,-9999,0,-9999
2091,2017,3,29,4,127,-9999,-9999,-9999,6,-9999,0,-9999
2092,2017,3,29,5,139,-9999,-9999,-9999,16,-9999,0,-9999
2093,2017,3,29,6,142,-9999,-9999,-9999,20,-9999,0,-9999
2094,2017,3,29,7,139,-9999,-9999,-9999,25,-9999,0,-9999
2095,2017,3,29,8,133,-9999,-9999,-9999,28,-9999,0,-9999
2096,2017,3,29,9,126,-9999,-9999,-9999,27,-9999,0,-9999
2097,2017,3,29,10,123,-9999,-9999,-9999,25,-9999,0,-9999
2098,2017,3,29,11,119,-9999,-9999,-9999,29,-9999,0,-9999
2099,2017,3,29,12,125,-9999,-9999,-9999,25,-9999,0,-9999
2100,2017,3,29,13,122,-9999,-9999,-9999,22,-9999,0,-9999
2101,2017,3,29,14,118,-9999,-9999,-9999,17,-9999,0,-9999
2102,2017,3,29,15,132,-9999,-9999,-9999,22,-9999,0,-9999
2103,2017,3,29,16,157,-9999,-9999,-9999,36,-9999,0,-9999
2104,2017,3,29,17,134,-9999,-9999,-9999,47,-9999,0,-9999
2105,2017,3,29,18,148,-9999,-9999,-9999,32,-9999,0,-9999
2106,2017,3,29,19,155,-9999,-9999,-9999,48,-9999,0,-9999
2107,2017,3,29,20,130,-9999,-9999,-9999,31,-9999,0,-9999
2108,2017,3,29,21,127,-9999,-9999,-9999,23,-9999,0,-9999
2109,2017,3,29,22,118,-9999,-9999,-9999,27,-9999,0,-9999
2110,2017,3,29,23,100,-9999,-9999,-9999,28,-9999,0,-9999
2111,2017,3,30,0,91,-9999,-9999,-9999,21,-9999,0,-9999
2112,2017,3,30,1,90,-9999,-9999,-9999,16,-9999,0,-9999
2113,2017,3,30,2,88,-9999,-9999,-9999,21,-9999,0,-9999
2114,2017,3,30,3,86,-9999,-9999,-9999,16,-9999,0,-9999
2115,2017,3,30,4,69,-9999,-9999,-9999,6,-9999,0,-9999
2116,2017,3,30,5,53,-9999,-9999,-9999,3,-9999,0,-9999
2117,2017,3,30,6,54,-9999,-9999,-9999,9,-9999,0,-9999
2118,2017,3,30,7,49,-9999,-9999,-9999,10,-9999,0,-9999
2119,2017,3,30,8,51,-9999,-9999,-9999,11,-9999,0,-9999
2120,2017,3,30,9,86,-9999,-9999,-9999,20,-9999,0,-9999
2121,2017,3,30,10,84,-9999,-9999,-9999,32,-9999,0,-9999
2122,2017,3,30,11,83,-9999,-9999,-9999,29,-9999,0,-9999
2123,2017,3,30,12,89,-9999,-9999,-9999,37,-9999,0,-9999
2124,2017,3,30,13,93,-9999,-9999,-9999,40,-9999,0,-9999
2125,2017,3,30,14,94,-9999,-9999,-9999,45,-9999,0,-9999
2126,2017,3,30,15,94,-9999,-9999,-9999,43,-9999,0,-9999
2127,2017,3,30,16,98,-9999,-9999,-9999,40,-9999,0,-9999
2128,2017,3,30,17,108,-9999,-9999,-9999,36,-9999,0,-9999
2129,2017,3,30,18,104,-9999,-9999,-9999,42,-9999,0,-9999
2130,2017,3,30,19,96,-9999,-9999,-9999,36,-9999,0,-9999
2131,2017,3,30,20,95,-9999,-9999,-9999,36,-9999,0,-9999
2132,2017,3,30,21,87,-9999,-9999,-9999,36,-9999,0,-9999
2133,2017,3,30,22,87,-9999,-9999,-9999,35,-9999,0,-9999
2134,2017,3,30,23,87,-9999,-9999,-9999,38,-9999,0,-9999
2135,2017,3,31,0,91,-9999,-9999,-9999,38,-9999,0,-9999
2136,2017,3,31,1,94,-9999,-9999,-9999,45,-9999,0,-9999
2137,2017,3,31,2,97,-9999,-9999,-9999,38,-9999,0,-9999
2138,2017,3,31,3,99,-9999,-9999,-9999,39,-9999,0,-9999
2139,2017,3,31,4,102,-9999,-9999,-9999,37,-9999,0,-9999
2140,2017,3,31,5,104,-9999,-9999,-9999,29,-9999,0,-9999
2141,2017,3,31,6,108,-9999,-9999,-9999,33,-9999,0,-9999
2142,2017,3,31,7,113,-9999,-9999,-9999,32,-9999,0,-9999
2143,2017,3,31,8,118,-9999,-9999,-9999,30,-9999,0,-9999
2144,2017,3,31,9,120,-9999,-9999,-9999,21,-9999,0,-9999
2145,2017,3,31,10,129,-9999,-9999,-9999,24,-9999,0,-9999
2146,2017,3,31,11,130,-9999,-9999,-9999,26,-9999,0,-9999
2147,2017,3,31,12,133,-9999,-9999,-9999,27,-9999,0,-9999
2148,2017,3,31,13,142,-9999,-9999,-9999,28,-9999,0,-9999
2149,2017,3,31,14,146,-9999,-9999,-9999,35,-9999,0,-9999
2150,2017,3,31,15,133,-9999,-9999,-9999,35,-9999,29,-9999
2151,2017,3,31,16,126,-9999,-9999,-9999,44,-9999,49,-9999
2152,2017,3,31,17,133,-9999,-9999,-9999,32,-9999,62,-9999
2153,2017,3,31,18,145,-9999,-9999,-9999,35,-9999,66,-9999
2154,2017,3,31,19,146,-9999,-9999,-9999,34,-9999,8,-9999
2155,2017,3,31,20,159,-9999,-9999,-9999,23,-9999,0,-9999
2156,2017,3,31,21,148,-9999,-9999,-9999,22,-9999,0,-9999
2157,2017,3,31,22,137,-9999,-9999,-9999,26,-9999,0,-9999
2158,2017,3,31,23,149,-9999,-9999,-9999,29,-9999,8,-9999
2159,2017,4,1,0,158,-9999,-9999,-9999,22,-9999,9,-9999
2160,2017,4,1,1,154,-9999,-9999,-9999,17,-9999,20,-9999
2161,2017,4,1,2,142,-9999,-9999,-9999,7,-9999,0,-9999
2162,2017,4,1,3,132,-9999,-9999,-9999,27,-9999,2,-9999
2163,2017,4,1,4,123,-9999,-9999,-9999,38,-9999,2,-9999
2164,2017,4,1,5,122,-9999,-9999,-9999,33,-9999,0,-9999
2165,2017,4,1,6,122,-9999,-9999,-9999,24,-9999,0,-9999
2166,2017,4,1,7,123,-9999,-9999,-9999,16,-9999,0,-9999
2167,2017,4,1,8,120,-9999,-9999,-9999,11,-9999,0,-9999
2168,2017,4,1,9,117,-9999,-9999,-9999,12,-9999,0,-9999
2169,2017,4,1,10,116,-9999,-9999,-9999,17,-9999,0,-9999
2170,2017,4,1,11,115,-9999,-9999,-9999,22,-9999,0,-9999
2171,2017,4,1,12,111,-9999,-9999,-9999,41,-9999,0,-9999
2172,2017,4,1,13,111,-9999,-9999,-9999,45,-9999,0,-9999
2173,2017,4,1,14,119,-9999,-9999,-9999,47,-9999,0,-9999
2174,2017,4,1,15,131,-9999,-9999,-9999,52,-9999,0,-9999
2175,2017,4,1,16,144,-9999,-9999,-9999,51,-9999,0,-9999
2176,2017,4,1,17,149,-9999,-9999,-9999,57,-9999,0,-9999
2177,2017,4,1,18,157,-9999,-9999,-9999,53,-9999,0,-9999
2178,2017,4,1,19,156,-9999,-9999,-9999,53,-9999,0,-9999
2179,2017,4,1,20,152,-9999,-9999,-9999,49,-9999,0,-9999
2180,2017,4,1,21,152,-9999,-9999,-9999,49,-9999,0,-9999
2181,2017,4,1,22,147,-9999,-9999,-9999,43,-9999,0,-9999
2182,2017,4,1,23,138,-9999,-9999,-9999,36,-9999,0,-9999
2183,2017,4,2,0,125,-9999,-9999,-9999,33,-9999,0,-9999
2184,2017,4,2,1,116,-9999,-9999,-9999,32,-9999,0,-9999
2185,2017,4,2,2,112,-9999,-9999,-9999,35,-9999,0,-9999
2186,2017,4,2,3,107,-9999,-9999,-9999,36,-9999,0,-9999
2187,2017,4,2,4,100,-9999,-9999,-9999,39,-9999,0,-9999
2188,2017,4,2,5,97,-9999,-9999,-9999,39,-9999,0,-9999
2189,2017,4,2,6,91,-9999,-9999,-9999,34,-9999,0,-9999
2190,2017,4,2,7,89,-9999,-9999,-9999,34,-9999,0,-9999
2191,2017,4,2,8,87,-9999,-9999,-9999,34,-9999,0,-9999
2192,2017,4,2,9,85,-9999,-9999,-9999,34,-9999,0,-9999
2193,2017,4,2,10,83,-9999,-9999,-9999,36,-9999,0,-9999
2194,2017,4,2,11,88,-9999,-9999,-9999,38,-9999,0,-9999
2195,2017,4,2,12,89,-9999,-9999,-9999,40,-9999,0,-9999
2196,2017,4,2,13,96,-9999,-9999,-9999,45,-9999,0,-9999
2197,2017,4,2,14,107,-9999,-9999,-9999,50,-9999,0,-9999
2198,2017,4,2,15,111,-9999,-9999,-9999,49,-9999,0,-9999
2199,2017,4,2,16,115,-9999,-9999,-9999,43,-9999,0,-9999
2200,2017,4,2,17,116,-9999,-9999,-9999,39,-9999,0,-9999
2201,2017,4,2,18,128,-9999,-9999,-9999,38,-9999,0,-9999
2202,2017,4,2,19,135,-9999,-9999,-9999,41,-9999,0,-9999
2203,2017,4,2,20,139,-9999,-9999,-9999,28,-9999,0,-9999
2204,2017,4,2,21,138,-9999,-9999,-9999,26,-9999,0,-9999
2205,2017,4,2,22,134,-9999,-9999,-9999,25,-9999,0,-9999
2206,2017,4,2,23,123,-9999,-9999,-9999,20,-9999,0,-9999
2207,2017,4,3,0,93,-9999,-9999,-9999,6,-9999,0,-9999
2208,2017,4,3,1,81,-9999,-9999,-9999,6,-9999,0,-9999
2209,2017,4,3,2,81,-9999,-9999,-9999,1,-9999,0,-9999
2210,2017,4,3,3,87,-9999,-9999,-9999,4,-9999,0,-9999
2211,2017,4,3,4,86,-9999,-9999,-9999,9,-9999,0,-9999
2212,2017,4,3,5,87,-9999,-9999,-9999,14,-9999,0,-9999
2213,2017,4,3,6,80,-9999,-9999,-9999,5,-9999,0,-9999
2214,2017,4,3,7,83,-9999,-9999,-9999,8,-9999,0,-9999
2215,2017,4,3,8,78,-9999,-9999,-9999,7,-9999,0,-9999
2216,2017,4,3,9,82,-9999,-9999,-9999,9,-9999,0,-9999
2217,2017,4,3,10,63,-9999,-9999,-9999,5,-9999,0,-9999
2218,2017,4,3,11,45,-9999,-9999,-9999,2,-9999,0,-9999
2219,2017,4,3,12,92,-9999,-9999,-9999,3,-9999,0,-9999
2220,2017,4,3,13,117,-9999,-9999,-9999,15,-9999,0,-9999
2221,2017,4,3,14,139,-9999,-9999,-9999,23,-9999,0,-9999
2222,2017,4,3,15,165,-9999,-9999,-9999,22,-9999,0,-9999
2223,2017,4,3,16,165,-9999,-9999,-9999,32,-9999,0,-9999
2224,2017,4,3,17,153,-9999,-9999,-9999,37,-9999,0,-9999
2225,2017,4,3,18,157,-9999,-9999,-9999,42,-9999,0,-9999
2226,2017,4,3,19,154,-9999,-9999,-9999,45,-9999,0,-9999
2227,2017,4,3,20,153,-9999,-9999,-9999,45,-9999,0,-9999
2228,2017,4,3,21,149,-9999,-9999,-9999,45,-9999,0,-9999
2229,2017,4,3,22,146,-9999,-9999,-9999,40,-9999,0,-9999
2230,2017,4,3,23,149,-9999,-9999,-9999,42,-9999,0,-9999
2231,2017,4,4,0,147,-9999,-9999,-9999,40,-9999,0,-9999
2232,2017,4,4,1,138,-9999,-9999,-9999,45,-9999,10,-9999
2233,2017,4,4,2,142,-9999,-9999,-9999,48,-9999,3,-9999
2234,2017,4,4,3,143,-9999,-9999,-9999,45,-9999,0,-9999
2235,2017,4,4,4,144,-9999,-9999,-9999,38,-9999,0,-9999
2236,2017,4,4,5,147,-9999,-9999,-9999,40,-9999,0,-9999
2237,2017,4,4,6,161,-9999,-9999,-9999,37,-9999,0,-9999
2238,2017,4,4,7,190,-9999,-9999,-9999,34,-9999,0,-9999
2239,2017,4,4,8,186,-9999,-9999,-9999,37,-9999,0,-9999
2240,2017,4,4,9,186,-9999,-9999,-9999,34,-9999,0,-9999
2241,2017,4,4,10,189,-9999,-9999,-9999,27,-9999,0,-9999
2242,2017,4,4,11,187,-9999,-9999,-9999,29,-9999,0,-9999
2243,2017,4,4,12,189,-9999,-9999,-9999,27,-9999,0,-9999
2244,2017,4,4,13,195,-9999,-9999,-9999,28,-9999,0,-9999
2245,2017,4,4,14,205,-9999,-9999,-9999,36,-9999,0,-9999
2246,2017,4,4,15,214,-9999,-9999,-9999,40,-9999,0,-9999
2247,2017,4,4,16,228,-9999,-9999,-9999,39,-9999,0,-9999
2248,2017,4,4,17,239,-9999,-9999,-9999,34,-9999,0,-9999
2249,2017,4,4,18,244,-9999,-9999,-9999,39,-9999,0,-9999
2250,2017,4,4,19,249,-9999,-9999,-9999,32,-9999,0,-9999
2251,2017,4,4,20,254,-9999,-9999,-9999,29,-9999,0,-9999
2252,2017,4,4,21,254,-9999,-9999,-9999,28,-9999,0,-9999
2253,2017,4,4,22,248,-9999,-9999,-9999,25,-9999,0,-9999
2254,2017,4,4,23,237,-9999,-9999,-9999,20,-9999,0,-9999
2255,2017,4,5,0,210,-9999,-9999,-9999,14,-9999,0,-9999
2256,2017,4,5,1,202,-9999,-9999,-9999,10,-9999,0,-9999
2257,2017,4,5,2,210,-9999,-9999,-9999,13,-9999,0,-9999
2258,2017,4,5,3,210,-9999,-9999,-9999,17,-9999,0,-9999
2259,2017,4,5,4,210,-9999,-9999,-9999,17,-9999,0,-9999
2260,2017,4,5,5,203,-9999,-9999,-9999,17,-9999,0,-9999
2261,2017,4,5,6,170,-9999,-9999,-9999,14,-9999,0,-9999
2262,2017,4,5,7,141,-9999,-9999,-9999,7,-9999,0,-9999
2263,2017,4,5,8,142,-9999,-9999,-9999,7,-9999,0,-9999
2264,2017,4,5,9,138,-9999,-9999,-9999,8,-9999,0,-9999
2265,2017,4,5,10,109,-9999,-9999,-9999,7,-9999,0,-9999
2266,2017,4,5,11,125,-9999,-9999,-9999,10,-9999,0,-9999
2267,2017,4,5,12,153,-9999,-9999,-9999,4,-9999,0,-9999
2268,2017,4,5,13,193,-9999,-9999,-9999,10,-9999,0,-9999
2269,2017,4,5,14,201,-9999,-9999,-9999,18,-9999,0,-9999
2270,2017,4,5,15,203,-9999,-9999,-9999,24,-9999,0,-9999
2271,2017,4,5,16,208,-9999,-9999,-9999,27,-9999,0,-9999
2272,2017,4,5,17,208,-9999,-9999,-9999,26,-9999,0,-9999
2273,2017,4,5,18,203,-9999,-9999,-9999,30,-9999,0,-9999
2274,2017,4,5,19,197,-9999,-9999,-9999,35,-9999,0,-9999
2275,2017,4,5,20,187,-9999,-9999,-9999,35,-9999,0,-9999
2276,2017,4,5,21,172,-9999,-9999,-9999,30,-9999,0,-9999
2277,2017,4,5,22,172,-9999,-9999,-9999,35,-9999,0,-9999
2278,2017,4,5,23,166,-9999,-9999,-9999,40,-9999,0,-9999
2279,2017,4,6,0,159,-9999,-9999,-9999,47,-9999,0,-9999
2280,2017,4,6,1,154,-9999,-9999,-9999,42,-9999,0,-9999
2281,2017,4,6,2,148,-9999,-9999,-9999,37,-9999,0,-9999
2282,2017,4,6,3,142,-9999,-9999,-9999,37,-9999,0,-9999
2283,2017,4,6,4,148,-9999,-9999,-9999,31,-9999,0,-9999
2284,2017,4,6,5,156,-9999,-9999,-9999,34,-9999,0,-9999
2285,2017,4,6,6,163,-9999,-9999,-9999,29,-9999,0,-9999
2286,2017,4,6,7,163,-9999,-9999,-9999,29,-9999,0,-9999
2287,2017,4,6,8,157,-9999,-9999,-9999,29,-9999,0,-9999
2288,2017,4,6,9,155,-9999,-9999,-9999,27,-9999,0,-9999
2289,2017,4,6,10,153,-9999,-9999,-9999,19,-9999,0,-9999
2290,2017,4,6,11,154,-9999,-9999,-9999,22,-9999,0,-9999
2291,2017,4,6,12,158,-9999,-9999,-9999,26,-9999,0,-9999
2292,2017,4,6,13,171,-9999,-9999,-9999,35,-9999,0,-9999
2293,2017,4,6,14,181,-9999,-9999,-9999,28,-9999,0,-9999
2294,2017,4,6,15,169,-9999,-9999,-9999,41,-9999,0,-9999
2295,2017,4,6,16,151,-9999,-9999,-9999,64,-9999,0,-9999
2296,2017,4,6,17,156,-9999,-9999,-9999,76,-9999,0,-9999
2297,2017,4,6,18,161,-9999,-9999,-9999,55,-9999,109,-9999
2298,2017,4,6,19,217,-9999,-9999,-9999,46,-9999,0,-9999
2299,2017,4,6,20,213,-9999,-9999,-9999,53,-9999,0,-9999
2300,2017,4,6,21,196,-9999,-9999,-9999,51,-9999,0,-9999
2301,2017,4,6,22,179,-9999,-9999,-9999,39,-9999,0,-9999
2302,2017,4,6,23,166,-9999,-9999,-9999,43,-9999,0,-9999
2303,2017,4,7,0,161,-9999,-9999,-9999,43,-9999,0,-9999
2304,2017,4,7,1,166,-9999,-9999,-9999,42,-9999,0,-9999
2305,2017,4,7,2,157,-9999,-9999,-9999,42,-9999,0,-9999
2306,2017,4,7,3,150,-9999,-9999,-9999,39,-9999,0,-9999
2307,2017,4,7,4,134,-9999,-9999,-9999,40,-9999,0,-9999
2308,2017,4,7,5,123,-9999,-9999,-9999,38,-9999,0,-9999
2309,2017,4,7,6,116,-9999,-9999,-9999,36,-9999,0,-9999
2310,2017,4,7,7,109,-9999,-9999,-9999,39,-9999,0,-9999
2311,2017,4,7,8,105,-9999,-9999,-9999,39,-9999,0,-9999
2312,2017,4,7,9,100,-9999,-9999,-9999,40,-9999,0,-9999
2313,2017,4,7,10,98,-9999,-9999,-9999,41,-9999,0,-9999
2314,2017,4,7,11,97,-9999,-9999,-9999,41,-9999,0,-9999
2315,2017,4,7,12,98,-9999,-9999,-9999,39,-9999,0,-9999
2316,2017,4,7,13,102,-9999,-9999,-9999,41,-9999,0,-9999
2317,2017,4,7,14,99,-9999,-9999,-9999,37,-9999,0,-9999
2318,2017,4,7,15,108,-9999,-9999,-9999,37,-9999,0,-9999
2319,2017,4,7,16,112,-9999,-9999,-9999,36,-9999,0,-9999
2320,2017,4,7,17,114,-9999,-9999,-9999,36,-9999,0,-9999
2321,2017,4,7,18,113,-9999,-9999,-9999,36,-9999,0,-9999
2322,2017,4,7,19,112,-9999,-9999,-9999,40,-9999,0,-9999
2323,2017,4,7,20,115,-9999,-9999,-9999,43,-9999,0,-9999
2324,2017,4,7,21,105,-9999,-9999,-9999,48,-9999,0,-9999
2325,2017,4,7,22,100,-9999,-9999,-9999,59,-9999,0,-9999
2326,2017,4,7,23,96,-9999,-9999,-9999,52,-9999,0,-9999
2327,2017,4,8,0,92,-9999,-9999,-9999,54,-9999,0,-9999
2328,2017,4,8,1,91,-9999,-9999,-9999,45,-9999,0,-9999
2329,2017,4,8,2,85,-9999,-9999,-9999,36,-9999,0,-9999
2330,2017,4,8,3,81,-9999,-9999,-9999,41,-9999,0,-9999
2331,2017,4,8,4,76,-9999,-9999,-9999,46,-9999,0,-9999
2332,2017,4,8,5,69,-9999,-9999,-9999,62,-9999,0,-9999
2333,2017,4,8,6,63,-9999,-9999,-9999,66,-9999,0,-9999
2334,2017,4,8,7,61,-9999,-9999,-9999,52,-9999,0,-9999
2335,2017,4,8,8,64,-9999,-9999,-9999,47,-9999,0,-9999
2336,2017,4,8,9,62,-9999,-9999,-9999,54,-9999,0,-9999
2337,2017,4,8,10,57,-9999,-9999,-9999,30,-9999,0,-9999
2338,2017,4,8,11,61,-9999,-9999,-9999,28,-9999,0,-9999
2339,2017,4,8,12,74,-9999,-9999,-9999,34,-9999,0,-9999
2340,2017,4,8,13,79,-9999,-9999,-9999,40,-9999,0,-9999
2341,2017,4,8,14,89,-9999,-9999,-9999,56,-9999,0,-9999
2342,2017,4,8,15,101,-9999,-9999,-9999,55,-9999,0,-9999
2343,2017,4,8,16,111,-9999,-9999,-9999,49,-9999,0,-9999
2344,2017,4,8,17,123,-9999,-9999,-9999,43,-9999,0,-9999
2345,2017,4,8,18,130,-9999,-9999,-9999,40,-9999,0,-9999
2346,2017,4,8,19,140,-9999,-9999,-9999,40,-9999,0,-9999
2347,2017,4,8,20,144,-9999,-9999,-9999,30,-9999,0,-9999
2348,2017,4,8,21,151,-9999,-9999,-9999,27,-9999,0,-9999
2349,2017,4,8,22,153,-9999,-9999,-9999,20,-9999,0,-9999
2350,2017,4,8,23,138,-9999,-9999,-9999,13,-9999,0,-9999
2351,2017,4,9,0,105,-9999,-9999,-9999,4,-9999,0,-9999
2352,2017,4,9,1,88,-9999,-9999,-9999,3,-9999,0,-9999
2353,2017,4,9,2,109,-9999,-9999,-9999,6,-9999,0,-9999
2354,2017,4,9,3,78,-9999,-9999,-9999,2,-9999,0,-9999
2355,2017,4,9,4,60,-9999,-9999,-9999,2,-9999,0,-9999
2356,2017,4,9,5,61,-9999,-9999,-9999,5,-9999,0,-9999
2357,2017,4,9,6,50,-9999,-9999,-9999,5,-9999,0,-9999
2358,2017,4,9,7,46,-9999,-9999,-9999,5,-9999,0,-9999
2359,2017,4,9,8,41,-9999,-9999,-9999,7,-9999,0,-9999
2360,2017,4,9,9,34,-9999,-9999,-9999,7,-9999,0,-9999
2361,2017,4,9,10,35,-9999,-9999,-9999,6,-9999,0,-9999
2362,2017,4,9,11,38,-9999,-9999,-9999,6,-9999,0,-9999
2363,2017,4,9,12,92,-9999,-9999,-9999,5,-9999,0,-9999
2364,2017,4,9,13,149,-9999,-9999,-9999,8,-9999,0,-9999
2365,2017,4,9,14,156,-9999,-9999,-9999,17,-9999,0,-9999
2366,2017,4,9,15,154,-9999,-9999,-9999,23,-9999,0,-9999
2367,2017,4,9,16,162,-9999,-9999,-9999,25,-9999,0,-9999
2368,2017,4,9,17,168,-9999,-9999,-9999,28,-9999,0,-9999
2369,2017,4,9,18,176,-9999,-9999,-9999,33,-9999,0,-9999
2370,2017,4,9,19,175,-9999,-9999,-9999,37,-9999,0,-9999
2371,2017,4,9,20,169,-9999,-9999,-9999,38,-9999,0,-9999
2372,2017,4,9,21,161,-9999,-9999,-9999,39,-9999,0,-9999
2373,2017,4,9,22,148,-9999,-9999,-9999,39,-9999,0,-9999
2374,2017,4,9,23,133,-9999,-9999,-9999,32,-9999,0,-9999
2375,2017,4,10,0,125,-9999,-9999,-9999,32,-9999,0,-9999
2376,2017,4,10,1,125,-9999,-9999,-9999,27,-9999,0,-9999
2377,2017,4,10,2,124,-9999,-9999,-9999,26,-9999,0,-9999
2378,2017,4,10,3,125,-9999,-9999,-9999,21,-9999,0,-9999
2379,2017,4,10,4,132,-9999,-9999,-9999,13,-9999,0,-9999
2380,2017,4,10,5,142,-9999,-9999,-9999,27,-9999,0,-9999
2381,2017,4,10,6,144,-9999,-9999,-9999,29,-9999,0,-9999
2382,2017,4,10,7,141,-9999,-9999,-9999,29,-9999,0,-9999
2383,2017,4,10,8,139,-9999,-9999,-9999,26,-9999,0,-9999
2384,2017,4,10,9,134,-9999,-9999,-9999,29,-9999,0,-9999
2385,2017,4,10,10,129,-9999,-9999,-9999,24,-9999,0,-9999
2386,2017,4,10,11,125,-9999,-9999,-9999,21,-9999,0,-9999
2387,2017,4,10,12,138,-9999,-9999,-9999,21,-9999,0,-9999
2388,2017,4,10,13,151,-9999,-9999,-9999,30,-9999,0,-9999
2389,2017,4,10,14,163,-9999,-9999,-9999,32,-9999,0,-9999
2390,2017,4,10,15,187,-9999,-9999,-9999,31,-9999,0,-9999
2391,2017,4,10,16,198,-9999,-9999,-9999,31,-9999,0,-9999
2392,2017,4,10,17,214,-9999,-9999,-9999,37,-9999,0,-9999
2393,2017,4,10,18,228,-9999,-9999,-9999,32,-9999,0,-9999
2394,2017,4,10,19,216,-9999,-9999,-9999,35,-9999,0,-9999
2395,2017,4,10,20,208,-9999,-9999,-9999,32,-9999,0,-9999
2396,2017,4,10,21,189,-9999,-9999,-9999,36,-9999,0,-9999
2397,2017,4,10,22,184,-9999,-9999,-9999,31,-9999,0,-9999
2398,2017,4,10,23,174,-9999,-9999,-9999,26,-9999,0,-9999
2399,2017,4,11,0,166,-9999,-9999,-9999,29,-9999,0,-9999
2400,2017,4,11,1,173,-9999,-9999,-9999,33,-9999,0,-9999
2401,2017,4,11,2,183,-9999,-9999,-9999,20,-9999,0,-9999
2402,2017,4,11,3,180,-9999,-9999,-9999,27,-9999,0,-9999
2403,2017,4,11,4,175,-9999,-9999,-9999,29,-9999,0,-9999
2404,2017,4,11,5,170,-9999,-9999,-9999,31,-9999,0,-9999
2405,2017,4,11,6,166,-9999,-9999,-9999,33,-9999,0,-9999
2406,2017,4,11,7,163,-9999,-9999,-9999,34,-9999,0,-9999
2407,2017,4,11,8,160,-9999,-9999,-9999,28,-9999,0,-9999
2408,2017,4,11,9,158,-9999,-9999,-9999,28,-9999,0,-9999
2409,2017,4,11,10,157,-9999,-9999,-9999,26,-9999,0,-9999
2410,2017,4,11,11,156,-9999,-9999,-9999,25,-9999,0,-9999
2411,2017,4,11,12,168,-9999,-9999,-9999,30,-9999,0,-9999
2412,2017,4,11,13,178,-9999,-9999,-9999,39,-9999,0,-9999
2413,2017,4,11,14,192,-9999,-9999,-9999,42,-9999,0,-9999
2414,2017,4,11,15,205,-9999,-9999,-9999,43,-9999,0,-9999
2415,2017,4,11,16,223,-9999,-9999,-9999,43,-9999,0,-9999
2416,2017,4,11,17,235,-9999,-9999,-9999,44,-9999,0,-9999
2417,2017,4,11,18,248,-9999,-9999,-9999,37,-9999,0,-9999
2418,2017,4,11,19,257,-9999,-9999,-9999,35,-9999,0,-9999
2419,2017,4,11,20,228,-9999,-9999,-9999,32,-9999,0,-9999
2420,2017,4,11,21,208,-9999,-9999,-9999,31,-9999,0,-9999
2421,2017,4,11,22,201,-9999,-9999,-9999,33,-9999,0,-9999
2422,2017,4,11,23,187,-9999,-9999,-9999,31,-9999,0,-9999
2423,2017,4,12,0,180,-9999,-9999,-9999,32,-9999,0,-9999
2424,2017,4,12,1,187,-9999,-9999,-9999,32,-9999,0,-9999
2425,2017,4,12,2,181,-9999,-9999,-9999,27,-9999,0,-9999
2426,2017,4,12,3,195,-9999,-9999,-9999,26,-9999,0,-9999
2427,2017,4,12,4,187,-9999,-9999,-9999,30,-9999,0,-9999
2428,2017,4,12,5,177,-9999,-9999,-9999,31,-9999,0,-9999
2429,2017,4,12,6,176,-9999,-9999,-9999,32,-9999,0,-9999
2430,2017,4,12,7,171,-9999,-9999,-9999,29,-9999,0,-9999
2431,2017,4,12,8,170,-9999,-9999,-9999,30,-9999,0,-9999
2432,2017,4,12,9,168,-9999,-9999,-9999,31,-9999,0,-9999
2433,2017,4,12,10,165,-9999,-9999,-9999,29,-9999,0,-9999
2434,2017,4,12,11,165,-9999,-9999,-9999,28,-9999,0,-9999
2435,2017,4,12,12,167,-9999,-9999,-9999,23,-9999,0,-9999
2436,2017,4,12,13,184,-9999,-9999,-9999,23,-9999,0,-9999
2437,2017,4,12,14,194,-9999,-9999,-9999,29,-9999,0,-9999
2438,2017,4,12,15,206,-9999,-9999,-9999,22,-9999,0,-9999
2439,2017,4,12,16,219,-9999,-9999,-9999,22,-9999,0,-9999
2440,2017,4,12,17,230,-9999,-9999,-9999,28,-9999,0,-9999
2441,2017,4,12,18,232,-9999,-9999,-9999,22,-9999,0,-9999
2442,2017,4,12,19,240,-9999,-9999,-9999,15,-9999,0,-9999
2443,2017,4,12,20,237,-9999,-9999,-9999,34,-9999,0,-9999
2444,2017,4,12,21,240,-9999,-9999,-9999,25,-9999,0,-9999
2445,2017,4,12,22,227,-9999,-9999,-9999,20,-9999,0,-9999
2446,2017,4,12,23,218,-9999,-9999,-9999,12,-9999,0,-9999
2447,2017,4,13,0,192,-9999,-9999,-9999,5,-9999,0,-9999
2448,2017,4,13,1,180,-9999,-9999,-9999,10,-9999,0,-9999
2449,2017,4,13,2,175,-9999,-9999,-9999,4,-9999,0,-9999
2450,2017,4,13,3,157,-9999,-9999,-9999,2,-9999,0,-9999
2451,2017,4,13,4,147,-9999,-9999,-9999,0,-9999,0,-9999
2452,2017,4,13,5,141,-9999,-9999,-9999,2,-9999,0,-9999
2453,2017,4,13,6,133,-9999,-9999,-9999,5,-9999,0,-9999
2454,2017,4,13,7,125,-9999,-9999,-9999,9,-9999,0,-9999
2455,2017,4,13,8,151,-9999,-9999,-9999,24,-9999,0,-9999
2456,2017,4,13,9,163,-9999,-9999,-9999,24,-9999,0,-9999
2457,2017,4,13,10,156,-9999,-9999,-9999,27,-9999,0,-9999
2458,2017,4,13,11,150,-9999,-9999,-9999,29,-9999,0,-9999
2459,2017,4,13,12,161,-9999,-9999,-9999,39,-9999,0,-9999
2460,2017,4,13,13,162,-9999,-9999,-9999,37,-9999,0,-9999
2461,2017,4,13,14,150,-9999,-9999,-9999,46,-9999,0,-9999
2462,2017,4,13,15,143,-9999,-9999,-9999,55,-9999,0,-9999
2463,2017,4,13,16,141,-9999,-9999,-9999,44,-9999,0,-9999
2464,2017,4,13,17,141,-9999,-9999,-9999,44,-9999,0,-9999
2465,2017,4,13,18,139,-9999,-9999,-9999,38,-9999,0,-9999
2466,2017,4,13,19,148,-9999,-9999,-9999,32,-9999,0,-9999
2467,2017,4,13,20,151,-9999,-9999,-9999,30,-9999,0,-9999
2468,2017,4,13,21,145,-9999,-9999,-9999,29,-9999,0,-9999
2469,2017,4,13,22,132,-9999,-9999,-9999,26,-9999,0,-9999
2470,2017,4,13,23,123,-9999,-9999,-9999,25,-9999,0,-9999
2471,2017,4,14,0,116,-9999,-9999,-9999,21,-9999,0,-9999
2472,2017,4,14,1,112,-9999,-9999,-9999,19,-9999,0,-9999
2473,2017,4,14,2,113,-9999,-9999,-9999,21,-9999,0,-9999
2474,2017,4,14,3,116,-9999,-9999,-9999,22,-9999,0,-9999
2475,2017,4,14,4,110,-9999,-9999,-9999,13,-9999,0,-9999
2476,2017,4,14,5,109,-9999,-9999,-9999,14,-9999,0,-9999
2477,2017,4,14,6,109,-9999,-9999,-9999,12,-9999,0,-9999
2478,2017,4,14,7,73,-9999,-9999,-9999,6,-9999,0,-9999
2479,2017,4,14,8,91,-9999,-9999,-9999,2,-9999,0,-9999
2480,2017,4,14,9,70,-9999,-9999,-9999,3,-9999,0,-9999
2481,2017,4,14,10,74,-9999,-9999,-9999,4,-9999,0,-9999
2482,2017,4,14,11,78,-9999,-9999,-9999,7,-9999,0,-9999
2483,2017,4,14,12,98,-9999,-9999,-9999,2,-9999,0,-9999
2484,2017,4,14,13,131,-9999,-9999,-9999,11,-9999,0,-9999
2485,2017,4,14,14,147,-9999,-9999,-9999,24,-9999,0,-9999
2486,2017,4,14,15,144,-9999,-9999,-9999,19,-9999,0,-9999
2487,2017,4,14,16,146,-9999,-9999,-9999,23,-9999,0,-9999
2488,2017,4,14,17,138,-9999,-9999,-9999,27,-9999,0,-9999
2489,2017,4,14,18,147,-9999,-9999,-9999,26,-9999,0,-9999
2490,2017,4,14,19,151,-9999,-9999,-9999,29,-9999,0,-9999
2491,2017,4,14,20,150,-9999,-9999,-9999,31,-9999,0,-9999
2492,2017,4,14,21,146,-9999,-9999,-9999,30,-9999,0,-9999
2493,2017,4,14,22,140,-9999,-9999,-9999,29,-9999,0,-9999
2494,2017,4,14,23,131,-9999,-9999,-9999,28,-9999,0,-9999
2495,2017,4,15,0,124,-9999,-9999,-9999,24,-9999,0,-9999
2496,2017,4,15,1,124,-9999,-9999,-9999,19,-9999,0,-9999
2497,2017,4,15,2,127,-9999,-9999,-9999,19,-9999,0,-9999
2498,2017,4,15,3,128,-9999,-9999,-9999,22,-9999,0,-9999
2499,2017,4,15,4,129,-9999,-9999,-9999,19,-9999,0,-9999
2500,2017,4,15,5,125,-9999,-9999,-9999,19,-9999,0,-9999
2501,2017,4,15,6,126,-9999,-9999,-9999,21,-9999,0,-9999
2502,2017,4,15,7,129,-9999,-9999,-9999,22,-9999,0,-9999
2503,2017,4,15,8,132,-9999,-9999,-9999,20,-9999,0,-9999
2504,2017,4,15,9,131,-9999,-9999,-9999,20,-9999,0,-9999
2505,2017,4,15,10,133,-9999,-9999,-9999,18,-9999,0,-9999
2506,2017,4,15,11,134,-9999,-9999,-9999,23,-9999,0,-9999
2507,2017,4,15,12,136,-9999,-9999,-9999,23,-9999,0,-9999
2508,2017,4,15,13,139,-9999,-9999,-9999,24,-9999,0,-9999
2509,2017,4,15,14,156,-9999,-9999,-9999,29,-9999,0,-9999
2510,2017,4,15,15,175,-9999,-9999,-9999,31,-9999,0,-9999
2511,2017,4,15,16,177,-9999,-9999,-9999,32,-9999,0,-9999
2512,2017,4,15,17,192,-9999,-9999,-9999,35,-9999,0,-9999
2513,2017,4,15,18,203,-9999,-9999,-9999,37,-9999,0,-9999
2514,2017,4,15,19,207,-9999,-9999,-9999,40,-9999,0,-9999
2515,2017,4,15,20,203,-9999,-9999,-9999,43,-9999,0,-9999
2516,2017,4,15,21,196,-9999,-9999,-9999,47,-9999,0,-9999
2517,2017,4,15,22,193,-9999,-9999,-9999,41,-9999,0,-9999
2518,2017,4,15,23,184,-9999,-9999,-9999,36,-9999,0,-9999
2519,2017,4,16,0,175,-9999,-9999,-9999,31,-9999,0,-9999
2520,2017,4,16,1,179,-9999,-9999,-9999,19,-9999,0,-9999
2521,2017,4,16,2,178,-9999,-9999,-9999,19,-9999,0,-9999
2522,2017,4,16,3,205,-9999,-9999,-9999,24,-9999,0,-9999
2523,2017,4,16,4,202,-9999,-9999,-9999,33,-9999,0,-9999
2524,2017,4,16,5,199,-9999,-9999,-9999,31,-9999,0,-9999
2525,2017,4,16,6,194,-9999,-9999,-9999,28,-9999,0,-9999
2526,2017,4,16,7,197,-9999,-9999,-9999,27,-9999,0,-9999
2527,2017,4,16,8,196,-9999,-9999,-9999,31,-9999,0,-9999
2528,2017,4,16,9,191,-9999,-9999,-9999,33,-9999,0,-9999
2529,2017,4,16,10,186,-9999,-9999,-9999,32,-9999,0,-9999
2530,2017,4,16,11,183,-9999,-9999,-9999,33,-9999,0,-9999
2531,2017,4,16,12,181,-9999,-9999,-9999,30,-9999,0,-9999
2532,2017,4,16,13,203,-9999,-9999,-9999,30,-9999,0,-9999
2533,2017,4,16,14,218,-9999,-9999,-9999,38,-9999,0,-9999
2534,2017,4,16,15,235,-9999,-9999,-9999,38,-9999,0,-9999
2535,2017,4,16,16,250,-9999,-9999,-9999,39,-9999,0,-9999
2536,2017,4,16,17,255,-9999,-9999,-9999,42,-9999,0,-9999
2537,2017,4,16,18,266,-9999,-9999,-9999,38,-9999,0,-9999
2538,2017,4,16,19,273,-9999,-9999,-9999,39,-9999,0,-9999
2539,2017,4,16,20,277,-9999,-9999,-9999,39,-9999,0,-9999
2540,2017,4,16,21,270,-9999,-9999,-9999,40,-9999,0,-9999
2541,2017,4,16,22,261,-9999,-9999,-9999,39,-9999,0,-9999
2542,2017,4,16,23,251,-9999,-9999,-9999,34,-9999,0,-9999
2543,2017,4,17,0,247,-9999,-9999,-9999,36,-9999,0,-9999
2544,2017,4,17,1,242,-9999,-9999,-9999,37,-9999,0,-9999
2545,2017,4,17,2,233,-9999,-9999,-9999,36,-9999,0,-9999
2546,2017,4,17,3,227,-9999,-9999,-9999,32,-9999,0,-9999
2547,2017,4,17,4,223,-9999,-9999,-9999,28,-9999,0,-9999
2548,2017,4,17,5,218,-9999,-9999,-9999,34,-9999,0,-9999
2549,2017,4,17,6,207,-9999,-9999,-9999,33,-9999,0,-9999
2550,2017,4,17,7,201,-9999,-9999,-9999,34,-9999,0,-9999
2551,2017,4,17,8,200,-9999,-9999,-9999,27,-9999,0,-9999
2552,2017,4,17,9,193,-9999,-9999,-9999,27,-9999,0,-9999
2553,2017,4,17,10,191,-9999,-9999,-9999,27,-9999,0,-9999
2554,2017,4,17,11,191,-9999,-9999,-9999,26,-9999,0,-9999
2555,2017,4,17,12,195,-9999,-9999,-9999,25,-9999,0,-9999
2556,2017,4,17,13,202,-9999,-9999,-9999,29,-9999,0,-9999
2557,2017,4,17,14,218,-9999,-9999,-9999,34,-9999,0,-9999
2558,2017,4,17,15,223,-9999,-9999,-9999,35,-9999,0,-9999
2559,2017,4,17,16,246,-9999,-9999,-9999,30,-9999,0,-9999
2560,2017,4,17,17,249,-9999,-9999,-9999,33,-9999,0,-9999
2561,2017,4,17,18,250,-9999,-9999,-9999,30,-9999,0,-9999
2562,2017,4,17,19,266,-9999,-9999,-9999,26,-9999,0,-9999
2563,2017,4,17,20,190,-9999,-9999,-9999,40,-9999,20,-9999
2564,2017,4,17,21,180,-9999,-9999,-9999,21,-9999,65,-9999
2565,2017,4,17,22,185,-9999,-9999,-9999,16,-9999,13,-9999
2566,2017,4,17,23,180,-9999,-9999,-9999,19,-9999,37,-9999
2567,2017,4,18,0,171,-9999,-9999,-9999,11,-9999,7,-9999
2568,2017,4,18,1,169,-9999,-9999,-9999,11,-9999,6,-9999
2569,2017,4,18,2,164,-9999,-9999,-9999,30,-9999,0,-9999
2570,2017,4,18,3,158,-9999,-9999,-9999,17,-9999,0,-9999
2571,2017,4,18,4,157,-9999,-9999,-9999,14,-9999,0,-9999
2572,2017,4,18,5,154,-9999,-9999,-9999,13,-9999,0,-9999
2573,2017,4,18,6,137,-9999,-9999,-9999,5,-9999,0,-9999
2574,2017,4,18,7,132,-9999,-9999,-9999,2,-9999,0,-9999
2575,2017,4,18,8,138,-9999,-9999,-9999,4,-9999,0,-9999
2576,2017,4,18,9,144,-9999,-9999,-9999,14,-9999,0,-9999
2577,2017,4,18,10,153,-9999,-9999,-9999,18,-9999,0,-9999
2578,2017,4,18,11,146,-9999,-9999,-9999,40,-9999,0,-9999
2579,2017,4,18,12,145,-9999,-9999,-9999,51,-9999,0,-9999
2580,2017,4,18,13,147,-9999,-9999,-9999,55,-9999,0,-9999
2581,2017,4,18,14,152,-9999,-9999,-9999,54,-9999,0,-9999
2582,2017,4,18,15,151,-9999,-9999,-9999,56,-9999,0,-9999
2583,2017,4,18,16,154,-9999,-9999,-9999,57,-9999,0,-9999
2584,2017,4,18,17,152,-9999,-9999,-9999,53,-9999,0,-9999
2585,2017,4,18,18,151,-9999,-9999,-9999,51,-9999,0,-9999
2586,2017,4,18,19,148,-9999,-9999,-9999,47,-9999,0,-9999
2587,2017,4,18,20,148,-9999,-9999,-9999,42,-9999,0,-9999
2588,2017,4,18,21,144,-9999,-9999,-9999,38,-9999,0,-9999
2589,2017,4,18,22,141,-9999,-9999,-9999,32,-9999,0,-9999
2590,2017,4,18,23,132,-9999,-9999,-9999,32,-9999,0,-9999
2591,2017,4,19,0,123,-9999,-9999,-9999,30,-9999,0,-9999
2592,2017,4,19,1,121,-9999,-9999,-9999,30,-9999,0,-9999
2593,2017,4,19,2,120,-9999,-9999,-9999,34,-9999,0,-9999
2594,2017,4,19,3,121,-9999,-9999,-9999,34,-9999,0,-9999
2595,2017,4,19,4,123,-9999,-9999,-9999,36,-9999,0,-9999
2596,2017,4,19,5,123,-9999,-9999,-9999,35,-9999,0,-9999
2597,2017,4,19,6,123,-9999,-9999,-9999,38,-9999,0,-9999
2598,2017,4,19,7,122,-9999,-9999,-9999,37,-9999,0,-9999
2599,2017,4,19,8,122,-9999,-9999,-9999,37,-9999,0,-9999
2600,2017,4,19,9,120,-9999,-9999,-9999,38,-9999,0,-9999
2601,2017,4,19,10,120,-9999,-9999,-9999,39,-9999,0,-9999
2602,2017,4,19,11,125,-9999,-9999,-9999,40,-9999,0,-9999
2603,2017,4,19,12,129,-9999,-9999,-9999,40,-9999,0,-9999
2604,2017,4,19,13,130,-9999,-9999,-9999,37,-9999,4,-9999
2605,2017,4,19,14,138,-9999,-9999,-9999,32,-9999,2,-9999
2606,2017,4,19,15,149,-9999,-9999,-9999,33,-9999,0,-9999
2607,2017,4,19,16,149,-9999,-9999,-9999,32,-9999,0,-9999
2608,2017,4,19,17,152,-9999,-9999,-9999,32,-9999,0,-9999
2609,2017,4,19,18,152,-9999,-9999,-9999,29,-9999,0,-9999
2610,2017,4,19,19,151,-9999,-9999,-9999,27,-9999,0,-9999
2611,2017,4,19,20,155,-9999,-9999,-9999,21,-9999,0,-9999
2612,2017,4,19,21,156,-9999,-9999,-9999,18,-9999,0,-9999
2613,2017,4,19,22,160,-9999,-9999,-9999,18,-9999,0,-9999
2614,2017,4,19,23,159,-9999,-9999,-9999,23,-9999,0,-9999
2615,2017,4,20,0,158,-9999,-9999,-9999,24,-9999,0,-9999
2616,2017,4,20,1,157,-9999,-9999,-9999,24,-9999,0,-9999
2617,2017,4,20,2,156,-9999,-9999,-9999,22,-9999,0,-9999
2618,2017,4,20,3,158,-9999,-9999,-9999,24,-9999,0,-9999
2619,2017,4,20,4,156,-9999,-9999,-9999,20,-9999,0,-9999
2620,2017,4,20,5,155,-9999,-9999,-9999,6,-9999,0,-9999
2621,2017,4,20,6,168,-9999,-9999,-9999,6,-9999,0,-9999
2622,2017,4,20,7,170,-9999,-9999,-9999,12,-9999,0,-9999
2623,2017,4,20,8,170,-9999,-9999,-9999,15,-9999,0,-9999
2624,2017,4,20,9,166,-9999,-9999,-9999,13,-9999,0,-9999
2625,2017,4,20,10,169,-9999,-9999,-9999,16,-9999,0,-9999
2626,2017,4,20,11,172,-9999,-9999,-9999,20,-9999,0,-9999
2627,2017,4,20,12,176,-9999,-9999,-9999,21,-9999,0,-9999
2628,2017,4,20,13,180,-9999,-9999,-9999,23,-9999,0,-9999
2629,2017,4,20,14,191,-9999,-9999,-9999,24,-9999,0,-9999
2630,2017,4,20,15,202,-9999,-9999,-9999,32,-9999,0,-9999
2631,2017,4,20,16,205,-9999,-9999,-9999,24,-9999,0,-9999
2632,2017,4,20,17,215,-9999,-9999,-9999,27,-9999,0,-9999
2633,2017,4,20,18,232,-9999,-9999,-9999,26,-9999,0,-9999
2634,2017,4,20,19,240,-9999,-9999,-9999,23,-9999,0,-9999
2635,2017,4,20,20,248,-9999,-9999,-9999,21,-9999,0,-9999
2636,2017,4,20,21,248,-9999,-9999,-9999,19,-9999,0,-9999
2637,2017,4,20,22,207,-9999,-9999,-9999,26,-9999,0,-9999
2638,2017,4,20,23,197,-9999,-9999,-9999,26,-9999,0,-9999
2639,2017,4,21,0,190,-9999,-9999,-9999,18,-9999,0,-9999
2640,2017,4,21,1,193,-9999,-9999,-9999,14,-9999,0,-9999
2641,2017,4,21,2,186,-9999,-9999,-9999,11,-9999,0,-9999
2642,2017,4,21,3,200,-9999,-9999,-9999,5,-9999,0,-9999
2643,2017,4,21,4,196,-9999,-9999,-9999,9,-9999,0,-9999
2644,2017,4,21,5,193,-9999,-9999,-9999,6,-9999,0,-9999
2645,2017,4,21,6,190,-9999,-9999,-9999,4,-9999,0,-9999
2646,2017,4,21,7,202,-9999,-9999,-9999,7,-9999,0,-9999
2647,2017,4,21,8,210,-9999,-9999,-9999,21,-9999,0,-9999
2648,2017,4,21,9,210,-9999,-9999,-9999,23,-9999,0,-9999
2649,2017,4,21,10,206,-9999,-9999,-9999,23,-9999,0,-9999
2650,2017,4,21,11,204,-9999,-9999,-9999,23,-9999,0,-9999
2651,2017,4,21,12,211,-9999,-9999,-9999,23,-9999,0,-9999
2652,2017,4,21,13,219,-9999,-9999,-9999,25,-9999,0,-9999
2653,2017,4,21,14,232,-9999,-9999,-9999,28,-9999,0,-9999
2654,2017,4,21,15,249,-9999,-9999,-9999,29,-9999,0,-9999
2655,2017,4,21,16,263,-9999,-9999,-9999,26,-9999,0,-9999
2656,2017,4,21,17,274,-9999,-9999,-9999,26,-9999,0,-9999
2657,2017,4,21,18,281,-9999,-9999,-9999,23,-9999,0,-9999
2658,2017,4,21,19,291,-9999,-9999,-9999,23,-9999,0,-9999
2659,2017,4,21,20,289,-9999,-9999,-9999,24,-9999,0,-9999
2660,2017,4,21,21,255,-9999,-9999,-9999,22,-9999,0,-9999
2661,2017,4,21,22,260,-9999,-9999,-9999,23,-9999,0,-9999
2662,2017,4,21,23,246,-9999,-9999,-9999,15,-9999,0,-9999
2663,2017,4,22,0,225,-9999,-9999,-9999,12,-9999,0,-9999
2664,2017,4,22,1,237,-9999,-9999,-9999,8,-9999,0,-9999
2665,2017,4,22,2,233,-9999,-9999,-9999,16,-9999,0,-9999
2666,2017,4,22,3,197,-9999,-9999,-9999,15,-9999,0,-9999
2667,2017,4,22,4,189,-9999,-9999,-9999,5,-9999,0,-9999
2668,2017,4,22,5,179,-9999,-9999,-9999,17,-9999,0,-9999
2669,2017,4,22,6,180,-9999,-9999,-9999,12,-9999,0,-9999
2670,2017,4,22,7,182,-9999,-9999,-9999,12,-9999,0,-9999
2671,2017,4,22,8,212,-9999,-9999,-9999,24,-9999,5,-9999
2672,2017,4,22,9,200,-9999,-9999,-9999,27,-9999,0,-9999
2673,2017,4,22,10,193,-9999,-9999,-9999,15,-9999,0,-9999
2674,2017,4,22,11,194,-9999,-9999,-9999,11,-9999,0,-9999
2675,2017,4,22,12,166,-9999,-9999,-9999,16,-9999,0,-9999
2676,2017,4,22,13,166,-9999,-9999,-9999,22,-9999,0,-9999
2677,2017,4,22,14,165,-9999,-9999,-9999,26,-9999,0,-9999
2678,2017,4,22,15,173,-9999,-9999,-9999,24,-9999,0,-9999
2679,2017,4,22,16,182,-9999,-9999,-9999,23,-9999,0,-9999
2680,2017,4,22,17,158,-9999,-9999,-9999,35,-9999,0,-9999
2681,2017,4,22,18,146,-9999,-9999,-9999,38,-9999,6,-9999
2682,2017,4,22,19,141,-9999,-9999,-9999,38,-9999,0,-9999
2683,2017,4,22,20,136,-9999,-9999,-9999,42,-9999,0,-9999
2684,2017,4,22,21,134,-9999,-9999,-9999,50,-9999,0,-9999
2685,2017,4,22,22,133,-9999,-9999,-9999,51,-9999,40,-9999
2686,2017,4,22,23,131,-9999,-9999,-9999,52,-9999,0,-9999
2687,2017,4,23,0,128,-9999,-9999,-9999,39,-9999,43,-9999
2688,2017,4,23,1,128,-9999,-9999,-9999,40,-9999,13,-9999
2689,2017,4,23,2,128,-9999,-9999,-9999,44,-9999,0,-9999
2690,2017,4,23,3,126,-9999,-9999,-9999,39,-9999,0,-9999
2691,2017,4,23,4,123,-9999,-9999,-9999,34,-9999,2,-9999
2692,2017,4,23,5,120,-9999,-9999,-9999,25,-9999,0,-9999
2693,2017,4,23,6,120,-9999,-9999,-9999,27,-9999,0,-9999
2694,2017,4,23,7,118,-9999,-9999,-9999,27,-9999,0,-9999
2695,2017,4,23,8,113,-9999,-9999,-9999,28,-9999,9,-9999
2696,2017,4,23,9,113,-9999,-9999,-9999,26,-9999,0,-9999
2697,2017,4,23,10,113,-9999,-9999,-9999,25,-9999,0,-9999
2698,2017,4,23,11,112,-9999,-9999,-9999,25,-9999,4,-9999
2699,2017,4,23,12,114,-9999,-9999,-9999,28,-9999,4,-9999
2700,2017,4,23,13,119,-9999,-9999,-9999,28,-9999,2,-9999
2701,2017,4,23,14,122,-9999,-9999,-9999,36,-9999,0,-9999
2702,2017,4,23,15,126,-9999,-9999,-9999,38,-9999,0,-9999
2703,2017,4,23,16,124,-9999,-9999,-9999,44,-9999,0,-9999
2704,2017,4,23,17,125,-9999,-9999,-9999,38,-9999,0,-9999
2705,2017,4,23,18,132,-9999,-9999,-9999,39,-9999,0,-9999
2706,2017,4,23,19,129,-9999,-9999,-9999,41,-9999,0,-9999
2707,2017,4,23,20,120,-9999,-9999,-9999,43,-9999,0,-9999
2708,2017,4,23,21,119,-9999,-9999,-9999,35,-9999,0,-9999
2709,2017,4,23,22,122,-9999,-9999,-9999,39,-9999,0,-9999
2710,2017,4,23,23,124,-9999,-9999,-9999,37,-9999,0,-9999
2711,2017,4,24,0,122,-9999,-9999,-9999,40,-9999,0,-9999
2712,2017,4,24,1,123,-9999,-9999,-9999,48,-9999,0,-9999
2713,2017,4,24,2,123,-9999,-9999,-9999,47,-9999,3,-9999
2714,2017,4,24,3,124,-9999,-9999,-9999,48,-9999,0,-9999
2715,2017,4,24,4,119,-9999,-9999,-9999,39,-9999,8,-9999
2716,2017,4,24,5,118,-9999,-9999,-9999,44,-9999,9,-9999
2717,2017,4,24,6,120,-9999,-9999,-9999,47,-9999,2,-9999
2718,2017,4,24,7,122,-9999,-9999,-9999,43,-9999,0,-9999
2719,2017,4,24,8,122,-9999,-9999,-9999,51,-9999,0,-9999
2720,2017,4,24,9,123,-9999,-9999,-9999,49,-9999,0,-9999
2721,2017,4,24,10,125,-9999,-9999,-9999,56,-9999,0,-9999
2722,2017,4,24,11,126,-9999,-9999,-9999,56,-9999,0,-9999
2723,2017,4,24,12,130,-9999,-9999,-9999,54,-9999,0,-9999
2724,2017,4,24,13,133,-9999,-9999,-9999,51,-9999,13,-9999
2725,2017,4,24,14,141,-9999,-9999,-9999,47,-9999,11,-9999
2726,2017,4,24,15,147,-9999,-9999,-9999,39,-9999,5,-9999
2727,2017,4,24,16,143,-9999,-9999,-9999,39,-9999,8,-9999
2728,2017,4,24,17,142,-9999,-9999,-9999,47,-9999,0,-9999
2729,2017,4,24,18,139,-9999,-9999,-9999,47,-9999,0,-9999
2730,2017,4,24,19,134,-9999,-9999,-9999,50,-9999,0,-9999
2731,2017,4,24,20,135,-9999,-9999,-9999,55,-9999,0,-9999
2732,2017,4,24,21,133,-9999,-9999,-9999,54,-9999,0,-9999
2733,2017,4,24,22,133,-9999,-9999,-9999,56,-9999,0,-9999
2734,2017,4,24,23,135,-9999,-9999,-9999,53,-9999,0,-9999
2735,2017,4,25,0,133,-9999,-9999,-9999,51,-9999,9,-9999
2736,2017,4,25,1,137,-9999,-9999,-9999,44,-9999,11,-9999
2737,2017,4,25,2,136,-9999,-9999,-9999,47,-9999,0,-9999
2738,2017,4,25,3,140,-9999,-9999,-9999,46,-9999,0,-9999
2739,2017,4,25,4,137,-9999,-9999,-9999,40,-9999,0,-9999
2740,2017,4,25,5,142,-9999,-9999,-9999,39,-9999,0,-9999
2741,2017,4,25,6,151,-9999,-9999,-9999,40,-9999,0,-9999
2742,2017,4,25,7,156,-9999,-9999,-9999,40,-9999,2,-9999
2743,2017,4,25,8,154,-9999,-9999,-9999,43,-9999,4,-9999
2744,2017,4,25,9,153,-9999,-9999,-9999,52,-9999,16,-9999
2745,2017,4,25,10,153,-9999,-9999,-9999,61,-9999,10,-9999
2746,2017,4,25,11,153,-9999,-9999,-9999,68,-9999,22,-9999
2747,2017,4,25,12,156,-9999,-9999,-9999,68,-9999,2,-9999
2748,2017,4,25,13,155,-9999,-9999,-9999,72,-9999,7,-9999
2749,2017,4,25,14,160,-9999,-9999,-9999,68,-9999,6,-9999
2750,2017,4,25,15,168,-9999,-9999,-9999,50,-9999,2,-9999
2751,2017,4,25,16,176,-9999,-9999,-9999,34,-9999,0,-9999
2752,2017,4,25,17,176,-9999,-9999,-9999,34,-9999,0,-9999
2753,2017,4,25,18,190,-9999,-9999,-9999,31,-9999,0,-9999
2754,2017,4,25,19,187,-9999,-9999,-9999,32,-9999,0,-9999
2755,2017,4,25,20,172,-9999,-9999,-9999,19,-9999,0,-9999
2756,2017,4,25,21,169,-9999,-9999,-9999,20,-9999,45,-9999
2757,2017,4,25,22,166,-9999,-9999,-9999,29,-9999,16,-9999
2758,2017,4,25,23,166,-9999,-9999,-9999,23,-9999,0,-9999
2759,2017,4,26,0,167,-9999,-9999,-9999,6,-9999,55,-9999
2760,2017,4,26,1,164,-9999,-9999,-9999,3,-9999,27,-9999
2761,2017,4,26,2,164,-9999,-9999,-9999,6,-9999,6,-9999
2762,2017,4,26,3,160,-9999,-9999,-9999,18,-9999,7,-9999
2763,2017,4,26,4,158,-9999,-9999,-9999,19,-9999,0,-9999
2764,2017,4,26,5,157,-9999,-9999,-9999,19,-9999,22,-9999
2765,2017,4,26,6,155,-9999,-9999,-9999,29,-9999,8,-9999
2766,2017,4,26,7,153,-9999,-9999,-9999,35,-9999,2,-9999
2767,2017,4,26,8,151,-9999,-9999,-9999,34,-9999,0,-9999
2768,2017,4,26,9,149,-9999,-9999,-9999,31,-9999,4,-9999
2769,2017,4,26,10,148,-9999,-9999,-9999,29,-9999,2,-9999
2770,2017,4,26,11,149,-9999,-9999,-9999,22,-9999,0,-9999
2771,2017,4,26,12,150,-9999,-9999,-9999,23,-9999,0,-9999
2772,2017,4,26,13,154,-9999,-9999,-9999,22,-9999,4,-9999
2773,2017,4,26,14,160,-9999,-9999,-9999,23,-9999,0,-9999
2774,2017,4,26,15,164,-9999,-9999,-9999,22,-9999,0,-9999
2775,2017,4,26,16,178,-9999,-9999,-9999,22,-9999,0,-9999
2776,2017,4,26,17,182,-9999,-9999,-9999,26,-9999,0,-9999
2777,2017,4,26,18,190,-9999,-9999,-9999,22,-9999,0,-9999
2778,2017,4,26,19,189,-9999,-9999,-9999,21,-9999,0,-9999
2779,2017,4,26,20,201,-9999,-9999,-9999,18,-9999,0,-9999
2780,2017,4,26,21,197,-9999,-9999,-9999,17,-9999,0,-9999
2781,2017,4,26,22,199,-9999,-9999,-9999,13,-9999,0,-9999
2782,2017,4,26,23,196,-9999,-9999,-9999,5,-9999,0,-9999
2783,2017,4,27,0,170,-9999,-9999,-9999,12,-9999,0,-9999
2784,2017,4,27,1,162,-9999,-9999,-9999,14,-9999,0,-9999
2785,2017,4,27,2,159,-9999,-9999,-9999,14,-9999,0,-9999
2786,2017,4,27,3,163,-9999,-9999,-9999,16,-9999,0,-9999
2787,2017,4,27,4,165,-9999,-9999,-9999,15,-9999,0,-9999
2788,2017,4,27,5,166,-9999,-9999,-9999,18,-9999,0,-9999
2789,2017,4,27,6,162,-9999,-9999,-9999,16,-9999,0,-9999
2790,2017,4,27,7,159,-9999,-9999,-9999,13,-9999,0,-9999
2791,2017,4,27,8,158,-9999,-9999,-9999,8,-9999,0,-9999
2792,2017,4,27,9,158,-9999,-9999,-9999,7,-9999,0,-9999
2793,2017,4,27,10,176,-9999,-9999,-9999,4,-9999,0,-9999
2794,2017,4,27,11,188,-9999,-9999,-9999,19,-9999,0,-9999
2795,2017,4,27,12,194,-9999,-9999,-9999,24,-9999,0,-9999
2796,2017,4,27,13,207,-9999,-9999,-9999,24,-9999,0,-9999
2797,2017,4,27,14,220,-9999,-9999,-9999,32,-9999,0,-9999
2798,2017,4,27,15,237,-9999,-9999,-9999,35,-9999,0,-9999
2799,2017,4,27,16,245,-9999,-9999,-9999,35,-9999,0,-9999
2800,2017,4,27,17,260,-9999,-9999,-9999,31,-9999,0,-9999
2801,2017,4,27,18,243,-9999,-9999,-9999,32,-9999,0,-9999
2802,2017,4,27,19,242,-9999,-9999,-9999,32,-9999,0,-9999
2803,2017,4,27,20,235,-9999,-9999,-9999,33,-9999,0,-9999
2804,2017,4,27,21,228,-9999,-9999,-9999,32,-9999,0,-9999
2805,2017,4,27,22,221,-9999,-9999,-9999,33,-9999,0,-9999
2806,2017,4,27,23,207,-9999,-9999,-9999,36,-9999,0,-9999
2807,2017,4,28,0,198,-9999,-9999,-9999,26,-9999,0,-9999
2808,2017,4,28,1,199,-9999,-9999,-9999,13,-9999,0,-9999
2809,2017,4,28,2,203,-9999,-9999,-9999,15,-9999,0,-9999
2810,2017,4,28,3,205,-9999,-9999,-9999,9,-9999,0,-9999
2811,2017,4,28,4,219,-9999,-9999,-9999,18,-9999,0,-9999
2812,2017,4,28,5,216,-9999,-9999,-9999,22,-9999,0,-9999
2813,2017,4,28,6,217,-9999,-9999,-9999,23,-9999,0,-9999
2814,2017,4,28,7,214,-9999,-9999,-9999,22,-9999,0,-9999
2815,2017,4,28,8,215,-9999,-9999,-9999,19,-9999,0,-9999
2816,2017,4,28,9,212,-9999,-9999,-9999,14,-9999,0,-9999
2817,2017,4,28,10,205,-9999,-9999,-9999,14,-9999,0,-9999
2818,2017,4,28,11,206,-9999,-9999,-9999,23,-9999,0,-9999
2819,2017,4,28,12,207,-9999,-9999,-9999,24,-9999,0,-9999
2820,2017,4,28,13,225,-9999,-9999,-9999,22,-9999,4,-9999
2821,2017,4,28,14,232,-9999,-9999,-9999,30,-9999,0,-9999
2822,2017,4,28,15,237,-9999,-9999,-9999,27,-9999,0,-9999
2823,2017,4,28,16,245,-9999,-9999,-9999,22,-9999,0,-9999
2824,2017,4,28,17,259,-9999,-9999,-9999,22,-9999,0,-9999
2825,2017,4,28,18,266,-9999,-9999,-9999,22,-9999,0,-9999
2826,2017,4,28,19,273,-9999,-9999,-9999,20,-9999,0,-9999
2827,2017,4,28,20,264,-9999,-9999,-9999,26,-9999,0,-9999
2828,2017,4,28,21,258,-9999,-9999,-9999,30,-9999,0,-9999
2829,2017,4,28,22,243,-9999,-9999,-9999,29,-9999,0,-9999
2830,2017,4,28,23,228,-9999,-9999,-9999,24,-9999,0,-9999
2831,2017,4,29,0,211,-9999,-9999,-9999,20,-9999,0,-9999
2832,2017,4,29,1,206,-9999,-9999,-9999,16,-9999,0,-9999
2833,2017,4,29,2,209,-9999,-9999,-9999,12,-9999,0,-9999
2834,2017,4,29,3,221,-9999,-9999,-9999,18,-9999,0,-9999
2835,2017,4,29,4,226,-9999,-9999,-9999,20,-9999,0,-9999
2836,2017,4,29,5,218,-9999,-9999,-9999,14,-9999,0,-9999
2837,2017,4,29,6,219,-9999,-9999,-9999,17,-9999,0,-9999
2838,2017,4,29,7,231,-9999,-9999,-9999,19,-9999,0,-9999
2839,2017,4,29,8,233,-9999,-9999,-9999,22,-9999,0,-9999
2840,2017,4,29,9,234,-9999,-9999,-9999,24,-9999,0,-9999
2841,2017,4,29,10,232,-9999,-9999,-9999,24,-9999,0,-9999
2842,2017,4,29,11,233,-9999,-9999,-9999,24,-9999,0,-9999
2843,2017,4,29,12,238,-9999,-9999,-9999,30,-9999,0,-9999
2844,2017,4,29,13,239,-9999,-9999,-9999,33,-9999,0,-9999
2845,2017,4,29,14,248,-9999,-9999,-9999,32,-9999,0,-9999
2846,2017,4,29,15,255,-9999,-9999,-9999,30,-9999,0,-9999
2847,2017,4,29,16,263,-9999,-9999,-9999,28,-9999,0,-9999
2848,2017,4,29,17,274,-9999,-9999,-9999,23,-9999,0,-9999
2849,2017,4,29,18,281,-9999,-9999,-9999,24,-9999,0,-9999
2850,2017,4,29,19,291,-9999,-9999,-9999,27,-9999,0,-9999
2851,2017,4,29,20,294,-9999,-9999,-9999,31,-9999,0,-9999
2852,2017,4,29,21,293,-9999,-9999,-9999,31,-9999,0,-9999
2853,2017,4,29,22,291,-9999,-9999,-9999,26,-9999,0,-9999
2854,2017,4,29,23,282,-9999,-9999,-9999,23,-9999,0,-9999
2855,2017,4,30,0,270,-9999,-9999,-9999,19,-9999,0,-9999
2856,2017,4,30,1,260,-9999,-9999,-9999,13,-9999,0,-9999
2857,2017,4,30,2,240,-9999,-9999,-9999,5,-9999,0,-9999
2858,2017,4,30,3,248,-9999,-9999,-9999,6,-9999,0,-9999
2859,2017,4,30,4,247,-9999,-9999,-9999,9,-9999,0,-9999
2860,2017,4,30,5,236,-9999,-9999,-9999,5,-9999,0,-9999
2861,2017,4,30,6,233,-9999,-9999,-9999,11,-9999,0,-9999
2862,2017,4,30,7,232,-9999,-9999,-9999,11,-9999,0,-9999
2863,2017,4,30,8,228,-9999,-9999,-9999,18,-9999,0,-9999
2864,2017,4,30,9,219,-9999,-9999,-9999,17,-9999,0,-9999
2865,2017,4,30,10,215,-9999,-9999,-9999,13,-9999,0,-9999
2866,2017,4,30,11,214,-9999,-9999,-9999,14,-9999,0,-9999
2867,2017,4,30,12,222,-9999,-9999,-9999,18,-9999,0,-9999
2868,2017,4,30,13,232,-9999,-9999,-9999,27,-9999,0,-9999
2869,2017,4,30,14,235,-9999,-9999,-9999,39,-9999,0,-9999
2870,2017,4,30,15,241,-9999,-9999,-9999,36,-9999,0,-9999
2871,2017,4,30,16,252,-9999,-9999,-9999,33,-9999,0,-9999
2872,2017,4,30,17,259,-9999,-9999,-9999,27,-9999,0,-9999
2873,2017,4,30,18,279,-9999,-9999,-9999,28,-9999,0,-9999
2874,2017,4,30,19,287,-9999,-9999,-9999,25,-9999,0,-9999
2875,2017,4,30,20,286,-9999,-9999,-9999,23,-9999,0,-9999
2876,2017,4,30,21,288,-9999,-9999,-9999,20,-9999,0,-9999
2877,2017,4,30,22,271,-9999,-9999,-9999,21,-9999,0,-9999
2878,2017,4,30,23,248,-9999,-9999,-9999,15,-9999,0,-9999
2879,2017,5,1,0,232,-9999,-9999,-9999,10,-9999,0,-9999
2880,2017,5,1,1,226,-9999,-9999,-9999,7,-9999,0,-9999
2881,2017,5,1,2,231,-9999,-9999,-9999,12,-9999,0,-9999
2882,2017,5,1,3,234,-9999,-9999,-9999,10,-9999,0,-9999
2883,2017,5,1,4,238,-9999,-9999,-9999,19,-9999,0,-9999
2884,2017,5,1,5,231,-9999,-9999,-9999,25,-9999,0,-9999
2885,2017,5,1,6,220,-9999,-9999,-9999,28,-9999,0,-9999
2886,2017,5,1,7,211,-9999,-9999,-9999,30,-9999,0,-9999
2887,2017,5,1,8,208,-9999,-9999,-9999,30,-9999,0,-9999
2888,2017,5,1,9,206,-9999,-9999,-9999,32,-9999,0,-9999
2889,2017,5,1,10,205,-9999,-9999,-9999,28,-9999,0,-9999
2890,2017,5,1,11,208,-9999,-9999,-9999,30,-9999,0,-9999
2891,2017,5,1,12,219,-9999,-9999,-9999,31,-9999,0,-9999
2892,2017,5,1,13,230,-9999,-9999,-9999,33,-9999,0,-9999
2893,2017,5,1,14,240,-9999,-9999,-9999,39,-9999,0,-9999
2894,2017,5,1,15,257,-9999,-9999,-9999,41,-9999,0,-9999
2895,2017,5,1,16,261,-9999,-9999,-9999,40,-9999,0,-9999
2896,2017,5,1,17,266,-9999,-9999,-9999,38,-9999,0,-9999
2897,2017,5,1,18,273,-9999,-9999,-9999,35,-9999,0,-9999
2898,2017,5,1,19,281,-9999,-9999,-9999,37,-9999,0,-9999
2899,2017,5,1,20,266,-9999,-9999,-9999,30,-9999,0,-9999
2900,2017,5,1,21,274,-9999,-9999,-9999,30,-9999,0,-9999
2901,2017,5,1,22,245,-9999,-9999,-9999,32,-9999,0,-9999
2902,2017,5,1,23,233,-9999,-9999,-9999,31,-9999,0,-9999
2903,2017,5,2,0,245,-9999,-9999,-9999,30,-9999,0,-9999
2904,2017,5,2,1,241,-9999,-9999,-9999,33,-9999,0,-9999
2905,2017,5,2,2,236,-9999,-9999,-9999,31,-9999,0,-9999
2906,2017,5,2,3,231,-9999,-9999,-9999,35,-9999,0,-9999
2907,2017,5,2,4,228,-9999,-9999,-9999,42,-9999,0,-9999
2908,2017,5,2,5,228,-9999,-9999,-9999,42,-9999,0,-9999
2909,2017,5,2,6,229,-9999,-9999,-9999,38,-9999,0,-9999
2910,2017,5,2,7,217,-9999,-9999,-9999,33,-9999,8,-9999
2911,2017,5,2,8,212,-9999,-9999,-9999,37,-9999,17,-9999
2912,2017,5,2,9,210,-9999,-9999,-9999,32,-9999,70,-9999
2913,2017,5,2,10,206,-9999,-9999,-9999,31,-9999,0,-9999
2914,2017,5,2,11,199,-9999,-9999,-9999,24,-9999,0,-9999
2915,2017,5,2,12,199,-9999,-9999,-9999,24,-9999,0,-9999
2916,2017,5,2,13,204,-9999,-9999,-9999,28,-9999,0,-9999
2917,2017,5,2,14,216,-9999,-9999,-9999,31,-9999,0,-9999
2918,2017,5,2,15,221,-9999,-9999,-9999,34,-9999,0,-9999
2919,2017,5,2,16,230,-9999,-9999,-9999,36,-9999,0,-9999
2920,2017,5,2,17,230,-9999,-9999,-9999,37,-9999,0,-9999
2921,2017,5,2,18,231,-9999,-9999,-9999,38,-9999,0,-9999
2922,2017,5,2,19,233,-9999,-9999,-9999,36,-9999,0,-9999
2923,2017,5,2,20,235,-9999,-9999,-9999,33,-9999,0,-9999
2924,2017,5,2,21,234,-9999,-9999,-9999,30,-9999,0,-9999
2925,2017,5,2,22,229,-9999,-9999,-9999,26,-9999,0,-9999
2926,2017,5,2,23,222,-9999,-9999,-9999,24,-9999,0,-9999
2927,2017,5,3,0,212,-9999,-9999,-9999,19,-9999,0,-9999
2928,2017,5,3,1,207,-9999,-9999,-9999,16,-9999,0,-9999
2929,2017,5,3,2,206,-9999,-9999,-9999,16,-9999,0,-9999
2930,2017,5,3,3,205,-9999,-9999,-9999,19,-9999,0,-9999
2931,2017,5,3,4,197,-9999,-9999,-9999,19,-9999,0,-9999
2932,2017,5,3,5,198,-9999,-9999,-9999,18,-9999,0,-9999
2933,2017,5,3,6,193,-9999,-9999,-9999,17,-9999,0,-9999
2934,2017,5,3,7,186,-9999,-9999,-9999,17,-9999,0,-9999
2935,2017,5,3,8,178,-9999,-9999,-9999,13,-9999,0,-9999
2936,2017,5,3,9,171,-9999,-9999,-9999,10,-9999,0,-9999
2937,2017,5,3,10,156,-9999,-9999,-9999,3,-9999,0,-9999
2938,2017,5,3,11,175,-9999,-9999,-9999,5,-9999,0,-9999
2939,2017,5,3,12,185,-9999,-9999,-9999,19,-9999,0,-9999
2940,2017,5,3,13,190,-9999,-9999,-9999,33,-9999,0,-9999
2941,2017,5,3,14,196,-9999,-9999,-9999,35,-9999,0,-9999
2942,2017,5,3,15,202,-9999,-9999,-9999,33,-9999,0,-9999
2943,2017,5,3,16,206,-9999,-9999,-9999,30,-9999,0,-9999
2944,2017,5,3,17,211,-9999,-9999,-9999,28,-9999,0,-9999
2945,2017,5,3,18,214,-9999,-9999,-9999,34,-9999,0,-9999
2946,2017,5,3,19,209,-9999,-9999,-9999,34,-9999,0,-9999
2947,2017,5,3,20,203,-9999,-9999,-9999,41,-9999,0,-9999
2948,2017,5,3,21,198,-9999,-9999,-9999,42,-9999,0,-9999
2949,2017,5,3,22,191,-9999,-9999,-9999,42,-9999,0,-9999
2950,2017,5,3,23,179,-9999,-9999,-9999,37,-9999,0,-9999
2951,2017,5,4,0,164,-9999,-9999,-9999,34,-9999,0,-9999
2952,2017,5,4,1,155,-9999,-9999,-9999,20,-9999,0,-9999
2953,2017,5,4,2,151,-9999,-9999,-9999,13,-9999,0,-9999
2954,2017,5,4,3,151,-9999,-9999,-9999,13,-9999,0,-9999
2955,2017,5,4,4,153,-9999,-9999,-9999,20,-9999,0,-9999
2956,2017,5,4,5,151,-9999,-9999,-9999,21,-9999,0,-9999
2957,2017,5,4,6,150,-9999,-9999,-9999,20,-9999,0,-9999
2958,2017,5,4,7,154,-9999,-9999,-9999,24,-9999,0,-9999
2959,2017,5,4,8,151,-9999,-9999,-9999,21,-9999,0,-9999
2960,2017,5,4,9,149,-9999,-9999,-9999,21,-9999,0,-9999
2961,2017,5,4,10,148,-9999,-9999,-9999,19,-9999,0,-9999
2962,2017,5,4,11,149,-9999,-9999,-9999,31,-9999,0,-9999
2963,2017,5,4,12,157,-9999,-9999,-9999,40,-9999,0,-9999
2964,2017,5,4,13,160,-9999,-9999,-9999,44,-9999,0,-9999
2965,2017,5,4,14,163,-9999,-9999,-9999,43,-9999,0,-9999
2966,2017,5,4,15,169,-9999,-9999,-9999,40,-9999,0,-9999
2967,2017,5,4,16,170,-9999,-9999,-9999,45,-9999,0,-9999
2968,2017,5,4,17,173,-9999,-9999,-9999,47,-9999,0,-9999
2969,2017,5,4,18,173,-9999,-9999,-9999,50,-9999,0,-9999
2970,2017,5,4,19,171,-9999,-9999,-9999,50,-9999,0,-9999
2971,2017,5,4,20,171,-9999,-9999,-9999,52,-9999,0,-9999
2972,2017,5,4,21,165,-9999,-9999,-9999,55,-9999,0,-9999
2973,2017,5,4,22,165,-9999,-9999,-9999,52,-9999,0,-9999
2974,2017,5,4,23,160,-9999,-9999,-9999,50,-9999,0,-9999
2975,2017,5,5,0,162,-9999,-9999,-9999,39,-9999,0,-9999
2976,2017,5,5,1,166,-9999,-9999,-9999,39,-9999,0,-9999
2977,2017,5,5,2,170,-9999,-9999,-9999,40,-9999,0,-9999
2978,2017,5,5,3,173,-9999,-9999,-9999,42,-9999,0,-9999
2979,2017,5,5,4,176,-9999,-9999,-9999,47,-9999,0,-9999
2980,2017,5,5,5,177,-9999,-9999,-9999,46,-9999,0,-9999
2981,2017,5,5,6,181,-9999,-9999,-9999,45,-9999,0,-9999
2982,2017,5,5,7,180,-9999,-9999,-9999,48,-9999,3,-9999
2983,2017,5,5,8,178,-9999,-9999,-9999,56,-9999,47,-9999
2984,2017,5,5,9,180,-9999,-9999,-9999,60,-9999,7,-9999
2985,2017,5,5,10,185,-9999,-9999,-9999,47,-9999,0,-9999
2986,2017,5,5,11,188,-9999,-9999,-9999,49,-9999,0,-9999
2987,2017,5,5,12,198,-9999,-9999,-9999,44,-9999,0,-9999
2988,2017,5,5,13,196,-9999,-9999,-9999,41,-9999,38,-9999
2989,2017,5,5,14,193,-9999,-9999,-9999,41,-9999,187,-9999
2990,2017,5,5,15,188,-9999,-9999,-9999,34,-9999,46,-9999
2991,2017,5,5,16,188,-9999,-9999,-9999,20,-9999,12,-9999
2992,2017,5,5,17,188,-9999,-9999,-9999,30,-9999,5,-9999
2993,2017,5,5,18,186,-9999,-9999,-9999,31,-9999,2,-9999
2994,2017,5,5,19,185,-9999,-9999,-9999,32,-9999,0,-9999
2995,2017,5,5,20,183,-9999,-9999,-9999,32,-9999,3,-9999
2996,2017,5,5,21,187,-9999,-9999,-9999,42,-9999,0,-9999
2997,2017,5,5,22,189,-9999,-9999,-9999,38,-9999,0,-9999
2998,2017,5,5,23,189,-9999,-9999,-9999,43,-9999,0,-9999
2999,2017,5,6,0,191,-9999,-9999,-9999,43,-9999,0,-9999
3000,2017,5,6,1,188,-9999,-9999,-9999,33,-9999,0,-9999
3001,2017,5,6,2,186,-9999,-9999,-9999,31,-9999,0,-9999
3002,2017,5,6,3,196,-9999,-9999,-9999,31,-9999,0,-9999
3003,2017,5,6,4,189,-9999,-9999,-9999,34,-9999,0,-9999
3004,2017,5,6,5,182,-9999,-9999,-9999,40,-9999,0,-9999
3005,2017,5,6,6,168,-9999,-9999,-9999,45,-9999,0,-9999
3006,2017,5,6,7,156,-9999,-9999,-9999,39,-9999,0,-9999
3007,2017,5,6,8,148,-9999,-9999,-9999,38,-9999,0,-9999
3008,2017,5,6,9,140,-9999,-9999,-9999,34,-9999,0,-9999
3009,2017,5,6,10,135,-9999,-9999,-9999,34,-9999,0,-9999
3010,2017,5,6,11,137,-9999,-9999,-9999,32,-9999,0,-9999
3011,2017,5,6,12,143,-9999,-9999,-9999,38,-9999,0,-9999
3012,2017,5,6,13,149,-9999,-9999,-9999,42,-9999,0,-9999
3013,2017,5,6,14,154,-9999,-9999,-9999,40,-9999,0,-9999
3014,2017,5,6,15,165,-9999,-9999,-9999,38,-9999,0,-9999
3015,2017,5,6,16,173,-9999,-9999,-9999,41,-9999,0,-9999
3016,2017,5,6,17,167,-9999,-9999,-9999,36,-9999,0,-9999
3017,2017,5,6,18,170,-9999,-9999,-9999,39,-9999,0,-9999
3018,2017,5,6,19,152,-9999,-9999,-9999,25,-9999,0,-9999
3019,2017,5,6,20,162,-9999,-9999,-9999,22,-9999,0,-9999
3020,2017,5,6,21,141,-9999,-9999,-9999,26,-9999,0,-9999
3021,2017,5,6,22,131,-9999,-9999,-9999,21,-9999,4,-9999
3022,2017,5,6,23,135,-9999,-9999,-9999,35,-9999,0,-9999
3023,2017,5,7,0,132,-9999,-9999,-9999,23,-9999,0,-9999
3024,2017,5,7,1,137,-9999,-9999,-9999,9,-9999,0,-9999
3025,2017,5,7,2,142,-9999,-9999,-9999,17,-9999,0,-9999
3026,2017,5,7,3,139,-9999,-9999,-9999,16,-9999,0,-9999
3027,2017,5,7,4,140,-9999,-9999,-9999,11,-9999,0,-9999
3028,2017,5,7,5,140,-9999,-9999,-9999,10,-9999,0,-9999
3029,2017,5,7,6,145,-9999,-9999,-9999,15,-9999,2,-9999
3030,2017,5,7,7,138,-9999,-9999,-9999,16,-9999,0,-9999
3031,2017,5,7,8,132,-9999,-9999,-9999,11,-9999,0,-9999
3032,2017,5,7,9,117,-9999,-9999,-9999,10,-9999,0,-9999
3033,2017,5,7,10,116,-9999,-9999,-9999,9,-9999,0,-9999
3034,2017,5,7,11,121,-9999,-9999,-9999,10,-9999,0,-9999
3035,2017,5,7,12,128,-9999,-9999,-9999,31,-9999,0,-9999
3036,2017,5,7,13,135,-9999,-9999,-9999,40,-9999,0,-9999
3037,2017,5,7,14,149,-9999,-9999,-9999,46,-9999,0,-9999
3038,2017,5,7,15,149,-9999,-9999,-9999,48,-9999,0,-9999
3039,2017,5,7,16,159,-9999,-9999,-9999,43,-9999,0,-9999
3040,2017,5,7,17,165,-9999,-9999,-9999,32,-9999,0,-9999
3041,2017,5,7,18,180,-9999,-9999,-9999,32,-9999,0,-9999
3042,2017,5,7,19,177,-9999,-9999,-9999,32,-9999,0,-9999
3043,2017,5,7,20,167,-9999,-9999,-9999,27,-9999,0,-9999
3044,2017,5,7,21,169,-9999,-9999,-9999,23,-9999,0,-9999
3045,2017,5,7,22,168,-9999,-9999,-9999,22,-9999,0,-9999
3046,2017,5,7,23,155,-9999,-9999,-9999,19,-9999,0,-9999
3047,2017,5,8,0,126,-9999,-9999,-9999,25,-9999,5,-9999
3048,2017,5,8,1,130,-9999,-9999,-9999,13,-9999,0,-9999
3049,2017,5,8,2,141,-9999,-9999,-9999,18,-9999,2,-9999
3050,2017,5,8,3,103,-9999,-9999,-9999,14,-9999,16,-9999
3051,2017,5,8,4,125,-9999,-9999,-9999,8,-9999,0,-9999
3052,2017,5,8,5,115,-9999,-9999,-9999,15,-9999,0,-9999
3053,2017,5,8,6,113,-9999,-9999,-9999,12,-9999,0,-9999
3054,2017,5,8,7,105,-9999,-9999,-9999,14,-9999,0,-9999
3055,2017,5,8,8,107,-9999,-9999,-9999,15,-9999,0,-9999
3056,2017,5,8,9,107,-9999,-9999,-9999,22,-9999,0,-9999
3057,2017,5,8,10,88,-9999,-9999,-9999,12,-9999,0,-9999
3058,2017,5,8,11,110,-9999,-9999,-9999,8,-9999,0,-9999
3059,2017,5,8,12,134,-9999,-9999,-9999,20,-9999,0,-9999
3060,2017,5,8,13,140,-9999,-9999,-9999,34,-9999,0,-9999
3061,2017,5,8,14,143,-9999,-9999,-9999,37,-9999,0,-9999
3062,2017,5,8,15,146,-9999,-9999,-9999,38,-9999,0,-9999
3063,2017,5,8,16,150,-9999,-9999,-9999,31,-9999,0,-9999
3064,2017,5,8,17,151,-9999,-9999,-9999,24,-9999,0,-9999
3065,2017,5,8,18,157,-9999,-9999,-9999,25,-9999,0,-9999
3066,2017,5,8,19,155,-9999,-9999,-9999,26,-9999,0,-9999
3067,2017,5,8,20,158,-9999,-9999,-9999,24,-9999,0,-9999
3068,2017,5,8,21,161,-9999,-9999,-9999,26,-9999,0,-9999
3069,2017,5,8,22,159,-9999,-9999,-9999,27,-9999,0,-9999
3070,2017,5,8,23,151,-9999,-9999,-9999,20,-9999,0,-9999
3071,2017,5,9,0,125,-9999,-9999,-9999,10,-9999,0,-9999
3072,2017,5,9,1,135,-9999,-9999,-9999,20,-9999,0,-9999
3073,2017,5,9,2,135,-9999,-9999,-9999,25,-9999,0,-9999
3074,2017,5,9,3,131,-9999,-9999,-9999,21,-9999,0,-9999
3075,2017,5,9,4,133,-9999,-9999,-9999,21,-9999,0,-9999
3076,2017,5,9,5,132,-9999,-9999,-9999,21,-9999,0,-9999
3077,2017,5,9,6,128,-9999,-9999,-9999,18,-9999,0,-9999
3078,2017,5,9,7,120,-9999,-9999,-9999,12,-9999,0,-9999
3079,2017,5,9,8,94,-9999,-9999,-9999,5,-9999,0,-9999
3080,2017,5,9,9,92,-9999,-9999,-9999,8,-9999,0,-9999
3081,2017,5,9,10,86,-9999,-9999,-9999,6,-9999,0,-9999
3082,2017,5,9,11,100,-9999,-9999,-9999,2,-9999,0,-9999
3083,2017,5,9,12,146,-9999,-9999,-9999,6,-9999,0,-9999
3084,2017,5,9,13,149,-9999,-9999,-9999,29,-9999,0,-9999
3085,2017,5,9,14,161,-9999,-9999,-9999,37,-9999,0,-9999
3086,2017,5,9,15,164,-9999,-9999,-9999,39,-9999,0,-9999
3087,2017,5,9,16,170,-9999,-9999,-9999,41,-9999,0,-9999
3088,2017,5,9,17,176,-9999,-9999,-9999,34,-9999,0,-9999
3089,2017,5,9,18,179,-9999,-9999,-9999,33,-9999,0,-9999
3090,2017,5,9,19,177,-9999,-9999,-9999,29,-9999,0,-9999
3091,2017,5,9,20,179,-9999,-9999,-9999,20,-9999,0,-9999
3092,2017,5,9,21,182,-9999,-9999,-9999,19,-9999,0,-9999
3093,2017,5,9,22,180,-9999,-9999,-9999,13,-9999,0,-9999
3094,2017,5,9,23,165,-9999,-9999,-9999,13,-9999,0,-9999
3095,2017,5,10,0,152,-9999,-9999,-9999,15,-9999,0,-9999
3096,2017,5,10,1,148,-9999,-9999,-9999,9,-9999,0,-9999
3097,2017,5,10,2,149,-9999,-9999,-9999,9,-9999,0,-9999
3098,2017,5,10,3,148,-9999,-9999,-9999,18,-9999,0,-9999
3099,2017,5,10,4,149,-9999,-9999,-9999,21,-9999,0,-9999
3100,2017,5,10,5,148,-9999,-9999,-9999,22,-9999,0,-9999
3101,2017,5,10,6,143,-9999,-9999,-9999,14,-9999,0,-9999
3102,2017,5,10,7,138,-9999,-9999,-9999,11,-9999,0,-9999
3103,2017,5,10,8,129,-9999,-9999,-9999,9,-9999,0,-9999
3104,2017,5,10,9,127,-9999,-9999,-9999,4,-9999,0,-9999
3105,2017,5,10,10,124,-9999,-9999,-9999,2,-9999,0,-9999
3106,2017,5,10,11,137,-9999,-9999,-9999,1,-9999,0,-9999
3107,2017,5,10,12,159,-9999,-9999,-9999,13,-9999,0,-9999
3108,2017,5,10,13,168,-9999,-9999,-9999,17,-9999,0,-9999
3109,2017,5,10,14,179,-9999,-9999,-9999,25,-9999,0,-9999
3110,2017,5,10,15,184,-9999,-9999,-9999,27,-9999,0,-9999
3111,2017,5,10,16,188,-9999,-9999,-9999,29,-9999,0,-9999
3112,2017,5,10,17,191,-9999,-9999,-9999,25,-9999,0,-9999
3113,2017,5,10,18,197,-9999,-9999,-9999,19,-9999,0,-9999
3114,2017,5,10,19,201,-9999,-9999,-9999,29,-9999,0,-9999
3115,2017,5,10,20,202,-9999,-9999,-9999,30,-9999,0,-9999
3116,2017,5,10,21,187,-9999,-9999,-9999,30,-9999,0,-9999
3117,2017,5,10,22,181,-9999,-9999,-9999,31,-9999,0,-9999
3118,2017,5,10,23,172,-9999,-9999,-9999,28,-9999,0,-9999
3119,2017,5,11,0,169,-9999,-9999,-9999,27,-9999,0,-9999
3120,2017,5,11,1,167,-9999,-9999,-9999,29,-9999,0,-9999
3121,2017,5,11,2,166,-9999,-9999,-9999,25,-9999,0,-9999
3122,2017,5,11,3,164,-9999,-9999,-9999,17,-9999,0,-9999
3123,2017,5,11,4,165,-9999,-9999,-9999,17,-9999,0,-9999
3124,2017,5,11,5,166,-9999,-9999,-9999,17,-9999,0,-9999
3125,2017,5,11,6,156,-9999,-9999,-9999,6,-9999,0,-9999
3126,2017,5,11,7,159,-9999,-9999,-9999,3,-9999,0,-9999
3127,2017,5,11,8,152,-9999,-9999,-9999,7,-9999,0,-9999
3128,2017,5,11,9,152,-9999,-9999,-9999,15,-9999,0,-9999
3129,2017,5,11,10,156,-9999,-9999,-9999,18,-9999,0,-9999
3130,2017,5,11,11,159,-9999,-9999,-9999,24,-9999,0,-9999
3131,2017,5,11,12,159,-9999,-9999,-9999,21,-9999,0,-9999
3132,2017,5,11,13,153,-9999,-9999,-9999,26,-9999,0,-9999
3133,2017,5,11,14,147,-9999,-9999,-9999,35,-9999,0,-9999
3134,2017,5,11,15,144,-9999,-9999,-9999,39,-9999,0,-9999
3135,2017,5,11,16,144,-9999,-9999,-9999,40,-9999,10,-9999
3136,2017,5,11,17,134,-9999,-9999,-9999,49,-9999,27,-9999
3137,2017,5,11,18,136,-9999,-9999,-9999,38,-9999,41,-9999
3138,2017,5,11,19,136,-9999,-9999,-9999,42,-9999,0,-9999
3139,2017,5,11,20,133,-9999,-9999,-9999,45,-9999,0,-9999
3140,2017,5,11,21,130,-9999,-9999,-9999,46,-9999,0,-9999
3141,2017,5,11,22,127,-9999,-9999,-9999,53,-9999,4,-9999
3142,2017,5,11,23,127,-9999,-9999,-9999,50,-9999,4,-9999
3143,2017,5,12,0,123,-9999,-9999,-9999,57,-9999,0,-9999
3144,2017,5,12,1,119,-9999,-9999,-9999,54,-9999,15,-9999
3145,2017,5,12,2,116,-9999,-9999,-9999,56,-9999,6,-9999
3146,2017,5,12,3,123,-9999,-9999,-9999,56,-9999,0,-9999
3147,2017,5,12,4,123,-9999,-9999,-9999,54,-9999,0,-9999
3148,2017,5,12,5,128,-9999,-9999,-9999,44,-9999,0,-9999
3149,2017,5,12,6,127,-9999,-9999,-9999,40,-9999,3,-9999
3150,2017,5,12,7,127,-9999,-9999,-9999,38,-9999,2,-9999
3151,2017,5,12,8,126,-9999,-9999,-9999,30,-9999,4,-9999
3152,2017,5,12,9,125,-9999,-9999,-9999,33,-9999,0,-9999
3153,2017,5,12,10,128,-9999,-9999,-9999,35,-9999,0,-9999
3154,2017,5,12,11,130,-9999,-9999,-9999,39,-9999,0,-9999
3155,2017,5,12,12,135,-9999,-9999,-9999,41,-9999,6,-9999
3156,2017,5,12,13,134,-9999,-9999,-9999,47,-9999,5,-9999
3157,2017,5,12,14,130,-9999,-9999,-9999,50,-9999,5,-9999
3158,2017,5,12,15,126,-9999,-9999,-9999,52,-9999,0,-9999
3159,2017,5,12,16,121,-9999,-9999,-9999,51,-9999,7,-9999
3160,2017,5,12,17,116,-9999,-9999,-9999,51,-9999,6,-9999
3161,2017,5,12,18,115,-9999,-9999,-9999,47,-9999,6,-9999
3162,2017,5,12,19,113,-9999,-9999,-9999,47,-9999,18,-9999
3163,2017,5,12,20,114,-9999,-9999,-9999,51,-9999,22,-9999
3164,2017,5,12,21,112,-9999,-9999,-9999,51,-9999,37,-9999
3165,2017,5,12,22,113,-9999,-9999,-9999,51,-9999,36,-9999
3166,2017,5,12,23,114,-9999,-9999,-9999,53,-9999,16,-9999
3167,2017,5,13,0,117,-9999,-9999,-9999,52,-9999,7,-9999
3168,2017,5,13,1,119,-9999,-9999,-9999,57,-9999,15,-9999
3169,2017,5,13,2,122,-9999,-9999,-9999,53,-9999,73,-9999
3170,2017,5,13,3,127,-9999,-9999,-9999,58,-9999,34,-9999
3171,2017,5,13,4,133,-9999,-9999,-9999,50,-9999,38,-9999
3172,2017,5,13,5,137,-9999,-9999,-9999,43,-9999,17,-9999
3173,2017,5,13,6,146,-9999,-9999,-9999,25,-9999,14,-9999
3174,2017,5,13,7,151,-9999,-9999,-9999,13,-9999,15,-9999
3175,2017,5,13,8,159,-9999,-9999,-9999,12,-9999,11,-9999
3176,2017,5,13,9,158,-9999,-9999,-9999,9,-9999,5,-9999
3177,2017,5,13,10,156,-9999,-9999,-9999,2,-9999,3,-9999
3178,2017,5,13,11,158,-9999,-9999,-9999,3,-9999,0,-9999
3179,2017,5,13,12,156,-9999,-9999,-9999,16,-9999,14,-9999
3180,2017,5,13,13,140,-9999,-9999,-9999,46,-9999,0,-9999
3181,2017,5,13,14,140,-9999,-9999,-9999,47,-9999,4,-9999
3182,2017,5,13,15,138,-9999,-9999,-9999,50,-9999,0,-9999
3183,2017,5,13,16,145,-9999,-9999,-9999,52,-9999,24,-9999
3184,2017,5,13,17,140,-9999,-9999,-9999,49,-9999,2,-9999
3185,2017,5,13,18,144,-9999,-9999,-9999,43,-9999,3,-9999
3186,2017,5,13,19,149,-9999,-9999,-9999,46,-9999,0,-9999
3187,2017,5,13,20,148,-9999,-9999,-9999,48,-9999,2,-9999
3188,2017,5,13,21,148,-9999,-9999,-9999,44,-9999,0,-9999
3189,2017,5,13,22,146,-9999,-9999,-9999,48,-9999,0,-9999
3190,2017,5,13,23,145,-9999,-9999,-9999,55,-9999,0,-9999
3191,2017,5,14,0,143,-9999,-9999,-9999,52,-9999,0,-9999
3192,2017,5,14,1,143,-9999,-9999,-9999,47,-9999,0,-9999
3193,2017,5,14,2,139,-9999,-9999,-9999,41,-9999,0,-9999
3194,2017,5,14,3,133,-9999,-9999,-9999,35,-9999,0,-9999
3195,2017,5,14,4,132,-9999,-9999,-9999,43,-9999,0,-9999
3196,2017,5,14,5,126,-9999,-9999,-9999,33,-9999,0,-9999
3197,2017,5,14,6,118,-9999,-9999,-9999,23,-9999,0,-9999
3198,2017,5,14,7,113,-9999,-9999,-9999,18,-9999,0,-9999
3199,2017,5,14,8,101,-9999,-9999,-9999,8,-9999,0,-9999
3200,2017,5,14,9,102,-9999,-9999,-9999,10,-9999,0,-9999
3201,2017,5,14,10,109,-9999,-9999,-9999,7,-9999,0,-9999
3202,2017,5,14,11,120,-9999,-9999,-9999,1,-9999,0,-9999
3203,2017,5,14,12,142,-9999,-9999,-9999,10,-9999,0,-9999
3204,2017,5,14,13,160,-9999,-9999,-9999,17,-9999,14,-9999
3205,2017,5,14,14,172,-9999,-9999,-9999,26,-9999,0,-9999
3206,2017,5,14,15,184,-9999,-9999,-9999,27,-9999,0,-9999
3207,2017,5,14,16,201,-9999,-9999,-9999,32,-9999,0,-9999
3208,2017,5,14,17,220,-9999,-9999,-9999,35,-9999,0,-9999
3209,2017,5,14,18,234,-9999,-9999,-9999,31,-9999,0,-9999
3210,2017,5,14,19,244,-9999,-9999,-9999,32,-9999,0,-9999
3211,2017,5,14,20,251,-9999,-9999,-9999,29,-9999,0,-9999
3212,2017,5,14,21,254,-9999,-9999,-9999,25,-9999,0,-9999
3213,2017,5,14,22,247,-9999,-9999,-9999,22,-9999,0,-9999
3214,2017,5,14,23,241,-9999,-9999,-9999,19,-9999,0,-9999
3215,2017,5,15,0,227,-9999,-9999,-9999,12,-9999,0,-9999
3216,2017,5,15,1,226,-9999,-9999,-9999,10,-9999,0,-9999
3217,2017,5,15,2,224,-9999,-9999,-9999,18,-9999,0,-9999
3218,2017,5,15,3,221,-9999,-9999,-9999,21,-9999,0,-9999
3219,2017,5,15,4,212,-9999,-9999,-9999,24,-9999,0,-9999
3220,2017,5,15,5,211,-9999,-9999,-9999,27,-9999,0,-9999
3221,2017,5,15,6,191,-9999,-9999,-9999,44,-9999,0,-9999
3222,2017,5,15,7,181,-9999,-9999,-9999,48,-9999,0,-9999
3223,2017,5,15,8,170,-9999,-9999,-9999,53,-9999,0,-9999
3224,2017,5,15,9,164,-9999,-9999,-9999,49,-9999,0,-9999
3225,2017,5,15,10,154,-9999,-9999,-9999,44,-9999,0,-9999
3226,2017,5,15,11,148,-9999,-9999,-9999,38,-9999,0,-9999
3227,2017,5,15,12,158,-9999,-9999,-9999,48,-9999,0,-9999
3228,2017,5,15,13,164,-9999,-9999,-9999,53,-9999,0,-9999
3229,2017,5,15,14,169,-9999,-9999,-9999,56,-9999,0,-9999
3230,2017,5,15,15,178,-9999,-9999,-9999,49,-9999,0,-9999
3231,2017,5,15,16,186,-9999,-9999,-9999,45,-9999,0,-9999
3232,2017,5,15,17,197,-9999,-9999,-9999,47,-9999,0,-9999
3233,2017,5,15,18,207,-9999,-9999,-9999,55,-9999,0,-9999
3234,2017,5,15,19,217,-9999,-9999,-9999,54,-9999,0,-9999
3235,2017,5,15,20,221,-9999,-9999,-9999,51,-9999,0,-9999
3236,2017,5,15,21,216,-9999,-9999,-9999,41,-9999,0,-9999
3237,2017,5,15,22,215,-9999,-9999,-9999,33,-9999,0,-9999
3238,2017,5,15,23,208,-9999,-9999,-9999,25,-9999,0,-9999
3239,2017,5,16,0,177,-9999,-9999,-9999,11,-9999,0,-9999
3240,2017,5,16,1,144,-9999,-9999,-9999,2,-9999,0,-9999
3241,2017,5,16,2,133,-9999,-9999,-9999,2,-9999,0,-9999
3242,2017,5,16,3,122,-9999,-9999,-9999,3,-9999,0,-9999
3243,2017,5,16,4,129,-9999,-9999,-9999,7,-9999,0,-9999
3244,2017,5,16,5,137,-9999,-9999,-9999,8,-9999,0,-9999
3245,2017,5,16,6,128,-9999,-9999,-9999,8,-9999,0,-9999
3246,2017,5,16,7,154,-9999,-9999,-9999,9,-9999,0,-9999
3247,2017,5,16,8,152,-9999,-9999,-9999,10,-9999,0,-9999
3248,2017,5,16,9,146,-9999,-9999,-9999,9,-9999,0,-9999
3249,2017,5,16,10,139,-9999,-9999,-9999,9,-9999,0,-9999
3250,2017,5,16,11,147,-9999,-9999,-9999,7,-9999,0,-9999
3251,2017,5,16,12,177,-9999,-9999,-9999,11,-9999,0,-9999
3252,2017,5,16,13,190,-9999,-9999,-9999,16,-9999,0,-9999
3253,2017,5,16,14,202,-9999,-9999,-9999,16,-9999,0,-9999
3254,2017,5,16,15,208,-9999,-9999,-9999,15,-9999,0,-9999
3255,2017,5,16,16,212,-9999,-9999,-9999,21,-9999,0,-9999
3256,2017,5,16,17,208,-9999,-9999,-9999,21,-9999,0,-9999
3257,2017,5,16,18,207,-9999,-9999,-9999,26,-9999,0,-9999
3258,2017,5,16,19,217,-9999,-9999,-9999,24,-9999,0,-9999
3259,2017,5,16,20,228,-9999,-9999,-9999,24,-9999,0,-9999
3260,2017,5,16,21,226,-9999,-9999,-9999,26,-9999,0,-9999
3261,2017,5,16,22,214,-9999,-9999,-9999,33,-9999,0,-9999
3262,2017,5,16,23,210,-9999,-9999,-9999,18,-9999,0,-9999
3263,2017,5,17,0,191,-9999,-9999,-9999,14,-9999,0,-9999
3264,2017,5,17,1,185,-9999,-9999,-9999,15,-9999,0,-9999
3265,2017,5,17,2,189,-9999,-9999,-9999,15,-9999,0,-9999
3266,2017,5,17,3,183,-9999,-9999,-9999,17,-9999,0,-9999
3267,2017,5,17,4,183,-9999,-9999,-9999,12,-9999,0,-9999
3268,2017,5,17,5,180,-9999,-9999,-9999,4,-9999,0,-9999
3269,2017,5,17,6,195,-9999,-9999,-9999,15,-9999,0,-9999
3270,2017,5,17,7,196,-9999,-9999,-9999,16,-9999,0,-9999
3271,2017,5,17,8,193,-9999,-9999,-9999,15,-9999,0,-9999
3272,2017,5,17,9,189,-9999,-9999,-9999,5,-9999,0,-9999
3273,2017,5,17,10,183,-9999,-9999,-9999,1,-9999,0,-9999
3274,2017,5,17,11,191,-9999,-9999,-9999,4,-9999,0,-9999
3275,2017,5,17,12,220,-9999,-9999,-9999,11,-9999,0,-9999
3276,2017,5,17,13,237,-9999,-9999,-9999,22,-9999,0,-9999
3277,2017,5,17,14,255,-9999,-9999,-9999,22,-9999,0,-9999
3278,2017,5,17,15,267,-9999,-9999,-9999,25,-9999,0,-9999
3279,2017,5,17,16,281,-9999,-9999,-9999,24,-9999,0,-9999
3280,2017,5,17,17,297,-9999,-9999,-9999,22,-9999,0,-9999
3281,2017,5,17,18,283,-9999,-9999,-9999,24,-9999,0,-9999
3282,2017,5,17,19,293,-9999,-9999,-9999,24,-9999,0,-9999
3283,2017,5,17,20,291,-9999,-9999,-9999,24,-9999,0,-9999
3284,2017,5,17,21,285,-9999,-9999,-9999,25,-9999,0,-9999
3285,2017,5,17,22,279,-9999,-9999,-9999,21,-9999,0,-9999
3286,2017,5,17,23,266,-9999,-9999,-9999,16,-9999,0,-9999
3287,2017,5,18,0,250,-9999,-9999,-9999,7,-9999,0,-9999
3288,2017,5,18,1,253,-9999,-9999,-9999,3,-9999,0,-9999
3289,2017,5,18,2,258,-9999,-9999,-9999,13,-9999,0,-9999
3290,2017,5,18,3,254,-9999,-9999,-9999,16,-9999,0,-9999
3291,2017,5,18,4,254,-9999,-9999,-9999,14,-9999,0,-9999
3292,2017,5,18,5,248,-9999,-9999,-9999,21,-9999,0,-9999
3293,2017,5,18,6,247,-9999,-9999,-9999,33,-9999,0,-9999
3294,2017,5,18,7,237,-9999,-9999,-9999,30,-9999,0,-9999
3295,2017,5,18,8,230,-9999,-9999,-9999,26,-9999,0,-9999
3296,2017,5,18,9,226,-9999,-9999,-9999,21,-9999,0,-9999
3297,2017,5,18,10,223,-9999,-9999,-9999,22,-9999,0,-9999
3298,2017,5,18,11,222,-9999,-9999,-9999,19,-9999,0,-9999
3299,2017,5,18,12,226,-9999,-9999,-9999,23,-9999,0,-9999
3300,2017,5,18,13,242,-9999,-9999,-9999,28,-9999,0,-9999
3301,2017,5,18,14,-9999,-9999,-9999,-9999,27,-9999,-9999,-9999
3302,2017,5,18,15,-9999,-9999,-9999,-9999,30,-9999,-9999,-9999
3303,2017,5,18,16,-9999,-9999,-9999,-9999,29,-9999,-9999,-9999
3304,2017,5,18,17,267,-9999,-9999,-9999,34,-9999,0,-9999
3305,2017,5,18,18,283,-9999,-9999,-9999,37,-9999,0,-9999
3306,2017,5,18,19,291,-9999,-9999,-9999,42,-9999,0,-9999
3307,2017,5,18,20,286,-9999,-9999,-9999,33,-9999,0,-9999
3308,2017,5,18,21,294,-9999,-9999,-9999,31,-9999,0,-9999
3309,2017,5,18,22,291,-9999,-9999,-9999,31,-9999,0,-9999
3310,2017,5,18,23,281,-9999,-9999,-9999,28,-9999,0,-9999
3311,2017,5,19,0,265,-9999,-9999,-9999,24,-9999,0,-9999
3312,2017,5,19,1,259,-9999,-9999,-9999,29,-9999,0,-9999
3313,2017,5,19,2,257,-9999,-9999,-9999,26,-9999,0,-9999
3314,2017,5,19,3,252,-9999,-9999,-9999,27,-9999,0,-9999
3315,2017,5,19,4,243,-9999,-9999,-9999,27,-9999,0,-9999
3316,2017,5,19,5,235,-9999,-9999,-9999,31,-9999,0,-9999
3317,2017,5,19,6,232,-9999,-9999,-9999,33,-9999,0,-9999
3318,2017,5,19,7,227,-9999,-9999,-9999,33,-9999,0,-9999
3319,2017,5,19,8,222,-9999,-9999,-9999,33,-9999,0,-9999
3320,2017,5,19,9,220,-9999,-9999,-9999,35,-9999,0,-9999
3321,2017,5,19,10,216,-9999,-9999,-9999,37,-9999,0,-9999
3322,2017,5,19,11,218,-9999,-9999,-9999,38,-9999,0,-9999
3323,2017,5,19,12,226,-9999,-9999,-9999,38,-9999,0,-9999
3324,2017,5,19,13,236,-9999,-9999,-9999,32,-9999,0,-9999
3325,2017,5,19,14,251,-9999,-9999,-9999,32,-9999,0,-9999
3326,2017,5,19,15,261,-9999,-9999,-9999,31,-9999,0,-9999
3327,2017,5,19,16,271,-9999,-9999,-9999,29,-9999,0,-9999
3328,2017,5,19,17,276,-9999,-9999,-9999,30,-9999,0,-9999
3329,2017,5,19,18,285,-9999,-9999,-9999,29,-9999,0,-9999
3330,2017,5,19,19,292,-9999,-9999,-9999,26,-9999,0,-9999
3331,2017,5,19,20,302,-9999,-9999,-9999,26,-9999,0,-9999
3332,2017,5,19,21,290,-9999,-9999,-9999,25,-9999,0,-9999
3333,2017,5,19,22,274,-9999,-9999,-9999,25,-9999,0,-9999
3334,2017,5,19,23,256,-9999,-9999,-9999,25,-9999,0,-9999
3335,2017,5,20,0,254,-9999,-9999,-9999,23,-9999,0,-9999
3336,2017,5,20,1,244,-9999,-9999,-9999,18,-9999,0,-9999
3337,2017,5,20,2,236,-9999,-9999,-9999,15,-9999,0,-9999
3338,2017,5,20,3,229,-9999,-9999,-9999,11,-9999,0,-9999
3339,2017,5,20,4,229,-9999,-9999,-9999,17,-9999,0,-9999
3340,2017,5,20,5,235,-9999,-9999,-9999,13,-9999,0,-9999
3341,2017,5,20,6,227,-9999,-9999,-9999,12,-9999,0,-9999
3342,2017,5,20,7,224,-9999,-9999,-9999,16,-9999,0,-9999
3343,2017,5,20,8,216,-9999,-9999,-9999,11,-9999,0,-9999
3344,2017,5,20,9,213,-9999,-9999,-9999,10,-9999,0,-9999
3345,2017,5,20,10,212,-9999,-9999,-9999,10,-9999,0,-9999
3346,2017,5,20,11,216,-9999,-9999,-9999,13,-9999,0,-9999
3347,2017,5,20,12,227,-9999,-9999,-9999,15,-9999,0,-9999
3348,2017,5,20,13,203,-9999,-9999,-9999,32,-9999,0,-9999
3349,2017,5,20,14,200,-9999,-9999,-9999,51,-9999,0,-9999
3350,2017,5,20,15,193,-9999,-9999,-9999,56,-9999,0,-9999
3351,2017,5,20,16,186,-9999,-9999,-9999,59,-9999,0,-9999
3352,2017,5,20,17,185,-9999,-9999,-9999,56,-9999,0,-9999
3353,2017,5,20,18,176,-9999,-9999,-9999,68,-9999,0,-9999
3354,2017,5,20,19,173,-9999,-9999,-9999,64,-9999,0,-9999
3355,2017,5,20,20,164,-9999,-9999,-9999,58,-9999,0,-9999
3356,2017,5,20,21,161,-9999,-9999,-9999,57,-9999,0,-9999
3357,2017,5,20,22,157,-9999,-9999,-9999,52,-9999,0,-9999
3358,2017,5,20,23,155,-9999,-9999,-9999,56,-9999,0,-9999
3359,2017,5,21,0,149,-9999,-9999,-9999,57,-9999,0,-9999
3360,2017,5,21,1,147,-9999,-9999,-9999,52,-9999,0,-9999
3361,2017,5,21,2,147,-9999,-9999,-9999,48,-9999,0,-9999
3362,2017,5,21,3,145,-9999,-9999,-9999,53,-9999,0,-9999
3363,2017,5,21,4,144,-9999,-9999,-9999,42,-9999,0,-9999
3364,2017,5,21,5,143,-9999,-9999,-9999,36,-9999,0,-9999
3365,2017,5,21,6,143,-9999,-9999,-9999,38,-9999,0,-9999
3366,2017,5,21,7,144,-9999,-9999,-9999,38,-9999,0,-9999
3367,2017,5,21,8,145,-9999,-9999,-9999,37,-9999,0,-9999
3368,2017,5,21,9,146,-9999,-9999,-9999,38,-9999,0,-9999
3369,2017,5,21,10,147,-9999,-9999,-9999,41,-9999,0,-9999
3370,2017,5,21,11,153,-9999,-9999,-9999,44,-9999,0,-9999
3371,2017,5,21,12,161,-9999,-9999,-9999,32,-9999,0,-9999
3372,2017,5,21,13,166,-9999,-9999,-9999,31,-9999,0,-9999
3373,2017,5,21,14,163,-9999,-9999,-9999,33,-9999,0,-9999
3374,2017,5,21,15,173,-9999,-9999,-9999,40,-9999,0,-9999
3375,2017,5,21,16,181,-9999,-9999,-9999,44,-9999,0,-9999
3376,2017,5,21,17,176,-9999,-9999,-9999,41,-9999,0,-9999
3377,2017,5,21,18,171,-9999,-9999,-9999,47,-9999,0,-9999
3378,2017,5,21,19,169,-9999,-9999,-9999,40,-9999,0,-9999
3379,2017,5,21,20,167,-9999,-9999,-9999,37,-9999,0,-9999
3380,2017,5,21,21,165,-9999,-9999,-9999,37,-9999,0,-9999
3381,2017,5,21,22,163,-9999,-9999,-9999,37,-9999,0,-9999
3382,2017,5,21,23,163,-9999,-9999,-9999,36,-9999,0,-9999
3383,2017,5,22,0,162,-9999,-9999,-9999,34,-9999,0,-9999
3384,2017,5,22,1,162,-9999,-9999,-9999,29,-9999,0,-9999
3385,2017,5,22,2,166,-9999,-9999,-9999,22,-9999,0,-9999
3386,2017,5,22,3,167,-9999,-9999,-9999,24,-9999,0,-9999
3387,2017,5,22,4,170,-9999,-9999,-9999,21,-9999,0,-9999
3388,2017,5,22,5,172,-9999,-9999,-9999,17,-9999,0,-9999
3389,2017,5,22,6,178,-9999,-9999,-9999,10,-9999,0,-9999
3390,2017,5,22,7,190,-9999,-9999,-9999,14,-9999,0,-9999
3391,2017,5,22,8,191,-9999,-9999,-9999,17,-9999,0,-9999
3392,2017,5,22,9,196,-9999,-9999,-9999,21,-9999,0,-9999
3393,2017,5,22,10,190,-9999,-9999,-9999,18,-9999,0,-9999
3394,2017,5,22,11,191,-9999,-9999,-9999,20,-9999,0,-9999
3395,2017,5,22,12,193,-9999,-9999,-9999,20,-9999,0,-9999
3396,2017,5,22,13,197,-9999,-9999,-9999,22,-9999,3,-9999
3397,2017,5,22,14,206,-9999,-9999,-9999,22,-9999,0,-9999
3398,2017,5,22,15,214,-9999,-9999,-9999,25,-9999,0,-9999
3399,2017,5,22,16,209,-9999,-9999,-9999,26,-9999,0,-9999
3400,2017,5,22,17,203,-9999,-9999,-9999,23,-9999,0,-9999
3401,2017,5,22,18,205,-9999,-9999,-9999,19,-9999,0,-9999
3402,2017,5,22,19,220,-9999,-9999,-9999,21,-9999,0,-9999
3403,2017,5,22,20,206,-9999,-9999,-9999,23,-9999,0,-9999
3404,2017,5,22,21,194,-9999,-9999,-9999,26,-9999,32,-9999
3405,2017,5,22,22,194,-9999,-9999,-9999,29,-9999,250,-9999
3406,2017,5,22,23,199,-9999,-9999,-9999,38,-9999,18,-9999
3407,2017,5,23,0,198,-9999,-9999,-9999,36,-9999,0,-9999
3408,2017,5,23,1,194,-9999,-9999,-9999,25,-9999,0,-9999
3409,2017,5,23,2,196,-9999,-9999,-9999,22,-9999,0,-9999
3410,2017,5,23,3,195,-9999,-9999,-9999,19,-9999,0,-9999
3411,2017,5,23,4,192,-9999,-9999,-9999,26,-9999,0,-9999
3412,2017,5,23,5,188,-9999,-9999,-9999,21,-9999,0,-9999
3413,2017,5,23,6,188,-9999,-9999,-9999,15,-9999,0,-9999
3414,2017,5,23,7,184,-9999,-9999,-9999,20,-9999,0,-9999
3415,2017,5,23,8,181,-9999,-9999,-9999,11,-9999,0,-9999
3416,2017,5,23,9,182,-9999,-9999,-9999,13,-9999,0,-9999
3417,2017,5,23,10,183,-9999,-9999,-9999,14,-9999,0,-9999
3418,2017,5,23,11,188,-9999,-9999,-9999,14,-9999,0,-9999
3419,2017,5,23,12,186,-9999,-9999,-9999,23,-9999,0,-9999
3420,2017,5,23,13,180,-9999,-9999,-9999,31,-9999,0,-9999
3421,2017,5,23,14,177,-9999,-9999,-9999,32,-9999,5,-9999
3422,2017,5,23,15,172,-9999,-9999,-9999,38,-9999,3,-9999
3423,2017,5,23,16,168,-9999,-9999,-9999,40,-9999,0,-9999
3424,2017,5,23,17,168,-9999,-9999,-9999,37,-9999,7,-9999
3425,2017,5,23,18,165,-9999,-9999,-9999,37,-9999,5,-9999
3426,2017,5,23,19,161,-9999,-9999,-9999,40,-9999,0,-9999
3427,2017,5,23,20,160,-9999,-9999,-9999,43,-9999,0,-9999
3428,2017,5,23,21,159,-9999,-9999,-9999,44,-9999,0,-9999
3429,2017,5,23,22,157,-9999,-9999,-9999,44,-9999,2,-9999
3430,2017,5,23,23,157,-9999,-9999,-9999,37,-9999,21,-9999
3431,2017,5,24,0,156,-9999,-9999,-9999,40,-9999,23,-9999
3432,2017,5,24,1,155,-9999,-9999,-9999,40,-9999,95,-9999
3433,2017,5,24,2,155,-9999,-9999,-9999,41,-9999,45,-9999
3434,2017,5,24,3,154,-9999,-9999,-9999,48,-9999,12,-9999
3435,2017,5,24,4,157,-9999,-9999,-9999,46,-9999,11,-9999
3436,2017,5,24,5,158,-9999,-9999,-9999,43,-9999,12,-9999
3437,2017,5,24,6,155,-9999,-9999,-9999,34,-9999,6,-9999
3438,2017,5,24,7,154,-9999,-9999,-9999,34,-9999,2,-9999
3439,2017,5,24,8,155,-9999,-9999,-9999,32,-9999,0,-9999
3440,2017,5,24,9,155,-9999,-9999,-9999,27,-9999,0,-9999
3441,2017,5,24,10,152,-9999,-9999,-9999,26,-9999,0,-9999
3442,2017,5,24,11,155,-9999,-9999,-9999,35,-9999,0,-9999
3443,2017,5,24,12,154,-9999,-9999,-9999,37,-9999,0,-9999
3444,2017,5,24,13,157,-9999,-9999,-9999,37,-9999,0,-9999
3445,2017,5,24,14,160,-9999,-9999,-9999,33,-9999,0,-9999
3446,2017,5,24,15,161,-9999,-9999,-9999,35,-9999,0,-9999
3447,2017,5,24,16,161,-9999,-9999,-9999,31,-9999,0,-9999
3448,2017,5,24,17,164,-9999,-9999,-9999,29,-9999,0,-9999
3449,2017,5,24,18,164,-9999,-9999,-9999,26,-9999,0,-9999
3450,2017,5,24,19,161,-9999,-9999,-9999,25,-9999,0,-9999
3451,2017,5,24,20,161,-9999,-9999,-9999,25,-9999,0,-9999
3452,2017,5,24,21,159,-9999,-9999,-9999,34,-9999,0,-9999
3453,2017,5,24,22,152,-9999,-9999,-9999,40,-9999,0,-9999
3454,2017,5,24,23,148,-9999,-9999,-9999,40,-9999,0,-9999
3455,2017,5,25,0,148,-9999,-9999,-9999,45,-9999,0,-9999
3456,2017,5,25,1,148,-9999,-9999,-9999,44,-9999,0,-9999
3457,2017,5,25,2,149,-9999,-9999,-9999,45,-9999,0,-9999
3458,2017,5,25,3,147,-9999,-9999,-9999,37,-9999,75,-9999
3459,2017,5,25,4,147,-9999,-9999,-9999,39,-9999,7,-9999
3460,2017,5,25,5,153,-9999,-9999,-9999,33,-9999,2,-9999
3461,2017,5,25,6,167,-9999,-9999,-9999,28,-9999,9,-9999
3462,2017,5,25,7,181,-9999,-9999,-9999,30,-9999,2,-9999
3463,2017,5,25,8,182,-9999,-9999,-9999,26,-9999,0,-9999
3464,2017,5,25,9,185,-9999,-9999,-9999,26,-9999,0,-9999
3465,2017,5,25,10,189,-9999,-9999,-9999,29,-9999,0,-9999
3466,2017,5,25,11,188,-9999,-9999,-9999,27,-9999,0,-9999
3467,2017,5,25,12,187,-9999,-9999,-9999,24,-9999,0,-9999
3468,2017,5,25,13,208,-9999,-9999,-9999,23,-9999,0,-9999
3469,2017,5,25,14,227,-9999,-9999,-9999,31,-9999,0,-9999
3470,2017,5,25,15,229,-9999,-9999,-9999,30,-9999,0,-9999
3471,2017,5,25,16,237,-9999,-9999,-9999,24,-9999,0,-9999
3472,2017,5,25,17,233,-9999,-9999,-9999,20,-9999,0,-9999
3473,2017,5,25,18,235,-9999,-9999,-9999,22,-9999,0,-9999
3474,2017,5,25,19,235,-9999,-9999,-9999,17,-9999,0,-9999
3475,2017,5,25,20,211,-9999,-9999,-9999,19,-9999,0,-9999
3476,2017,5,25,21,193,-9999,-9999,-9999,27,-9999,5,-9999
3477,2017,5,25,22,208,-9999,-9999,-9999,25,-9999,0,-9999
3478,2017,5,25,23,162,-9999,-9999,-9999,27,-9999,14,-9999
3479,2017,5,26,0,171,-9999,-9999,-9999,21,-9999,0,-9999
3480,2017,5,26,1,181,-9999,-9999,-9999,24,-9999,0,-9999
3481,2017,5,26,2,183,-9999,-9999,-9999,31,-9999,0,-9999
3482,2017,5,26,3,183,-9999,-9999,-9999,31,-9999,0,-9999
3483,2017,5,26,4,180,-9999,-9999,-9999,31,-9999,0,-9999
3484,2017,5,26,5,180,-9999,-9999,-9999,30,-9999,0,-9999
3485,2017,5,26,6,177,-9999,-9999,-9999,28,-9999,0,-9999
3486,2017,5,26,7,173,-9999,-9999,-9999,29,-9999,0,-9999
3487,2017,5,26,8,169,-9999,-9999,-9999,28,-9999,0,-9999
3488,2017,5,26,9,170,-9999,-9999,-9999,23,-9999,0,-9999
3489,2017,5,26,10,169,-9999,-9999,-9999,23,-9999,0,-9999
3490,2017,5,26,11,172,-9999,-9999,-9999,27,-9999,0,-9999
3491,2017,5,26,12,186,-9999,-9999,-9999,31,-9999,0,-9999
3492,2017,5,26,13,197,-9999,-9999,-9999,34,-9999,0,-9999
3493,2017,5,26,14,210,-9999,-9999,-9999,30,-9999,0,-9999
3494,2017,5,26,15,220,-9999,-9999,-9999,32,-9999,0,-9999
3495,2017,5,26,16,231,-9999,-9999,-9999,31,-9999,0,-9999
3496,2017,5,26,17,239,-9999,-9999,-9999,33,-9999,0,-9999
3497,2017,5,26,18,246,-9999,-9999,-9999,29,-9999,0,-9999
3498,2017,5,26,19,251,-9999,-9999,-9999,29,-9999,0,-9999
3499,2017,5,26,20,252,-9999,-9999,-9999,30,-9999,0,-9999
3500,2017,5,26,21,253,-9999,-9999,-9999,24,-9999,0,-9999
3501,2017,5,26,22,248,-9999,-9999,-9999,23,-9999,0,-9999
3502,2017,5,26,23,241,-9999,-9999,-9999,19,-9999,0,-9999
3503,2017,5,27,0,228,-9999,-9999,-9999,14,-9999,0,-9999
3504,2017,5,27,1,218,-9999,-9999,-9999,10,-9999,0,-9999
3505,2017,5,27,2,202,-9999,-9999,-9999,3,-9999,0,-9999
3506,2017,5,27,3,182,-9999,-9999,-9999,7,-9999,0,-9999
3507,2017,5,27,4,182,-9999,-9999,-9999,9,-9999,0,-9999
3508,2017,5,27,5,168,-9999,-9999,-9999,9,-9999,0,-9999
3509,2017,5,27,6,158,-9999,-9999,-9999,3,-9999,0,-9999
3510,2017,5,27,7,154,-9999,-9999,-9999,6,-9999,0,-9999
3511,2017,5,27,8,158,-9999,-9999,-9999,8,-9999,0,-9999
3512,2017,5,27,9,150,-9999,-9999,-9999,6,-9999,0,-9999
3513,2017,5,27,10,146,-9999,-9999,-9999,2,-9999,0,-9999
3514,2017,5,27,11,181,-9999,-9999,-9999,4,-9999,0,-9999
3515,2017,5,27,12,207,-9999,-9999,-9999,8,-9999,0,-9999
3516,2017,5,27,13,215,-9999,-9999,-9999,21,-9999,0,-9999
3517,2017,5,27,14,219,-9999,-9999,-9999,28,-9999,0,-9999
3518,2017,5,27,15,214,-9999,-9999,-9999,29,-9999,0,-9999
3519,2017,5,27,16,218,-9999,-9999,-9999,26,-9999,0,-9999
3520,2017,5,27,17,225,-9999,-9999,-9999,31,-9999,0,-9999
3521,2017,5,27,18,229,-9999,-9999,-9999,30,-9999,0,-9999
3522,2017,5,27,19,233,-9999,-9999,-9999,28,-9999,0,-9999
3523,2017,5,27,20,244,-9999,-9999,-9999,26,-9999,0,-9999
3524,2017,5,27,21,246,-9999,-9999,-9999,27,-9999,0,-9999
3525,2017,5,27,22,222,-9999,-9999,-9999,24,-9999,0,-9999
3526,2017,5,27,23,201,-9999,-9999,-9999,25,-9999,0,-9999
3527,2017,5,28,0,197,-9999,-9999,-9999,20,-9999,0,-9999
3528,2017,5,28,1,194,-9999,-9999,-9999,22,-9999,0,-9999
3529,2017,5,28,2,202,-9999,-9999,-9999,24,-9999,0,-9999
3530,2017,5,28,3,189,-9999,-9999,-9999,20,-9999,0,-9999
3531,2017,5,28,4,186,-9999,-9999,-9999,16,-9999,0,-9999
3532,2017,5,28,5,184,-9999,-9999,-9999,12,-9999,0,-9999
3533,2017,5,28,6,184,-9999,-9999,-9999,12,-9999,0,-9999
3534,2017,5,28,7,182,-9999,-9999,-9999,16,-9999,0,-9999
3535,2017,5,28,8,175,-9999,-9999,-9999,24,-9999,0,-9999
3536,2017,5,28,9,174,-9999,-9999,-9999,25,-9999,0,-9999
3537,2017,5,28,10,178,-9999,-9999,-9999,23,-9999,0,-9999
3538,2017,5,28,11,185,-9999,-9999,-9999,19,-9999,0,-9999
3539,2017,5,28,12,195,-9999,-9999,-9999,21,-9999,0,-9999
3540,2017,5,28,13,197,-9999,-9999,-9999,25,-9999,0,-9999
3541,2017,5,28,14,191,-9999,-9999,-9999,28,-9999,0,-9999
3542,2017,5,28,15,183,-9999,-9999,-9999,26,-9999,113,-9999
3543,2017,5,28,16,187,-9999,-9999,-9999,23,-9999,0,-9999
3544,2017,5,28,17,188,-9999,-9999,-9999,23,-9999,0,-9999
3545,2017,5,28,18,185,-9999,-9999,-9999,21,-9999,0,-9999
3546,2017,5,28,19,186,-9999,-9999,-9999,19,-9999,61,-9999
3547,2017,5,28,20,187,-9999,-9999,-9999,25,-9999,10,-9999
3548,2017,5,28,21,199,-9999,-9999,-9999,23,-9999,37,-9999
3549,2017,5,28,22,204,-9999,-9999,-9999,28,-9999,0,-9999
3550,2017,5,28,23,197,-9999,-9999,-9999,21,-9999,0,-9999
3551,2017,5,29,0,195,-9999,-9999,-9999,11,-9999,0,-9999
3552,2017,5,29,1,186,-9999,-9999,-9999,7,-9999,0,-9999
3553,2017,5,29,2,181,-9999,-9999,-9999,6,-9999,0,-9999
3554,2017,5,29,3,185,-9999,-9999,-9999,6,-9999,0,-9999
3555,2017,5,29,4,189,-9999,-9999,-9999,12,-9999,0,-9999
3556,2017,5,29,5,188,-9999,-9999,-9999,14,-9999,0,-9999
3557,2017,5,29,6,189,-9999,-9999,-9999,10,-9999,0,-9999
3558,2017,5,29,7,190,-9999,-9999,-9999,10,-9999,0,-9999
3559,2017,5,29,8,192,-9999,-9999,-9999,7,-9999,0,-9999
3560,2017,5,29,9,193,-9999,-9999,-9999,12,-9999,0,-9999
3561,2017,5,29,10,194,-9999,-9999,-9999,10,-9999,0,-9999
3562,2017,5,29,11,198,-9999,-9999,-9999,8,-9999,0,-9999
3563,2017,5,29,12,201,-9999,-9999,-9999,12,-9999,0,-9999
3564,2017,5,29,13,208,-9999,-9999,-9999,17,-9999,0,-9999
3565,2017,5,29,14,211,-9999,-9999,-9999,26,-9999,0,-9999
3566,2017,5,29,15,223,-9999,-9999,-9999,27,-9999,0,-9999
3567,2017,5,29,16,238,-9999,-9999,-9999,21,-9999,0,-9999
3568,2017,5,29,17,242,-9999,-9999,-9999,21,-9999,0,-9999
3569,2017,5,29,18,259,-9999,-9999,-9999,25,-9999,0,-9999
3570,2017,5,29,19,255,-9999,-9999,-9999,20,-9999,0,-9999
3571,2017,5,29,20,242,-9999,-9999,-9999,24,-9999,0,-9999
3572,2017,5,29,21,235,-9999,-9999,-9999,22,-9999,0,-9999
3573,2017,5,29,22,206,-9999,-9999,-9999,25,-9999,0,-9999
3574,2017,5,29,23,183,-9999,-9999,-9999,30,-9999,0,-9999
3575,2017,5,30,0,177,-9999,-9999,-9999,28,-9999,0,-9999
3576,2017,5,30,1,177,-9999,-9999,-9999,28,-9999,0,-9999
3577,2017,5,30,2,178,-9999,-9999,-9999,33,-9999,0,-9999
3578,2017,5,30,3,179,-9999,-9999,-9999,34,-9999,0,-9999
3579,2017,5,30,4,177,-9999,-9999,-9999,26,-9999,0,-9999
3580,2017,5,30,5,173,-9999,-9999,-9999,25,-9999,4,-9999
3581,2017,5,30,6,172,-9999,-9999,-9999,28,-9999,0,-9999
3582,2017,5,30,7,170,-9999,-9999,-9999,30,-9999,3,-9999
3583,2017,5,30,8,174,-9999,-9999,-9999,25,-9999,2,-9999
3584,2017,5,30,9,178,-9999,-9999,-9999,30,-9999,0,-9999
3585,2017,5,30,10,178,-9999,-9999,-9999,22,-9999,0,-9999
3586,2017,5,30,11,176,-9999,-9999,-9999,23,-9999,0,-9999
3587,2017,5,30,12,182,-9999,-9999,-9999,26,-9999,0,-9999
3588,2017,5,30,13,179,-9999,-9999,-9999,23,-9999,17,-9999
3589,2017,5,30,14,182,-9999,-9999,-9999,24,-9999,0,-9999
3590,2017,5,30,15,180,-9999,-9999,-9999,22,-9999,0,-9999
3591,2017,5,30,16,183,-9999,-9999,-9999,22,-9999,0,-9999
3592,2017,5,30,17,189,-9999,-9999,-9999,18,-9999,0,-9999
3593,2017,5,30,18,197,-9999,-9999,-9999,16,-9999,0,-9999
3594,2017,5,30,19,206,-9999,-9999,-9999,19,-9999,0,-9999
3595,2017,5,30,20,211,-9999,-9999,-9999,17,-9999,0,-9999
3596,2017,5,30,21,205,-9999,-9999,-9999,22,-9999,0,-9999
3597,2017,5,30,22,201,-9999,-9999,-9999,20,-9999,0,-9999
3598,2017,5,30,23,194,-9999,-9999,-9999,24,-9999,0,-9999
3599,2017,5,31,0,193,-9999,-9999,-9999,27,-9999,0,-9999
3600,2017,5,31,1,193,-9999,-9999,-9999,17,-9999,0,-9999
3601,2017,5,31,2,193,-9999,-9999,-9999,14,-9999,0,-9999
3602,2017,5,31,3,189,-9999,-9999,-9999,8,-9999,0,-9999
3603,2017,5,31,4,196,-9999,-9999,-9999,9,-9999,0,-9999
3604,2017,5,31,5,192,-9999,-9999,-9999,9,-9999,0,-9999
3605,2017,5,31,6,183,-9999,-9999,-9999,7,-9999,0,-9999
3606,2017,5,31,7,188,-9999,-9999,-9999,6,-9999,0,-9999
3607,2017,5,31,8,188,-9999,-9999,-9999,10,-9999,0,-9999
3608,2017,5,31,9,189,-9999,-9999,-9999,9,-9999,0,-9999
3609,2017,5,31,10,190,-9999,-9999,-9999,7,-9999,0,-9999
3610,2017,5,31,11,194,-9999,-9999,-9999,9,-9999,0,-9999
3611,2017,5,31,12,197,-9999,-9999,-9999,11,-9999,0,-9999
3612,2017,5,31,13,204,-9999,-9999,-9999,8,-9999,0,-9999
3613,2017,5,31,14,226,-9999,-9999,-9999,10,-9999,0,-9999
3614,2017,5,31,15,221,-9999,-9999,-9999,24,-9999,0,-9999
3615,2017,5,31,16,226,-9999,-9999,-9999,20,-9999,0,-9999
3616,2017,5,31,17,206,-9999,-9999,-9999,27,-9999,0,-9999
3617,2017,5,31,18,208,-9999,-9999,-9999,24,-9999,0,-9999
3618,2017,5,31,19,205,-9999,-9999,-9999,22,-9999,0,-9999
3619,2017,5,31,20,209,-9999,-9999,-9999,20,-9999,0,-9999
3620,2017,5,31,21,201,-9999,-9999,-9999,22,-9999,0,-9999
3621,2017,5,31,22,204,-9999,-9999,-9999,19,-9999,0,-9999
3622,2017,5,31,23,208,-9999,-9999,-9999,14,-9999,0,-9999
3623,2017,6,1,0,195,-9999,-9999,-9999,24,-9999,0,-9999
3624,2017,6,1,1,192,-9999,-9999,-9999,13,-9999,0,-9999
3625,2017,6,1,2,197,-9999,-9999,-9999,10,-9999,0,-9999
3626,2017,6,1,3,192,-9999,-9999,-9999,10,-9999,0,-9999
3627,2017,6,1,4,197,-9999,-9999,-9999,11,-9999,0,-9999
3628,2017,6,1,5,194,-9999,-9999,-9999,14,-9999,0,-9999
3629,2017,6,1,6,202,-9999,-9999,-9999,16,-9999,0,-9999
3630,2017,6,1,7,209,-9999,-9999,-9999,22,-9999,0,-9999
3631,2017,6,1,8,201,-9999,-9999,-9999,14,-9999,0,-9999
3632,2017,6,1,9,194,-9999,-9999,-9999,8,-9999,0,-9999
3633,2017,6,1,10,192,-9999,-9999,-9999,8,-9999,0,-9999
3634,2017,6,1,11,202,-9999,-9999,-9999,5,-9999,0,-9999
3635,2017,6,1,12,216,-9999,-9999,-9999,11,-9999,0,-9999
3636,2017,6,1,13,224,-9999,-9999,-9999,24,-9999,0,-9999
3637,2017,6,1,14,236,-9999,-9999,-9999,24,-9999,0,-9999
3638,2017,6,1,15,247,-9999,-9999,-9999,17,-9999,0,-9999
3639,2017,6,1,16,252,-9999,-9999,-9999,16,-9999,0,-9999
3640,2017,6,1,17,257,-9999,-9999,-9999,18,-9999,0,-9999
3641,2017,6,1,18,264,-9999,-9999,-9999,15,-9999,0,-9999
3642,2017,6,1,19,269,-9999,-9999,-9999,16,-9999,0,-9999
3643,2017,6,1,20,263,-9999,-9999,-9999,18,-9999,0,-9999
3644,2017,6,1,21,262,-9999,-9999,-9999,23,-9999,0,-9999
3645,2017,6,1,22,254,-9999,-9999,-9999,21,-9999,0,-9999
3646,2017,6,1,23,239,-9999,-9999,-9999,16,-9999,0,-9999
3647,2017,6,2,0,232,-9999,-9999,-9999,14,-9999,0,-9999
3648,2017,6,2,1,227,-9999,-9999,-9999,14,-9999,0,-9999
3649,2017,6,2,2,226,-9999,-9999,-9999,17,-9999,0,-9999
3650,2017,6,2,3,228,-9999,-9999,-9999,16,-9999,0,-9999
3651,2017,6,2,4,228,-9999,-9999,-9999,20,-9999,0,-9999
3652,2017,6,2,5,222,-9999,-9999,-9999,19,-9999,0,-9999
3653,2017,6,2,6,212,-9999,-9999,-9999,13,-9999,0,-9999
3654,2017,6,2,7,214,-9999,-9999,-9999,13,-9999,0,-9999
3655,2017,6,2,8,208,-9999,-9999,-9999,11,-9999,0,-9999
3656,2017,6,2,9,205,-9999,-9999,-9999,15,-9999,0,-9999
3657,2017,6,2,10,206,-9999,-9999,-9999,22,-9999,0,-9999
3658,2017,6,2,11,204,-9999,-9999,-9999,14,-9999,0,-9999
3659,2017,6,2,12,223,-9999,-9999,-9999,14,-9999,0,-9999
3660,2017,6,2,13,239,-9999,-9999,-9999,16,-9999,0,-9999
3661,2017,6,2,14,245,-9999,-9999,-9999,22,-9999,0,-9999
3662,2017,6,2,15,255,-9999,-9999,-9999,20,-9999,0,-9999
3663,2017,6,2,16,256,-9999,-9999,-9999,28,-9999,0,-9999
3664,2017,6,2,17,259,-9999,-9999,-9999,29,-9999,0,-9999
3665,2017,6,2,18,264,-9999,-9999,-9999,31,-9999,0,-9999
3666,2017,6,2,19,266,-9999,-9999,-9999,28,-9999,0,-9999
3667,2017,6,2,20,250,-9999,-9999,-9999,28,-9999,0,-9999
3668,2017,6,2,21,252,-9999,-9999,-9999,28,-9999,0,-9999
3669,2017,6,2,22,245,-9999,-9999,-9999,23,-9999,0,-9999
3670,2017,6,2,23,245,-9999,-9999,-9999,11,-9999,0,-9999
3671,2017,6,3,0,210,-9999,-9999,-9999,5,-9999,0,-9999
3672,2017,6,3,1,191,-9999,-9999,-9999,6,-9999,0,-9999
3673,2017,6,3,2,194,-9999,-9999,-9999,7,-9999,0,-9999
3674,2017,6,3,3,193,-9999,-9999,-9999,9,-9999,0,-9999
3675,2017,6,3,4,181,-9999,-9999,-9999,9,-9999,0,-9999
3676,2017,6,3,5,166,-9999,-9999,-9999,7,-9999,0,-9999
3677,2017,6,3,6,159,-9999,-9999,-9999,7,-9999,0,-9999
3678,2017,6,3,7,158,-9999,-9999,-9999,7,-9999,0,-9999
3679,2017,6,3,8,147,-9999,-9999,-9999,7,-9999,0,-9999
3680,2017,6,3,9,147,-9999,-9999,-9999,5,-9999,0,-9999
3681,2017,6,3,10,144,-9999,-9999,-9999,5,-9999,0,-9999
3682,2017,6,3,11,170,-9999,-9999,-9999,6,-9999,0,-9999
3683,2017,6,3,12,223,-9999,-9999,-9999,4,-9999,0,-9999
3684,2017,6,3,13,236,-9999,-9999,-9999,13,-9999,0,-9999
3685,2017,6,3,14,249,-9999,-9999,-9999,22,-9999,0,-9999
3686,2017,6,3,15,259,-9999,-9999,-9999,26,-9999,0,-9999
3687,2017,6,3,16,265,-9999,-9999,-9999,28,-9999,0,-9999
3688,2017,6,3,17,273,-9999,-9999,-9999,32,-9999,0,-9999
3689,2017,6,3,18,278,-9999,-9999,-9999,24,-9999,0,-9999
3690,2017,6,3,19,278,-9999,-9999,-9999,23,-9999,0,-9999
3691,2017,6,3,20,281,-9999,-9999,-9999,21,-9999,0,-9999
3692,2017,6,3,21,280,-9999,-9999,-9999,19,-9999,0,-9999
3693,2017,6,3,22,271,-9999,-9999,-9999,20,-9999,0,-9999
3694,2017,6,3,23,262,-9999,-9999,-9999,10,-9999,0,-9999
3695,2017,6,4,0,226,-9999,-9999,-9999,14,-9999,0,-9999
3696,2017,6,4,1,211,-9999,-9999,-9999,30,-9999,0,-9999
3697,2017,6,4,2,205,-9999,-9999,-9999,28,-9999,0,-9999
3698,2017,6,4,3,203,-9999,-9999,-9999,21,-9999,0,-9999
3699,2017,6,4,4,200,-9999,-9999,-9999,19,-9999,0,-9999
3700,2017,6,4,5,196,-9999,-9999,-9999,19,-9999,0,-9999
3701,2017,6,4,6,191,-9999,-9999,-9999,11,-9999,0,-9999
3702,2017,6,4,7,199,-9999,-9999,-9999,16,-9999,0,-9999
3703,2017,6,4,8,200,-9999,-9999,-9999,20,-9999,0,-9999
3704,2017,6,4,9,199,-9999,-9999,-9999,17,-9999,0,-9999
3705,2017,6,4,10,196,-9999,-9999,-9999,20,-9999,0,-9999
3706,2017,6,4,11,201,-9999,-9999,-9999,17,-9999,0,-9999
3707,2017,6,4,12,215,-9999,-9999,-9999,17,-9999,0,-9999
3708,2017,6,4,13,233,-9999,-9999,-9999,22,-9999,0,-9999
3709,2017,6,4,14,244,-9999,-9999,-9999,25,-9999,0,-9999
3710,2017,6,4,15,245,-9999,-9999,-9999,30,-9999,0,-9999
3711,2017,6,4,16,250,-9999,-9999,-9999,29,-9999,0,-9999
3712,2017,6,4,17,254,-9999,-9999,-9999,31,-9999,0,-9999
3713,2017,6,4,18,262,-9999,-9999,-9999,30,-9999,0,-9999
3714,2017,6,4,19,269,-9999,-9999,-9999,29,-9999,0,-9999
3715,2017,6,4,20,266,-9999,-9999,-9999,35,-9999,0,-9999
3716,2017,6,4,21,268,-9999,-9999,-9999,30,-9999,0,-9999
3717,2017,6,4,22,261,-9999,-9999,-9999,30,-9999,0,-9999
3718,2017,6,4,23,260,-9999,-9999,-9999,33,-9999,0,-9999
3719,2017,6,5,0,253,-9999,-9999,-9999,31,-9999,0,-9999
3720,2017,6,5,1,247,-9999,-9999,-9999,31,-9999,0,-9999
3721,2017,6,5,2,246,-9999,-9999,-9999,27,-9999,0,-9999
3722,2017,6,5,3,255,-9999,-9999,-9999,24,-9999,0,-9999
3723,2017,6,5,4,238,-9999,-9999,-9999,32,-9999,0,-9999
3724,2017,6,5,5,224,-9999,-9999,-9999,31,-9999,0,-9999
3725,2017,6,5,6,226,-9999,-9999,-9999,22,-9999,0,-9999
3726,2017,6,5,7,222,-9999,-9999,-9999,25,-9999,0,-9999
3727,2017,6,5,8,223,-9999,-9999,-9999,24,-9999,0,-9999
3728,2017,6,5,9,228,-9999,-9999,-9999,24,-9999,0,-9999
3729,2017,6,5,10,229,-9999,-9999,-9999,31,-9999,0,-9999
3730,2017,6,5,11,231,-9999,-9999,-9999,34,-9999,0,-9999
3731,2017,6,5,12,233,-9999,-9999,-9999,36,-9999,0,-9999
3732,2017,6,5,13,231,-9999,-9999,-9999,29,-9999,11,-9999
3733,2017,6,5,14,233,-9999,-9999,-9999,21,-9999,11,-9999
3734,2017,6,5,15,241,-9999,-9999,-9999,19,-9999,0,-9999
3735,2017,6,5,16,240,-9999,-9999,-9999,19,-9999,0,-9999
3736,2017,6,5,17,245,-9999,-9999,-9999,13,-9999,0,-9999
3737,2017,6,5,18,236,-9999,-9999,-9999,10,-9999,36,-9999
3738,2017,6,5,19,224,-9999,-9999,-9999,18,-9999,139,-9999
3739,2017,6,5,20,223,-9999,-9999,-9999,19,-9999,149,-9999
3740,2017,6,5,21,224,-9999,-9999,-9999,28,-9999,339,-9999
3741,2017,6,5,22,201,-9999,-9999,-9999,48,-9999,63,-9999
3742,2017,6,5,23,202,-9999,-9999,-9999,23,-9999,0,-9999
3743,2017,6,6,0,203,-9999,-9999,-9999,19,-9999,2,-9999
3744,2017,6,6,1,205,-9999,-9999,-9999,11,-9999,0,-9999
3745,2017,6,6,2,202,-9999,-9999,-9999,8,-9999,0,-9999
3746,2017,6,6,3,202,-9999,-9999,-9999,7,-9999,0,-9999
3747,2017,6,6,4,202,-9999,-9999,-9999,6,-9999,0,-9999
3748,2017,6,6,5,200,-9999,-9999,-9999,8,-9999,0,-9999
3749,2017,6,6,6,199,-9999,-9999,-9999,11,-9999,0,-9999
3750,2017,6,6,7,196,-9999,-9999,-9999,11,-9999,0,-9999
3751,2017,6,6,8,200,-9999,-9999,-9999,15,-9999,0,-9999
3752,2017,6,6,9,197,-9999,-9999,-9999,15,-9999,0,-9999
3753,2017,6,6,10,193,-9999,-9999,-9999,9,-9999,0,-9999
3754,2017,6,6,11,199,-9999,-9999,-9999,3,-9999,0,-9999
3755,2017,6,6,12,215,-9999,-9999,-9999,6,-9999,0,-9999
3756,2017,6,6,13,221,-9999,-9999,-9999,16,-9999,0,-9999
3757,2017,6,6,14,227,-9999,-9999,-9999,20,-9999,0,-9999
3758,2017,6,6,15,233,-9999,-9999,-9999,25,-9999,0,-9999
3759,2017,6,6,16,241,-9999,-9999,-9999,31,-9999,0,-9999
3760,2017,6,6,17,243,-9999,-9999,-9999,38,-9999,0,-9999
3761,2017,6,6,18,243,-9999,-9999,-9999,32,-9999,0,-9999
3762,2017,6,6,19,244,-9999,-9999,-9999,28,-9999,0,-9999
3763,2017,6,6,20,248,-9999,-9999,-9999,27,-9999,0,-9999
3764,2017,6,6,21,245,-9999,-9999,-9999,28,-9999,0,-9999
3765,2017,6,6,22,235,-9999,-9999,-9999,31,-9999,0,-9999
3766,2017,6,6,23,235,-9999,-9999,-9999,23,-9999,0,-9999
3767,2017,6,7,0,217,-9999,-9999,-9999,14,-9999,0,-9999
3768,2017,6,7,1,203,-9999,-9999,-9999,5,-9999,0,-9999
3769,2017,6,7,2,188,-9999,-9999,-9999,9,-9999,0,-9999
3770,2017,6,7,3,196,-9999,-9999,-9999,12,-9999,0,-9999
3771,2017,6,7,4,187,-9999,-9999,-9999,36,-9999,0,-9999
3772,2017,6,7,5,184,-9999,-9999,-9999,29,-9999,0,-9999
3773,2017,6,7,6,182,-9999,-9999,-9999,30,-9999,0,-9999
3774,2017,6,7,7,180,-9999,-9999,-9999,29,-9999,0,-9999
3775,2017,6,7,8,176,-9999,-9999,-9999,33,-9999,0,-9999
3776,2017,6,7,9,170,-9999,-9999,-9999,37,-9999,0,-9999
3777,2017,6,7,10,169,-9999,-9999,-9999,36,-9999,0,-9999
3778,2017,6,7,11,168,-9999,-9999,-9999,39,-9999,0,-9999
3779,2017,6,7,12,165,-9999,-9999,-9999,42,-9999,0,-9999
3780,2017,6,7,13,162,-9999,-9999,-9999,40,-9999,0,-9999
3781,2017,6,7,14,161,-9999,-9999,-9999,36,-9999,0,-9999
3782,2017,6,7,15,160,-9999,-9999,-9999,39,-9999,0,-9999
3783,2017,6,7,16,162,-9999,-9999,-9999,40,-9999,0,-9999
3784,2017,6,7,17,167,-9999,-9999,-9999,38,-9999,0,-9999
3785,2017,6,7,18,166,-9999,-9999,-9999,43,-9999,0,-9999
3786,2017,6,7,19,166,-9999,-9999,-9999,44,-9999,0,-9999
3787,2017,6,7,20,170,-9999,-9999,-9999,50,-9999,0,-9999
3788,2017,6,7,21,164,-9999,-9999,-9999,49,-9999,0,-9999
3789,2017,6,7,22,162,-9999,-9999,-9999,49,-9999,0,-9999
3790,2017,6,7,23,156,-9999,-9999,-9999,45,-9999,0,-9999
3791,2017,6,8,0,155,-9999,-9999,-9999,45,-9999,0,-9999
3792,2017,6,8,1,154,-9999,-9999,-9999,45,-9999,0,-9999
3793,2017,6,8,2,153,-9999,-9999,-9999,44,-9999,0,-9999
3794,2017,6,8,3,152,-9999,-9999,-9999,39,-9999,0,-9999
3795,2017,6,8,4,151,-9999,-9999,-9999,35,-9999,0,-9999
3796,2017,6,8,5,152,-9999,-9999,-9999,33,-9999,0,-9999
3797,2017,6,8,6,148,-9999,-9999,-9999,32,-9999,0,-9999
3798,2017,6,8,7,135,-9999,-9999,-9999,21,-9999,0,-9999
3799,2017,6,8,8,146,-9999,-9999,-9999,18,-9999,0,-9999
3800,2017,6,8,9,150,-9999,-9999,-9999,33,-9999,0,-9999
3801,2017,6,8,10,155,-9999,-9999,-9999,36,-9999,0,-9999
3802,2017,6,8,11,141,-9999,-9999,-9999,31,-9999,0,-9999
3803,2017,6,8,12,148,-9999,-9999,-9999,27,-9999,0,-9999
3804,2017,6,8,13,157,-9999,-9999,-9999,34,-9999,0,-9999
3805,2017,6,8,14,159,-9999,-9999,-9999,41,-9999,0,-9999
3806,2017,6,8,15,159,-9999,-9999,-9999,37,-9999,0,-9999
3807,2017,6,8,16,160,-9999,-9999,-9999,42,-9999,0,-9999
3808,2017,6,8,17,164,-9999,-9999,-9999,44,-9999,0,-9999
3809,2017,6,8,18,171,-9999,-9999,-9999,44,-9999,0,-9999
3810,2017,6,8,19,171,-9999,-9999,-9999,42,-9999,0,-9999
3811,2017,6,8,20,182,-9999,-9999,-9999,43,-9999,0,-9999
3812,2017,6,8,21,178,-9999,-9999,-9999,43,-9999,0,-9999
3813,2017,6,8,22,176,-9999,-9999,-9999,38,-9999,0,-9999
3814,2017,6,8,23,173,-9999,-9999,-9999,32,-9999,0,-9999
3815,2017,6,9,0,166,-9999,-9999,-9999,25,-9999,0,-9999
3816,2017,6,9,1,158,-9999,-9999,-9999,15,-9999,0,-9999
3817,2017,6,9,2,159,-9999,-9999,-9999,13,-9999,0,-9999
3818,2017,6,9,3,133,-9999,-9999,-9999,8,-9999,0,-9999
3819,2017,6,9,4,121,-9999,-9999,-9999,6,-9999,0,-9999
3820,2017,6,9,5,116,-9999,-9999,-9999,6,-9999,0,-9999
3821,2017,6,9,6,106,-9999,-9999,-9999,4,-9999,0,-9999
3822,2017,6,9,7,105,-9999,-9999,-9999,5,-9999,0,-9999
3823,2017,6,9,8,100,-9999,-9999,-9999,4,-9999,0,-9999
3824,2017,6,9,9,99,-9999,-9999,-9999,5,-9999,0,-9999
3825,2017,6,9,10,111,-9999,-9999,-9999,4,-9999,0,-9999
3826,2017,6,9,11,164,-9999,-9999,-9999,7,-9999,0,-9999
3827,2017,6,9,12,187,-9999,-9999,-9999,12,-9999,0,-9999
3828,2017,6,9,13,199,-9999,-9999,-9999,19,-9999,0,-9999
3829,2017,6,9,14,209,-9999,-9999,-9999,23,-9999,0,-9999
3830,2017,6,9,15,214,-9999,-9999,-9999,28,-9999,0,-9999
3831,2017,6,9,16,225,-9999,-9999,-9999,27,-9999,0,-9999
3832,2017,6,9,17,230,-9999,-9999,-9999,28,-9999,0,-9999
3833,2017,6,9,18,241,-9999,-9999,-9999,26,-9999,0,-9999
3834,2017,6,9,19,242,-9999,-9999,-9999,24,-9999,0,-9999
3835,2017,6,9,20,246,-9999,-9999,-9999,20,-9999,0,-9999
3836,2017,6,9,21,251,-9999,-9999,-9999,19,-9999,0,-9999
3837,2017,6,9,22,249,-9999,-9999,-9999,17,-9999,0,-9999
3838,2017,6,9,23,230,-9999,-9999,-9999,14,-9999,0,-9999
3839,2017,6,10,0,216,-9999,-9999,-9999,17,-9999,0,-9999
3840,2017,6,10,1,206,-9999,-9999,-9999,12,-9999,0,-9999
3841,2017,6,10,2,207,-9999,-9999,-9999,12,-9999,0,-9999
3842,2017,6,10,3,196,-9999,-9999,-9999,9,-9999,0,-9999
3843,2017,6,10,4,191,-9999,-9999,-9999,8,-9999,0,-9999
3844,2017,6,10,5,184,-9999,-9999,-9999,11,-9999,0,-9999
3845,2017,6,10,6,173,-9999,-9999,-9999,6,-9999,0,-9999
3846,2017,6,10,7,185,-9999,-9999,-9999,7,-9999,0,-9999
3847,2017,6,10,8,187,-9999,-9999,-9999,10,-9999,0,-9999
3848,2017,6,10,9,181,-9999,-9999,-9999,6,-9999,0,-9999
3849,2017,6,10,10,182,-9999,-9999,-9999,6,-9999,0,-9999
3850,2017,6,10,11,202,-9999,-9999,-9999,7,-9999,0,-9999
3851,2017,6,10,12,217,-9999,-9999,-9999,16,-9999,0,-9999
3852,2017,6,10,13,237,-9999,-9999,-9999,16,-9999,0,-9999
3853,2017,6,10,14,247,-9999,-9999,-9999,16,-9999,0,-9999
3854,2017,6,10,15,256,-9999,-9999,-9999,18,-9999,0,-9999
3855,2017,6,10,16,266,-9999,-9999,-9999,17,-9999,0,-9999
3856,2017,6,10,17,277,-9999,-9999,-9999,19,-9999,0,-9999
3857,2017,6,10,18,262,-9999,-9999,-9999,27,-9999,0,-9999
3858,2017,6,10,19,270,-9999,-9999,-9999,29,-9999,0,-9999
3859,2017,6,10,20,271,-9999,-9999,-9999,29,-9999,0,-9999
3860,2017,6,10,21,266,-9999,-9999,-9999,29,-9999,0,-9999
3861,2017,6,10,22,261,-9999,-9999,-9999,30,-9999,0,-9999
3862,2017,6,10,23,255,-9999,-9999,-9999,26,-9999,0,-9999
3863,2017,6,11,0,241,-9999,-9999,-9999,25,-9999,0,-9999
3864,2017,6,11,1,233,-9999,-9999,-9999,28,-9999,0,-9999
3865,2017,6,11,2,230,-9999,-9999,-9999,16,-9999,0,-9999
3866,2017,6,11,3,238,-9999,-9999,-9999,11,-9999,0,-9999
3867,2017,6,11,4,237,-9999,-9999,-9999,17,-9999,0,-9999
3868,2017,6,11,5,233,-9999,-9999,-9999,21,-9999,0,-9999
3869,2017,6,11,6,234,-9999,-9999,-9999,22,-9999,0,-9999
3870,2017,6,11,7,229,-9999,-9999,-9999,22,-9999,0,-9999
3871,2017,6,11,8,224,-9999,-9999,-9999,23,-9999,0,-9999
3872,2017,6,11,9,218,-9999,-9999,-9999,16,-9999,0,-9999
3873,2017,6,11,10,218,-9999,-9999,-9999,14,-9999,0,-9999
3874,2017,6,11,11,226,-9999,-9999,-9999,15,-9999,0,-9999
3875,2017,6,11,12,238,-9999,-9999,-9999,20,-9999,0,-9999
3876,2017,6,11,13,250,-9999,-9999,-9999,18,-9999,0,-9999
3877,2017,6,11,14,266,-9999,-9999,-9999,19,-9999,0,-9999
3878,2017,6,11,15,279,-9999,-9999,-9999,19,-9999,0,-9999
3879,2017,6,11,16,286,-9999,-9999,-9999,19,-9999,0,-9999
3880,2017,6,11,17,299,-9999,-9999,-9999,22,-9999,0,-9999
3881,2017,6,11,18,290,-9999,-9999,-9999,25,-9999,0,-9999
3882,2017,6,11,19,289,-9999,-9999,-9999,27,-9999,0,-9999
3883,2017,6,11,20,294,-9999,-9999,-9999,32,-9999,0,-9999
3884,2017,6,11,21,285,-9999,-9999,-9999,30,-9999,0,-9999
3885,2017,6,11,22,276,-9999,-9999,-9999,29,-9999,0,-9999
3886,2017,6,11,23,270,-9999,-9999,-9999,23,-9999,0,-9999
3887,2017,6,12,0,261,-9999,-9999,-9999,11,-9999,0,-9999
3888,2017,6,12,1,248,-9999,-9999,-9999,5,-9999,0,-9999
3889,2017,6,12,2,246,-9999,-9999,-9999,4,-9999,0,-9999
3890,2017,6,12,3,258,-9999,-9999,-9999,17,-9999,0,-9999
3891,2017,6,12,4,252,-9999,-9999,-9999,23,-9999,0,-9999
3892,2017,6,12,5,252,-9999,-9999,-9999,25,-9999,0,-9999
3893,2017,6,12,6,245,-9999,-9999,-9999,24,-9999,0,-9999
3894,2017,6,12,7,240,-9999,-9999,-9999,27,-9999,0,-9999
3895,2017,6,12,8,234,-9999,-9999,-9999,22,-9999,0,-9999
3896,2017,6,12,9,229,-9999,-9999,-9999,19,-9999,0,-9999
3897,2017,6,12,10,226,-9999,-9999,-9999,17,-9999,0,-9999
3898,2017,6,12,11,235,-9999,-9999,-9999,15,-9999,0,-9999
3899,2017,6,12,12,248,-9999,-9999,-9999,15,-9999,0,-9999
3900,2017,6,12,13,256,-9999,-9999,-9999,21,-9999,0,-9999
3901,2017,6,12,14,271,-9999,-9999,-9999,22,-9999,0,-9999
3902,2017,6,12,15,279,-9999,-9999,-9999,23,-9999,0,-9999
3903,2017,6,12,16,284,-9999,-9999,-9999,20,-9999,0,-9999
3904,2017,6,12,17,294,-9999,-9999,-9999,19,-9999,0,-9999
3905,2017,6,12,18,299,-9999,-9999,-9999,21,-9999,0,-9999
3906,2017,6,12,19,303,-9999,-9999,-9999,24,-9999,0,-9999
3907,2017,6,12,20,310,-9999,-9999,-9999,22,-9999,0,-9999
3908,2017,6,12,21,304,-9999,-9999,-9999,15,-9999,0,-9999
3909,2017,6,12,22,295,-9999,-9999,-9999,13,-9999,0,-9999
3910,2017,6,12,23,285,-9999,-9999,-9999,14,-9999,0,-9999
3911,2017,6,13,0,271,-9999,-9999,-9999,3,-9999,0,-9999
3912,2017,6,13,1,257,-9999,-9999,-9999,6,-9999,0,-9999
3913,2017,6,13,2,260,-9999,-9999,-9999,9,-9999,0,-9999
3914,2017,6,13,3,256,-9999,-9999,-9999,9,-9999,0,-9999
3915,2017,6,13,4,253,-9999,-9999,-9999,13,-9999,0,-9999
3916,2017,6,13,5,249,-9999,-9999,-9999,16,-9999,0,-9999
3917,2017,6,13,6,248,-9999,-9999,-9999,21,-9999,0,-9999
3918,2017,6,13,7,242,-9999,-9999,-9999,26,-9999,0,-9999
3919,2017,6,13,8,236,-9999,-9999,-9999,22,-9999,0,-9999
3920,2017,6,13,9,232,-9999,-9999,-9999,18,-9999,0,-9999
3921,2017,6,13,10,229,-9999,-9999,-9999,18,-9999,0,-9999
3922,2017,6,13,11,233,-9999,-9999,-9999,17,-9999,0,-9999
3923,2017,6,13,12,241,-9999,-9999,-9999,22,-9999,0,-9999
3924,2017,6,13,13,249,-9999,-9999,-9999,26,-9999,0,-9999
3925,2017,6,13,14,262,-9999,-9999,-9999,24,-9999,0,-9999
3926,2017,6,13,15,275,-9999,-9999,-9999,21,-9999,0,-9999
3927,2017,6,13,16,281,-9999,-9999,-9999,22,-9999,0,-9999
3928,2017,6,13,17,296,-9999,-9999,-9999,21,-9999,0,-9999
3929,2017,6,13,18,301,-9999,-9999,-9999,25,-9999,0,-9999
3930,2017,6,13,19,306,-9999,-9999,-9999,23,-9999,0,-9999
3931,2017,6,13,20,294,-9999,-9999,-9999,23,-9999,0,-9999
3932,2017,6,13,21,298,-9999,-9999,-9999,17,-9999,0,-9999
3933,2017,6,13,22,300,-9999,-9999,-9999,23,-9999,0,-9999
3934,2017,6,13,23,289,-9999,-9999,-9999,23,-9999,0,-9999
3935,2017,6,14,0,281,-9999,-9999,-9999,17,-9999,0,-9999
3936,2017,6,14,1,278,-9999,-9999,-9999,20,-9999,0,-9999
3937,2017,6,14,2,273,-9999,-9999,-9999,18,-9999,0,-9999
3938,2017,6,14,3,266,-9999,-9999,-9999,16,-9999,0,-9999
3939,2017,6,14,4,264,-9999,-9999,-9999,17,-9999,0,-9999
3940,2017,6,14,5,263,-9999,-9999,-9999,21,-9999,0,-9999
3941,2017,6,14,6,254,-9999,-9999,-9999,22,-9999,0,-9999
3942,2017,6,14,7,245,-9999,-9999,-9999,15,-9999,0,-9999
3943,2017,6,14,8,238,-9999,-9999,-9999,13,-9999,0,-9999
3944,2017,6,14,9,232,-9999,-9999,-9999,10,-9999,0,-9999
3945,2017,6,14,10,229,-9999,-9999,-9999,9,-9999,0,-9999
3946,2017,6,14,11,238,-9999,-9999,-9999,10,-9999,0,-9999
3947,2017,6,14,12,246,-9999,-9999,-9999,17,-9999,0,-9999
3948,2017,6,14,13,250,-9999,-9999,-9999,18,-9999,0,-9999
3949,2017,6,14,14,262,-9999,-9999,-9999,17,-9999,0,-9999
3950,2017,6,14,15,272,-9999,-9999,-9999,18,-9999,0,-9999
3951,2017,6,14,16,282,-9999,-9999,-9999,19,-9999,0,-9999
3952,2017,6,14,17,287,-9999,-9999,-9999,24,-9999,0,-9999
3953,2017,6,14,18,291,-9999,-9999,-9999,24,-9999,0,-9999
3954,2017,6,14,19,295,-9999,-9999,-9999,20,-9999,0,-9999
3955,2017,6,14,20,301,-9999,-9999,-9999,21,-9999,0,-9999
3956,2017,6,14,21,298,-9999,-9999,-9999,20,-9999,0,-9999
3957,2017,6,14,22,240,-9999,-9999,-9999,35,-9999,0,-9999
3958,2017,6,14,23,238,-9999,-9999,-9999,38,-9999,0,-9999
3959,2017,6,15,0,225,-9999,-9999,-9999,35,-9999,0,-9999
3960,2017,6,15,1,216,-9999,-9999,-9999,35,-9999,0,-9999
3961,2017,6,15,2,214,-9999,-9999,-9999,28,-9999,0,-9999
3962,2017,6,15,3,212,-9999,-9999,-9999,16,-9999,0,-9999
3963,2017,6,15,4,213,-9999,-9999,-9999,19,-9999,0,-9999
3964,2017,6,15,5,210,-9999,-9999,-9999,27,-9999,0,-9999
3965,2017,6,15,6,207,-9999,-9999,-9999,22,-9999,0,-9999
3966,2017,6,15,7,206,-9999,-9999,-9999,21,-9999,0,-9999
3967,2017,6,15,8,205,-9999,-9999,-9999,21,-9999,0,-9999
3968,2017,6,15,9,205,-9999,-9999,-9999,20,-9999,0,-9999
3969,2017,6,15,10,201,-9999,-9999,-9999,22,-9999,0,-9999
3970,2017,6,15,11,202,-9999,-9999,-9999,26,-9999,0,-9999
3971,2017,6,15,12,202,-9999,-9999,-9999,23,-9999,0,-9999
3972,2017,6,15,13,202,-9999,-9999,-9999,21,-9999,0,-9999
3973,2017,6,15,14,207,-9999,-9999,-9999,19,-9999,0,-9999
3974,2017,6,15,15,209,-9999,-9999,-9999,23,-9999,0,-9999
3975,2017,6,15,16,210,-9999,-9999,-9999,25,-9999,0,-9999
3976,2017,6,15,17,218,-9999,-9999,-9999,27,-9999,0,-9999
3977,2017,6,15,18,220,-9999,-9999,-9999,30,-9999,0,-9999
3978,2017,6,15,19,225,-9999,-9999,-9999,28,-9999,0,-9999
3979,2017,6,15,20,222,-9999,-9999,-9999,29,-9999,0,-9999
3980,2017,6,15,21,224,-9999,-9999,-9999,25,-9999,0,-9999
3981,2017,6,15,22,219,-9999,-9999,-9999,29,-9999,0,-9999
3982,2017,6,15,23,216,-9999,-9999,-9999,27,-9999,0,-9999
3983,2017,6,16,0,211,-9999,-9999,-9999,25,-9999,0,-9999
3984,2017,6,16,1,212,-9999,-9999,-9999,21,-9999,0,-9999
3985,2017,6,16,2,216,-9999,-9999,-9999,15,-9999,0,-9999
3986,2017,6,16,3,215,-9999,-9999,-9999,12,-9999,0,-9999
3987,2017,6,16,4,212,-9999,-9999,-9999,11,-9999,0,-9999
3988,2017,6,16,5,210,-9999,-9999,-9999,10,-9999,0,-9999
3989,2017,6,16,6,206,-9999,-9999,-9999,12,-9999,0,-9999
3990,2017,6,16,7,208,-9999,-9999,-9999,5,-9999,0,-9999
3991,2017,6,16,8,208,-9999,-9999,-9999,5,-9999,0,-9999
3992,2017,6,16,9,208,-9999,-9999,-9999,6,-9999,0,-9999
3993,2017,6,16,10,210,-9999,-9999,-9999,7,-9999,0,-9999
3994,2017,6,16,11,216,-9999,-9999,-9999,1,-9999,0,-9999
3995,2017,6,16,12,222,-9999,-9999,-9999,6,-9999,0,-9999
3996,2017,6,16,13,238,-9999,-9999,-9999,9,-9999,0,-9999
3997,2017,6,16,14,238,-9999,-9999,-9999,16,-9999,0,-9999
3998,2017,6,16,15,248,-9999,-9999,-9999,20,-9999,0,-9999
3999,2017,6,16,16,251,-9999,-9999,-9999,25,-9999,0,-9999
4000,2017,6,16,17,259,-9999,-9999,-9999,23,-9999,0,-9999
4001,2017,6,16,18,260,-9999,-9999,-9999,26,-9999,0,-9999
4002,2017,6,16,19,256,-9999,-9999,-9999,32,-9999,0,-9999
4003,2017,6,16,20,260,-9999,-9999,-9999,27,-9999,0,-9999
4004,2017,6,16,21,253,-9999,-9999,-9999,25,-9999,0,-9999
4005,2017,6,16,22,245,-9999,-9999,-9999,25,-9999,0,-9999
4006,2017,6,16,23,243,-9999,-9999,-9999,24,-9999,0,-9999
4007,2017,6,17,0,237,-9999,-9999,-9999,14,-9999,2,-9999
4008,2017,6,17,1,229,-9999,-9999,-9999,5,-9999,5,-9999
4009,2017,6,17,2,223,-9999,-9999,-9999,6,-9999,0,-9999
4010,2017,6,17,3,220,-9999,-9999,-9999,5,-9999,0,-9999
4011,2017,6,17,4,228,-9999,-9999,-9999,8,-9999,25,-9999
4012,2017,6,17,5,222,-9999,-9999,-9999,6,-9999,47,-9999
4013,2017,6,17,6,222,-9999,-9999,-9999,8,-9999,37,-9999
4014,2017,6,17,7,221,-9999,-9999,-9999,9,-9999,0,-9999
4015,2017,6,17,8,215,-9999,-9999,-9999,7,-9999,0,-9999
4016,2017,6,17,9,220,-9999,-9999,-9999,6,-9999,0,-9999
4017,2017,6,17,10,221,-9999,-9999,-9999,8,-9999,0,-9999
4018,2017,6,17,11,231,-9999,-9999,-9999,8,-9999,0,-9999
4019,2017,6,17,12,246,-9999,-9999,-9999,15,-9999,0,-9999
4020,2017,6,17,13,249,-9999,-9999,-9999,18,-9999,0,-9999
4021,2017,6,17,14,261,-9999,-9999,-9999,25,-9999,0,-9999
4022,2017,6,17,15,270,-9999,-9999,-9999,23,-9999,0,-9999
4023,2017,6,17,16,261,-9999,-9999,-9999,22,-9999,0,-9999
4024,2017,6,17,17,240,-9999,-9999,-9999,20,-9999,42,-9999
4025,2017,6,17,18,250,-9999,-9999,-9999,22,-9999,3,-9999
4026,2017,6,17,19,247,-9999,-9999,-9999,23,-9999,0,-9999
4027,2017,6,17,20,245,-9999,-9999,-9999,16,-9999,0,-9999
4028,2017,6,17,21,256,-9999,-9999,-9999,19,-9999,0,-9999
4029,2017,6,17,22,250,-9999,-9999,-9999,22,-9999,0,-9999
4030,2017,6,17,23,253,-9999,-9999,-9999,24,-9999,0,-9999
4031,2017,6,18,0,250,-9999,-9999,-9999,24,-9999,0,-9999
4032,2017,6,18,1,252,-9999,-9999,-9999,18,-9999,0,-9999
4033,2017,6,18,2,253,-9999,-9999,-9999,22,-9999,0,-9999
4034,2017,6,18,3,248,-9999,-9999,-9999,16,-9999,0,-9999
4035,2017,6,18,4,248,-9999,-9999,-9999,13,-9999,0,-9999
4036,2017,6,18,5,244,-9999,-9999,-9999,16,-9999,0,-9999
4037,2017,6,18,6,243,-9999,-9999,-9999,15,-9999,0,-9999
4038,2017,6,18,7,242,-9999,-9999,-9999,18,-9999,0,-9999
4039,2017,6,18,8,239,-9999,-9999,-9999,17,-9999,0,-9999
4040,2017,6,18,9,238,-9999,-9999,-9999,20,-9999,0,-9999
4041,2017,6,18,10,238,-9999,-9999,-9999,19,-9999,0,-9999
4042,2017,6,18,11,244,-9999,-9999,-9999,22,-9999,0,-9999
4043,2017,6,18,12,247,-9999,-9999,-9999,25,-9999,0,-9999
4044,2017,6,18,13,256,-9999,-9999,-9999,23,-9999,0,-9999
4045,2017,6,18,14,260,-9999,-9999,-9999,25,-9999,0,-9999
4046,2017,6,18,15,271,-9999,-9999,-9999,27,-9999,0,-9999
4047,2017,6,18,16,280,-9999,-9999,-9999,30,-9999,0,-9999
4048,2017,6,18,17,281,-9999,-9999,-9999,29,-9999,0,-9999
4049,2017,6,18,18,286,-9999,-9999,-9999,28,-9999,0,-9999
4050,2017,6,18,19,278,-9999,-9999,-9999,30,-9999,0,-9999
4051,2017,6,18,20,285,-9999,-9999,-9999,29,-9999,0,-9999
4052,2017,6,18,21,281,-9999,-9999,-9999,30,-9999,0,-9999
4053,2017,6,18,22,286,-9999,-9999,-9999,30,-9999,0,-9999
4054,2017,6,18,23,277,-9999,-9999,-9999,28,-9999,0,-9999
4055,2017,6,19,0,275,-9999,-9999,-9999,28,-9999,0,-9999
4056,2017,6,19,1,273,-9999,-9999,-9999,31,-9999,0,-9999
4057,2017,6,19,2,271,-9999,-9999,-9999,29,-9999,0,-9999
4058,2017,6,19,3,267,-9999,-9999,-9999,28,-9999,0,-9999
4059,2017,6,19,4,264,-9999,-9999,-9999,29,-9999,0,-9999
4060,2017,6,19,5,259,-9999,-9999,-9999,30,-9999,0,-9999
4061,2017,6,19,6,255,-9999,-9999,-9999,34,-9999,0,-9999
4062,2017,6,19,7,253,-9999,-9999,-9999,33,-9999,0,-9999
4063,2017,6,19,8,249,-9999,-9999,-9999,30,-9999,0,-9999
4064,2017,6,19,9,246,-9999,-9999,-9999,31,-9999,0,-9999
4065,2017,6,19,10,245,-9999,-9999,-9999,28,-9999,0,-9999
4066,2017,6,19,11,253,-9999,-9999,-9999,29,-9999,0,-9999
4067,2017,6,19,12,258,-9999,-9999,-9999,30,-9999,0,-9999
4068,2017,6,19,13,266,-9999,-9999,-9999,29,-9999,0,-9999
4069,2017,6,19,14,278,-9999,-9999,-9999,36,-9999,0,-9999
4070,2017,6,19,15,284,-9999,-9999,-9999,36,-9999,0,-9999
4071,2017,6,19,16,295,-9999,-9999,-9999,35,-9999,0,-9999
4072,2017,6,19,17,303,-9999,-9999,-9999,36,-9999,0,-9999
4073,2017,6,19,18,308,-9999,-9999,-9999,39,-9999,0,-9999
4074,2017,6,19,19,297,-9999,-9999,-9999,33,-9999,0,-9999
4075,2017,6,19,20,289,-9999,-9999,-9999,33,-9999,0,-9999
4076,2017,6,19,21,282,-9999,-9999,-9999,36,-9999,0,-9999
4077,2017,6,19,22,279,-9999,-9999,-9999,37,-9999,0,-9999
4078,2017,6,19,23,287,-9999,-9999,-9999,27,-9999,0,-9999
4079,2017,6,20,0,279,-9999,-9999,-9999,29,-9999,0,-9999
4080,2017,6,20,1,272,-9999,-9999,-9999,33,-9999,0,-9999
4081,2017,6,20,2,268,-9999,-9999,-9999,33,-9999,0,-9999
4082,2017,6,20,3,266,-9999,-9999,-9999,30,-9999,0,-9999
4083,2017,6,20,4,266,-9999,-9999,-9999,32,-9999,0,-9999
4084,2017,6,20,5,239,-9999,-9999,-9999,33,-9999,17,-9999
4085,2017,6,20,6,233,-9999,-9999,-9999,18,-9999,6,-9999
4086,2017,6,20,7,232,-9999,-9999,-9999,25,-9999,24,-9999
4087,2017,6,20,8,228,-9999,-9999,-9999,26,-9999,35,-9999
4088,2017,6,20,9,223,-9999,-9999,-9999,20,-9999,11,-9999
4089,2017,6,20,10,216,-9999,-9999,-9999,22,-9999,0,-9999
4090,2017,6,20,11,211,-9999,-9999,-9999,12,-9999,2,-9999
4091,2017,6,20,12,215,-9999,-9999,-9999,8,-9999,0,-9999
4092,2017,6,20,13,224,-9999,-9999,-9999,10,-9999,0,-9999
4093,2017,6,20,14,229,-9999,-9999,-9999,16,-9999,0,-9999
4094,2017,6,20,15,238,-9999,-9999,-9999,21,-9999,0,-9999
4095,2017,6,20,16,242,-9999,-9999,-9999,21,-9999,0,-9999
4096,2017,6,20,17,248,-9999,-9999,-9999,18,-9999,0,-9999
4097,2017,6,20,18,248,-9999,-9999,-9999,15,-9999,0,-9999
4098,2017,6,20,19,254,-9999,-9999,-9999,14,-9999,0,-9999
4099,2017,6,20,20,253,-9999,-9999,-9999,12,-9999,0,-9999
4100,2017,6,20,21,250,-9999,-9999,-9999,9,-9999,0,-9999
4101,2017,6,20,22,243,-9999,-9999,-9999,9,-9999,0,-9999
4102,2017,6,20,23,238,-9999,-9999,-9999,6,-9999,0,-9999
4103,2017,6,21,0,235,-9999,-9999,-9999,9,-9999,0,-9999
4104,2017,6,21,1,237,-9999,-9999,-9999,10,-9999,0,-9999
4105,2017,6,21,2,237,-9999,-9999,-9999,19,-9999,0,-9999
4106,2017,6,21,3,234,-9999,-9999,-9999,20,-9999,0,-9999
4107,2017,6,21,4,233,-9999,-9999,-9999,16,-9999,0,-9999
4108,2017,6,21,5,230,-9999,-9999,-9999,22,-9999,0,-9999
4109,2017,6,21,6,222,-9999,-9999,-9999,15,-9999,0,-9999
4110,2017,6,21,7,225,-9999,-9999,-9999,13,-9999,0,-9999
4111,2017,6,21,8,198,-9999,-9999,-9999,15,-9999,8,-9999
4112,2017,6,21,9,203,-9999,-9999,-9999,12,-9999,0,-9999
4113,2017,6,21,10,209,-9999,-9999,-9999,14,-9999,0,-9999
4114,2017,6,21,11,206,-9999,-9999,-9999,17,-9999,13,-9999
4115,2017,6,21,12,206,-9999,-9999,-9999,10,-9999,4,-9999
4116,2017,6,21,13,208,-9999,-9999,-9999,10,-9999,0,-9999
4117,2017,6,21,14,218,-9999,-9999,-9999,19,-9999,2,-9999
4118,2017,6,21,15,226,-9999,-9999,-9999,22,-9999,0,-9999
4119,2017,6,21,16,241,-9999,-9999,-9999,26,-9999,0,-9999
4120,2017,6,21,17,251,-9999,-9999,-9999,30,-9999,0,-9999
4121,2017,6,21,18,259,-9999,-9999,-9999,31,-9999,0,-9999
4122,2017,6,21,19,266,-9999,-9999,-9999,30,-9999,0,-9999
4123,2017,6,21,20,269,-9999,-9999,-9999,31,-9999,0,-9999
4124,2017,6,21,21,275,-9999,-9999,-9999,29,-9999,0,-9999
4125,2017,6,21,22,277,-9999,-9999,-9999,27,-9999,0,-9999
4126,2017,6,21,23,272,-9999,-9999,-9999,22,-9999,0,-9999
4127,2017,6,22,0,261,-9999,-9999,-9999,19,-9999,0,-9999
4128,2017,6,22,1,255,-9999,-9999,-9999,19,-9999,0,-9999
4129,2017,6,22,2,252,-9999,-9999,-9999,19,-9999,0,-9999
4130,2017,6,22,3,244,-9999,-9999,-9999,14,-9999,0,-9999
4131,2017,6,22,4,243,-9999,-9999,-9999,16,-9999,0,-9999
4132,2017,6,22,5,239,-9999,-9999,-9999,15,-9999,0,-9999
4133,2017,6,22,6,239,-9999,-9999,-9999,16,-9999,0,-9999
4134,2017,6,22,7,238,-9999,-9999,-9999,17,-9999,0,-9999
4135,2017,6,22,8,236,-9999,-9999,-9999,19,-9999,0,-9999
4136,2017,6,22,9,235,-9999,-9999,-9999,19,-9999,0,-9999
4137,2017,6,22,10,232,-9999,-9999,-9999,15,-9999,0,-9999
4138,2017,6,22,11,239,-9999,-9999,-9999,17,-9999,0,-9999
4139,2017,6,22,12,242,-9999,-9999,-9999,19,-9999,0,-9999
4140,2017,6,22,13,248,-9999,-9999,-9999,20,-9999,0,-9999
4141,2017,6,22,14,256,-9999,-9999,-9999,21,-9999,0,-9999
4142,2017,6,22,15,269,-9999,-9999,-9999,21,-9999,0,-9999
4143,2017,6,22,16,275,-9999,-9999,-9999,19,-9999,0,-9999
4144,2017,6,22,17,280,-9999,-9999,-9999,18,-9999,0,-9999
4145,2017,6,22,18,286,-9999,-9999,-9999,18,-9999,0,-9999
4146,2017,6,22,19,291,-9999,-9999,-9999,17,-9999,0,-9999
4147,2017,6,22,20,293,-9999,-9999,-9999,16,-9999,0,-9999
4148,2017,6,22,21,291,-9999,-9999,-9999,23,-9999,0,-9999
4149,2017,6,22,22,286,-9999,-9999,-9999,22,-9999,0,-9999
4150,2017,6,22,23,279,-9999,-9999,-9999,19,-9999,0,-9999
4151,2017,6,23,0,271,-9999,-9999,-9999,15,-9999,0,-9999
4152,2017,6,23,1,268,-9999,-9999,-9999,11,-9999,0,-9999
4153,2017,6,23,2,262,-9999,-9999,-9999,8,-9999,0,-9999
4154,2017,6,23,3,261,-9999,-9999,-9999,10,-9999,0,-9999
4155,2017,6,23,4,258,-9999,-9999,-9999,8,-9999,0,-9999
4156,2017,6,23,5,257,-9999,-9999,-9999,14,-9999,0,-9999
4157,2017,6,23,6,252,-9999,-9999,-9999,11,-9999,0,-9999
4158,2017,6,23,7,249,-9999,-9999,-9999,19,-9999,0,-9999
4159,2017,6,23,8,247,-9999,-9999,-9999,17,-9999,0,-9999
4160,2017,6,23,9,243,-9999,-9999,-9999,21,-9999,0,-9999
4161,2017,6,23,10,243,-9999,-9999,-9999,18,-9999,0,-9999
4162,2017,6,23,11,245,-9999,-9999,-9999,19,-9999,0,-9999
4163,2017,6,23,12,242,-9999,-9999,-9999,15,-9999,0,-9999
4164,2017,6,23,13,238,-9999,-9999,-9999,9,-9999,6,-9999
4165,2017,6,23,14,243,-9999,-9999,-9999,15,-9999,6,-9999
4166,2017,6,23,15,258,-9999,-9999,-9999,21,-9999,0,-9999
4167,2017,6,23,16,277,-9999,-9999,-9999,32,-9999,0,-9999
4168,2017,6,23,17,284,-9999,-9999,-9999,37,-9999,0,-9999
4169,2017,6,23,18,292,-9999,-9999,-9999,35,-9999,0,-9999
4170,2017,6,23,19,298,-9999,-9999,-9999,37,-9999,0,-9999
4171,2017,6,23,20,303,-9999,-9999,-9999,40,-9999,0,-9999
4172,2017,6,23,21,307,-9999,-9999,-9999,37,-9999,0,-9999
4173,2017,6,23,22,305,-9999,-9999,-9999,33,-9999,0,-9999
4174,2017,6,23,23,300,-9999,-9999,-9999,32,-9999,0,-9999
4175,2017,6,24,0,291,-9999,-9999,-9999,28,-9999,0,-9999
4176,2017,6,24,1,288,-9999,-9999,-9999,30,-9999,0,-9999
4177,2017,6,24,2,284,-9999,-9999,-9999,29,-9999,0,-9999
4178,2017,6,24,3,278,-9999,-9999,-9999,26,-9999,0,-9999
4179,2017,6,24,4,270,-9999,-9999,-9999,30,-9999,0,-9999
4180,2017,6,24,5,266,-9999,-9999,-9999,36,-9999,0,-9999
4181,2017,6,24,6,264,-9999,-9999,-9999,37,-9999,0,-9999
4182,2017,6,24,7,260,-9999,-9999,-9999,36,-9999,0,-9999
4183,2017,6,24,8,258,-9999,-9999,-9999,35,-9999,0,-9999
4184,2017,6,24,9,256,-9999,-9999,-9999,38,-9999,0,-9999
4185,2017,6,24,10,257,-9999,-9999,-9999,41,-9999,0,-9999
4186,2017,6,24,11,262,-9999,-9999,-9999,45,-9999,0,-9999
4187,2017,6,24,12,269,-9999,-9999,-9999,41,-9999,0,-9999
4188,2017,6,24,13,247,-9999,-9999,-9999,31,-9999,0,-9999
4189,2017,6,24,14,272,-9999,-9999,-9999,21,-9999,0,-9999
4190,2017,6,24,15,287,-9999,-9999,-9999,26,-9999,0,-9999
4191,2017,6,24,16,291,-9999,-9999,-9999,28,-9999,0,-9999
4192,2017,6,24,17,298,-9999,-9999,-9999,24,-9999,0,-9999
4193,2017,6,24,18,300,-9999,-9999,-9999,23,-9999,0,-9999
4194,2017,6,24,19,302,-9999,-9999,-9999,24,-9999,0,-9999
4195,2017,6,24,20,303,-9999,-9999,-9999,21,-9999,0,-9999
4196,2017,6,24,21,301,-9999,-9999,-9999,20,-9999,0,-9999
4197,2017,6,24,22,297,-9999,-9999,-9999,16,-9999,0,-9999
4198,2017,6,24,23,287,-9999,-9999,-9999,9,-9999,0,-9999
4199,2017,6,25,0,266,-9999,-9999,-9999,13,-9999,0,-9999
4200,2017,6,25,1,259,-9999,-9999,-9999,7,-9999,0,-9999
4201,2017,6,25,2,256,-9999,-9999,-9999,8,-9999,0,-9999
4202,2017,6,25,3,251,-9999,-9999,-9999,15,-9999,0,-9999
4203,2017,6,25,4,256,-9999,-9999,-9999,16,-9999,0,-9999
4204,2017,6,25,5,246,-9999,-9999,-9999,9,-9999,0,-9999
4205,2017,6,25,6,246,-9999,-9999,-9999,12,-9999,0,-9999
4206,2017,6,25,7,242,-9999,-9999,-9999,13,-9999,0,-9999
4207,2017,6,25,8,239,-9999,-9999,-9999,11,-9999,0,-9999
4208,2017,6,25,9,236,-9999,-9999,-9999,14,-9999,0,-9999
4209,2017,6,25,10,235,-9999,-9999,-9999,13,-9999,0,-9999
4210,2017,6,25,11,242,-9999,-9999,-9999,13,-9999,0,-9999
4211,2017,6,25,12,246,-9999,-9999,-9999,26,-9999,0,-9999
4212,2017,6,25,13,258,-9999,-9999,-9999,17,-9999,0,-9999
4213,2017,6,25,14,271,-9999,-9999,-9999,15,-9999,0,-9999
4214,2017,6,25,15,276,-9999,-9999,-9999,11,-9999,0,-9999
4215,2017,6,25,16,277,-9999,-9999,-9999,28,-9999,0,-9999
4216,2017,6,25,17,279,-9999,-9999,-9999,33,-9999,0,-9999
4217,2017,6,25,18,278,-9999,-9999,-9999,32,-9999,0,-9999
4218,2017,6,25,19,282,-9999,-9999,-9999,31,-9999,0,-9999
4219,2017,6,25,20,286,-9999,-9999,-9999,24,-9999,0,-9999
4220,2017,6,25,21,274,-9999,-9999,-9999,16,-9999,0,-9999
4221,2017,6,25,22,279,-9999,-9999,-9999,8,-9999,0,-9999
4222,2017,6,25,23,254,-9999,-9999,-9999,6,-9999,0,-9999
4223,2017,6,26,0,244,-9999,-9999,-9999,1,-9999,0,-9999
4224,2017,6,26,1,238,-9999,-9999,-9999,3,-9999,0,-9999
4225,2017,6,26,2,236,-9999,-9999,-9999,3,-9999,0,-9999
4226,2017,6,26,3,232,-9999,-9999,-9999,9,-9999,0,-9999
4227,2017,6,26,4,219,-9999,-9999,-9999,6,-9999,0,-9999
4228,2017,6,26,5,228,-9999,-9999,-9999,9,-9999,0,-9999
4229,2017,6,26,6,216,-9999,-9999,-9999,9,-9999,0,-9999
4230,2017,6,26,7,200,-9999,-9999,-9999,8,-9999,0,-9999
4231,2017,6,26,8,198,-9999,-9999,-9999,10,-9999,0,-9999
4232,2017,6,26,9,191,-9999,-9999,-9999,4,-9999,0,-9999
4233,2017,6,26,10,174,-9999,-9999,-9999,3,-9999,0,-9999
4234,2017,6,26,11,201,-9999,-9999,-9999,3,-9999,0,-9999
4235,2017,6,26,12,238,-9999,-9999,-9999,12,-9999,0,-9999
4236,2017,6,26,13,246,-9999,-9999,-9999,22,-9999,0,-9999
4237,2017,6,26,14,255,-9999,-9999,-9999,24,-9999,0,-9999
4238,2017,6,26,15,265,-9999,-9999,-9999,19,-9999,0,-9999
4239,2017,6,26,16,264,-9999,-9999,-9999,24,-9999,0,-9999
4240,2017,6,26,17,252,-9999,-9999,-9999,24,-9999,0,-9999
4241,2017,6,26,18,256,-9999,-9999,-9999,30,-9999,0,-9999
4242,2017,6,26,19,260,-9999,-9999,-9999,28,-9999,0,-9999
4243,2017,6,26,20,261,-9999,-9999,-9999,33,-9999,0,-9999
4244,2017,6,26,21,256,-9999,-9999,-9999,33,-9999,0,-9999
4245,2017,6,26,22,252,-9999,-9999,-9999,28,-9999,0,-9999
4246,2017,6,26,23,246,-9999,-9999,-9999,23,-9999,0,-9999
4247,2017,6,27,0,233,-9999,-9999,-9999,20,-9999,0,-9999
4248,2017,6,27,1,227,-9999,-9999,-9999,17,-9999,0,-9999
4249,2017,6,27,2,229,-9999,-9999,-9999,15,-9999,0,-9999
4250,2017,6,27,3,228,-9999,-9999,-9999,17,-9999,0,-9999
4251,2017,6,27,4,220,-9999,-9999,-9999,12,-9999,0,-9999
4252,2017,6,27,5,212,-9999,-9999,-9999,15,-9999,0,-9999
4253,2017,6,27,6,217,-9999,-9999,-9999,12,-9999,0,-9999
4254,2017,6,27,7,214,-9999,-9999,-9999,10,-9999,0,-9999
4255,2017,6,27,8,206,-9999,-9999,-9999,11,-9999,0,-9999
4256,2017,6,27,9,199,-9999,-9999,-9999,6,-9999,0,-9999
4257,2017,6,27,10,197,-9999,-9999,-9999,8,-9999,0,-9999
4258,2017,6,27,11,215,-9999,-9999,-9999,4,-9999,0,-9999
4259,2017,6,27,12,236,-9999,-9999,-9999,9,-9999,0,-9999
4260,2017,6,27,13,239,-9999,-9999,-9999,29,-9999,0,-9999
4261,2017,6,27,14,249,-9999,-9999,-9999,29,-9999,0,-9999
4262,2017,6,27,15,236,-9999,-9999,-9999,23,-9999,0,-9999
4263,2017,6,27,16,242,-9999,-9999,-9999,18,-9999,0,-9999
4264,2017,6,27,17,249,-9999,-9999,-9999,19,-9999,0,-9999
4265,2017,6,27,18,245,-9999,-9999,-9999,23,-9999,0,-9999
4266,2017,6,27,19,250,-9999,-9999,-9999,18,-9999,0,-9999
4267,2017,6,27,20,262,-9999,-9999,-9999,16,-9999,0,-9999
4268,2017,6,27,21,249,-9999,-9999,-9999,13,-9999,0,-9999
4269,2017,6,27,22,236,-9999,-9999,-9999,4,-9999,0,-9999
4270,2017,6,27,23,236,-9999,-9999,-9999,5,-9999,0,-9999
4271,2017,6,28,0,228,-9999,-9999,-9999,13,-9999,0,-9999
4272,2017,6,28,1,197,-9999,-9999,-9999,6,-9999,0,-9999
4273,2017,6,28,2,203,-9999,-9999,-9999,5,-9999,0,-9999
4274,2017,6,28,3,186,-9999,-9999,-9999,5,-9999,0,-9999
4275,2017,6,28,4,182,-9999,-9999,-9999,5,-9999,0,-9999
4276,2017,6,28,5,180,-9999,-9999,-9999,5,-9999,0,-9999
4277,2017,6,28,6,168,-9999,-9999,-9999,5,-9999,0,-9999
4278,2017,6,28,7,174,-9999,-9999,-9999,8,-9999,0,-9999
4279,2017,6,28,8,192,-9999,-9999,-9999,14,-9999,0,-9999
4280,2017,6,28,9,186,-9999,-9999,-9999,20,-9999,0,-9999
4281,2017,6,28,10,185,-9999,-9999,-9999,23,-9999,0,-9999
4282,2017,6,28,11,190,-9999,-9999,-9999,20,-9999,0,-9999
4283,2017,6,28,12,207,-9999,-9999,-9999,18,-9999,0,-9999
4284,2017,6,28,13,217,-9999,-9999,-9999,23,-9999,0,-9999
4285,2017,6,28,14,224,-9999,-9999,-9999,23,-9999,0,-9999
4286,2017,6,28,15,231,-9999,-9999,-9999,23,-9999,0,-9999
4287,2017,6,28,16,225,-9999,-9999,-9999,26,-9999,0,-9999
4288,2017,6,28,17,235,-9999,-9999,-9999,26,-9999,0,-9999
4289,2017,6,28,18,238,-9999,-9999,-9999,24,-9999,0,-9999
4290,2017,6,28,19,236,-9999,-9999,-9999,30,-9999,0,-9999
4291,2017,6,28,20,234,-9999,-9999,-9999,30,-9999,0,-9999
4292,2017,6,28,21,238,-9999,-9999,-9999,28,-9999,0,-9999
4293,2017,6,28,22,242,-9999,-9999,-9999,18,-9999,0,-9999
4294,2017,6,28,23,227,-9999,-9999,-9999,26,-9999,0,-9999
4295,2017,6,29,0,221,-9999,-9999,-9999,21,-9999,0,-9999
4296,2017,6,29,1,209,-9999,-9999,-9999,15,-9999,0,-9999
4297,2017,6,29,2,209,-9999,-9999,-9999,12,-9999,0,-9999
4298,2017,6,29,3,207,-9999,-9999,-9999,15,-9999,0,-9999
4299,2017,6,29,4,207,-9999,-9999,-9999,10,-9999,0,-9999
4300,2017,6,29,5,195,-9999,-9999,-9999,13,-9999,0,-9999
4301,2017,6,29,6,197,-9999,-9999,-9999,15,-9999,0,-9999
4302,2017,6,29,7,198,-9999,-9999,-9999,11,-9999,0,-9999
4303,2017,6,29,8,196,-9999,-9999,-9999,12,-9999,0,-9999
4304,2017,6,29,9,190,-9999,-9999,-9999,9,-9999,0,-9999
4305,2017,6,29,10,192,-9999,-9999,-9999,4,-9999,0,-9999
4306,2017,6,29,11,207,-9999,-9999,-9999,9,-9999,0,-9999
4307,2017,6,29,12,220,-9999,-9999,-9999,12,-9999,0,-9999
4308,2017,6,29,13,240,-9999,-9999,-9999,19,-9999,0,-9999
4309,2017,6,29,14,251,-9999,-9999,-9999,24,-9999,0,-9999
4310,2017,6,29,15,260,-9999,-9999,-9999,23,-9999,0,-9999
4311,2017,6,29,16,273,-9999,-9999,-9999,27,-9999,0,-9999
4312,2017,6,29,17,274,-9999,-9999,-9999,29,-9999,0,-9999
4313,2017,6,29,18,265,-9999,-9999,-9999,35,-9999,0,-9999
4314,2017,6,29,19,264,-9999,-9999,-9999,35,-9999,0,-9999
4315,2017,6,29,20,266,-9999,-9999,-9999,35,-9999,0,-9999
4316,2017,6,29,21,261,-9999,-9999,-9999,37,-9999,0,-9999
4317,2017,6,29,22,260,-9999,-9999,-9999,38,-9999,0,-9999
4318,2017,6,29,23,250,-9999,-9999,-9999,38,-9999,0,-9999
4319,2017,6,30,0,243,-9999,-9999,-9999,35,-9999,0,-9999
4320,2017,6,30,1,237,-9999,-9999,-9999,33,-9999,0,-9999
4321,2017,6,30,2,233,-9999,-9999,-9999,25,-9999,0,-9999
4322,2017,6,30,3,236,-9999,-9999,-9999,21,-9999,0,-9999
4323,2017,6,30,4,234,-9999,-9999,-9999,20,-9999,0,-9999
4324,2017,6,30,5,232,-9999,-9999,-9999,22,-9999,0,-9999
4325,2017,6,30,6,232,-9999,-9999,-9999,23,-9999,0,-9999
4326,2017,6,30,7,231,-9999,-9999,-9999,21,-9999,0,-9999
4327,2017,6,30,8,230,-9999,-9999,-9999,18,-9999,0,-9999
4328,2017,6,30,9,226,-9999,-9999,-9999,18,-9999,0,-9999
4329,2017,6,30,10,226,-9999,-9999,-9999,17,-9999,0,-9999
4330,2017,6,30,11,235,-9999,-9999,-9999,20,-9999,0,-9999
4331,2017,6,30,12,249,-9999,-9999,-9999,25,-9999,0,-9999
4332,2017,6,30,13,258,-9999,-9999,-9999,30,-9999,0,-9999
4333,2017,6,30,14,267,-9999,-9999,-9999,36,-9999,0,-9999
4334,2017,6,30,15,275,-9999,-9999,-9999,36,-9999,0,-9999
4335,2017,6,30,16,283,-9999,-9999,-9999,36,-9999,0,-9999
4336,2017,6,30,17,290,-9999,-9999,-9999,30,-9999,0,-9999
4337,2017,6,30,18,289,-9999,-9999,-9999,31,-9999,0,-9999
4338,2017,6,30,19,279,-9999,-9999,-9999,35,-9999,0,-9999
4339,2017,6,30,20,281,-9999,-9999,-9999,34,-9999,0,-9999
4340,2017,6,30,21,272,-9999,-9999,-9999,36,-9999,0,-9999
4341,2017,6,30,22,270,-9999,-9999,-9999,40,-9999,0,-9999
4342,2017,6,30,23,264,-9999,-9999,-9999,35,-9999,0,-9999
4343,2017,7,1,0,256,-9999,-9999,-9999,29,-9999,0,-9999
4344,2017,7,1,1,256,-9999,-9999,-9999,21,-9999,0,-9999
4345,2017,7,1,2,260,-9999,-9999,-9999,15,-9999,0,-9999
4346,2017,7,1,3,255,-9999,-9999,-9999,14,-9999,0,-9999
4347,2017,7,1,4,254,-9999,-9999,-9999,15,-9999,0,-9999
4348,2017,7,1,5,251,-9999,-9999,-9999,17,-9999,0,-9999
4349,2017,7,1,6,250,-9999,-9999,-9999,23,-9999,0,-9999
4350,2017,7,1,7,245,-9999,-9999,-9999,22,-9999,0,-9999
4351,2017,7,1,8,243,-9999,-9999,-9999,22,-9999,0,-9999
4352,2017,7,1,9,240,-9999,-9999,-9999,15,-9999,0,-9999
4353,2017,7,1,10,240,-9999,-9999,-9999,17,-9999,0,-9999
4354,2017,7,1,11,243,-9999,-9999,-9999,20,-9999,0,-9999
4355,2017,7,1,12,247,-9999,-9999,-9999,23,-9999,0,-9999
4356,2017,7,1,13,256,-9999,-9999,-9999,25,-9999,0,-9999
4357,2017,7,1,14,262,-9999,-9999,-9999,26,-9999,0,-9999
4358,2017,7,1,15,280,-9999,-9999,-9999,28,-9999,0,-9999
4359,2017,7,1,16,286,-9999,-9999,-9999,31,-9999,0,-9999
4360,2017,7,1,17,285,-9999,-9999,-9999,31,-9999,0,-9999
4361,2017,7,1,18,289,-9999,-9999,-9999,32,-9999,0,-9999
4362,2017,7,1,19,293,-9999,-9999,-9999,29,-9999,0,-9999
4363,2017,7,1,20,304,-9999,-9999,-9999,29,-9999,0,-9999
4364,2017,7,1,21,303,-9999,-9999,-9999,32,-9999,0,-9999
4365,2017,7,1,22,303,-9999,-9999,-9999,27,-9999,0,-9999
4366,2017,7,1,23,298,-9999,-9999,-9999,26,-9999,0,-9999
4367,2017,7,2,0,287,-9999,-9999,-9999,21,-9999,0,-9999
4368,2017,7,2,1,282,-9999,-9999,-9999,19,-9999,0,-9999
4369,2017,7,2,2,279,-9999,-9999,-9999,19,-9999,0,-9999
4370,2017,7,2,3,276,-9999,-9999,-9999,21,-9999,0,-9999
4371,2017,7,2,4,270,-9999,-9999,-9999,18,-9999,0,-9999
4372,2017,7,2,5,259,-9999,-9999,-9999,10,-9999,0,-9999
4373,2017,7,2,6,260,-9999,-9999,-9999,10,-9999,0,-9999
4374,2017,7,2,7,257,-9999,-9999,-9999,8,-9999,0,-9999
4375,2017,7,2,8,255,-9999,-9999,-9999,13,-9999,0,-9999
4376,2017,7,2,9,253,-9999,-9999,-9999,13,-9999,0,-9999
4377,2017,7,2,10,247,-9999,-9999,-9999,9,-9999,0,-9999
4378,2017,7,2,11,256,-9999,-9999,-9999,6,-9999,0,-9999
4379,2017,7,2,12,263,-9999,-9999,-9999,13,-9999,0,-9999
4380,2017,7,2,13,273,-9999,-9999,-9999,18,-9999,0,-9999
4381,2017,7,2,14,280,-9999,-9999,-9999,16,-9999,0,-9999
4382,2017,7,2,15,287,-9999,-9999,-9999,16,-9999,0,-9999
4383,2017,7,2,16,291,-9999,-9999,-9999,16,-9999,0,-9999
4384,2017,7,2,17,302,-9999,-9999,-9999,20,-9999,0,-9999
4385,2017,7,2,18,307,-9999,-9999,-9999,16,-9999,0,-9999
4386,2017,7,2,19,306,-9999,-9999,-9999,16,-9999,0,-9999
4387,2017,7,2,20,304,-9999,-9999,-9999,22,-9999,0,-9999
4388,2017,7,2,21,296,-9999,-9999,-9999,21,-9999,0,-9999
4389,2017,7,2,22,285,-9999,-9999,-9999,25,-9999,0,-9999
4390,2017,7,2,23,279,-9999,-9999,-9999,22,-9999,0,-9999
4391,2017,7,3,0,259,-9999,-9999,-9999,17,-9999,0,-9999
4392,2017,7,3,1,253,-9999,-9999,-9999,13,-9999,0,-9999
4393,2017,7,3,2,249,-9999,-9999,-9999,12,-9999,0,-9999
4394,2017,7,3,3,237,-9999,-9999,-9999,5,-9999,0,-9999
4395,2017,7,3,4,241,-9999,-9999,-9999,5,-9999,0,-9999
4396,2017,7,3,5,247,-9999,-9999,-9999,7,-9999,0,-9999
4397,2017,7,3,6,247,-9999,-9999,-9999,9,-9999,0,-9999
4398,2017,7,3,7,245,-9999,-9999,-9999,9,-9999,0,-9999
4399,2017,7,3,8,245,-9999,-9999,-9999,8,-9999,0,-9999
4400,2017,7,3,9,244,-9999,-9999,-9999,7,-9999,0,-9999
4401,2017,7,3,10,241,-9999,-9999,-9999,6,-9999,0,-9999
4402,2017,7,3,11,252,-9999,-9999,-9999,8,-9999,0,-9999
4403,2017,7,3,12,271,-9999,-9999,-9999,13,-9999,0,-9999
4404,2017,7,3,13,282,-9999,-9999,-9999,18,-9999,0,-9999
4405,2017,7,3,14,292,-9999,-9999,-9999,21,-9999,0,-9999
4406,2017,7,3,15,291,-9999,-9999,-9999,24,-9999,0,-9999
4407,2017,7,3,16,296,-9999,-9999,-9999,23,-9999,0,-9999
4408,2017,7,3,17,307,-9999,-9999,-9999,30,-9999,0,-9999
4409,2017,7,3,18,301,-9999,-9999,-9999,25,-9999,0,-9999
4410,2017,7,3,19,317,-9999,-9999,-9999,16,-9999,0,-9999
4411,2017,7,3,20,302,-9999,-9999,-9999,20,-9999,0,-9999
4412,2017,7,3,21,296,-9999,-9999,-9999,24,-9999,0,-9999
4413,2017,7,3,22,285,-9999,-9999,-9999,27,-9999,0,-9999
4414,2017,7,3,23,280,-9999,-9999,-9999,19,-9999,0,-9999
4415,2017,7,4,0,270,-9999,-9999,-9999,12,-9999,0,-9999
4416,2017,7,4,1,252,-9999,-9999,-9999,7,-9999,0,-9999
4417,2017,7,4,2,236,-9999,-9999,-9999,2,-9999,0,-9999
4418,2017,7,4,3,243,-9999,-9999,-9999,5,-9999,0,-9999
4419,2017,7,4,4,251,-9999,-9999,-9999,11,-9999,0,-9999
4420,2017,7,4,5,253,-9999,-9999,-9999,9,-9999,0,-9999
4421,2017,7,4,6,249,-9999,-9999,-9999,8,-9999,0,-9999
4422,2017,7,4,7,247,-9999,-9999,-9999,9,-9999,0,-9999
4423,2017,7,4,8,238,-9999,-9999,-9999,7,-9999,0,-9999
4424,2017,7,4,9,239,-9999,-9999,-9999,6,-9999,0,-9999
4425,2017,7,4,10,225,-9999,-9999,-9999,3,-9999,0,-9999
4426,2017,7,4,11,236,-9999,-9999,-9999,4,-9999,0,-9999
4427,2017,7,4,12,254,-9999,-9999,-9999,3,-9999,0,-9999
4428,2017,7,4,13,269,-9999,-9999,-9999,10,-9999,0,-9999
4429,2017,7,4,14,282,-9999,-9999,-9999,11,-9999,0,-9999
4430,2017,7,4,15,285,-9999,-9999,-9999,15,-9999,0,-9999
4431,2017,7,4,16,292,-9999,-9999,-9999,17,-9999,0,-9999
4432,2017,7,4,17,300,-9999,-9999,-9999,21,-9999,0,-9999
4433,2017,7,4,18,301,-9999,-9999,-9999,24,-9999,0,-9999
4434,2017,7,4,19,296,-9999,-9999,-9999,23,-9999,0,-9999
4435,2017,7,4,20,296,-9999,-9999,-9999,26,-9999,0,-9999
4436,2017,7,4,21,282,-9999,-9999,-9999,27,-9999,0,-9999
4437,2017,7,4,22,266,-9999,-9999,-9999,26,-9999,0,-9999
4438,2017,7,4,23,262,-9999,-9999,-9999,22,-9999,0,-9999
4439,2017,7,5,0,257,-9999,-9999,-9999,19,-9999,0,-9999
4440,2017,7,5,1,251,-9999,-9999,-9999,11,-9999,0,-9999
4441,2017,7,5,2,240,-9999,-9999,-9999,4,-9999,0,-9999
4442,2017,7,5,3,242,-9999,-9999,-9999,3,-9999,0,-9999
4443,2017,7,5,4,240,-9999,-9999,-9999,3,-9999,0,-9999
4444,2017,7,5,5,240,-9999,-9999,-9999,2,-9999,0,-9999
4445,2017,7,5,6,234,-9999,-9999,-9999,5,-9999,0,-9999
4446,2017,7,5,7,244,-9999,-9999,-9999,6,-9999,0,-9999
4447,2017,7,5,8,227,-9999,-9999,-9999,3,-9999,0,-9999
4448,2017,7,5,9,224,-9999,-9999,-9999,6,-9999,0,-9999
4449,2017,7,5,10,230,-9999,-9999,-9999,7,-9999,0,-9999
4450,2017,7,5,11,250,-9999,-9999,-9999,7,-9999,0,-9999
4451,2017,7,5,12,250,-9999,-9999,-9999,17,-9999,0,-9999
4452,2017,7,5,13,258,-9999,-9999,-9999,19,-9999,0,-9999
4453,2017,7,5,14,263,-9999,-9999,-9999,23,-9999,0,-9999
4454,2017,7,5,15,268,-9999,-9999,-9999,27,-9999,0,-9999
4455,2017,7,5,16,270,-9999,-9999,-9999,29,-9999,0,-9999
4456,2017,7,5,17,279,-9999,-9999,-9999,27,-9999,0,-9999
4457,2017,7,5,18,271,-9999,-9999,-9999,35,-9999,0,-9999
4458,2017,7,5,19,273,-9999,-9999,-9999,36,-9999,0,-9999
4459,2017,7,5,20,273,-9999,-9999,-9999,34,-9999,0,-9999
4460,2017,7,5,21,257,-9999,-9999,-9999,35,-9999,0,-9999
4461,2017,7,5,22,257,-9999,-9999,-9999,33,-9999,0,-9999
4462,2017,7,5,23,253,-9999,-9999,-9999,31,-9999,0,-9999
4463,2017,7,6,0,250,-9999,-9999,-9999,26,-9999,0,-9999
4464,2017,7,6,1,248,-9999,-9999,-9999,23,-9999,5,-9999
4465,2017,7,6,2,249,-9999,-9999,-9999,21,-9999,0,-9999
4466,2017,7,6,3,250,-9999,-9999,-9999,19,-9999,0,-9999
4467,2017,7,6,4,249,-9999,-9999,-9999,22,-9999,0,-9999
4468,2017,7,6,5,249,-9999,-9999,-9999,20,-9999,0,-9999
4469,2017,7,6,6,248,-9999,-9999,-9999,22,-9999,0,-9999
4470,2017,7,6,7,248,-9999,-9999,-9999,22,-9999,0,-9999
4471,2017,7,6,8,247,-9999,-9999,-9999,22,-9999,0,-9999
4472,2017,7,6,9,249,-9999,-9999,-9999,28,-9999,0,-9999
4473,2017,7,6,10,250,-9999,-9999,-9999,29,-9999,0,-9999
4474,2017,7,6,11,250,-9999,-9999,-9999,28,-9999,3,-9999
4475,2017,7,6,12,248,-9999,-9999,-9999,28,-9999,33,-9999
4476,2017,7,6,13,239,-9999,-9999,-9999,25,-9999,36,-9999
4477,2017,7,6,14,239,-9999,-9999,-9999,23,-9999,114,-9999
4478,2017,7,6,15,265,-9999,-9999,-9999,13,-9999,0,-9999
4479,2017,7,6,16,277,-9999,-9999,-9999,20,-9999,0,-9999
4480,2017,7,6,17,284,-9999,-9999,-9999,23,-9999,0,-9999
4481,2017,7,6,18,289,-9999,-9999,-9999,24,-9999,0,-9999
4482,2017,7,6,19,282,-9999,-9999,-9999,29,-9999,0,-9999
4483,2017,7,6,20,292,-9999,-9999,-9999,26,-9999,0,-9999
4484,2017,7,6,21,297,-9999,-9999,-9999,22,-9999,0,-9999
4485,2017,7,6,22,290,-9999,-9999,-9999,19,-9999,0,-9999
4486,2017,7,6,23,291,-9999,-9999,-9999,14,-9999,0,-9999
4487,2017,7,7,0,280,-9999,-9999,-9999,8,-9999,0,-9999
4488,2017,7,7,1,263,-9999,-9999,-9999,4,-9999,0,-9999
4489,2017,7,7,2,265,-9999,-9999,-9999,9,-9999,0,-9999
4490,2017,7,7,3,267,-9999,-9999,-9999,8,-9999,0,-9999
4491,2017,7,7,4,273,-9999,-9999,-9999,16,-9999,0,-9999
4492,2017,7,7,5,267,-9999,-9999,-9999,14,-9999,0,-9999
4493,2017,7,7,6,267,-9999,-9999,-9999,17,-9999,0,-9999
4494,2017,7,7,7,244,-9999,-9999,-9999,6,-9999,0,-9999
4495,2017,7,7,8,256,-9999,-9999,-9999,11,-9999,0,-9999
4496,2017,7,7,9,258,-9999,-9999,-9999,22,-9999,0,-9999
4497,2017,7,7,10,261,-9999,-9999,-9999,21,-9999,0,-9999
4498,2017,7,7,11,263,-9999,-9999,-9999,22,-9999,0,-9999
4499,2017,7,7,12,265,-9999,-9999,-9999,29,-9999,0,-9999
4500,2017,7,7,13,273,-9999,-9999,-9999,29,-9999,0,-9999
4501,2017,7,7,14,278,-9999,-9999,-9999,33,-9999,0,-9999
4502,2017,7,7,15,286,-9999,-9999,-9999,34,-9999,0,-9999
4503,2017,7,7,16,293,-9999,-9999,-9999,35,-9999,0,-9999
4504,2017,7,7,17,299,-9999,-9999,-9999,34,-9999,0,-9999
4505,2017,7,7,18,304,-9999,-9999,-9999,29,-9999,0,-9999
4506,2017,7,7,19,260,-9999,-9999,-9999,25,-9999,37,-9999
4507,2017,7,7,20,266,-9999,-9999,-9999,21,-9999,0,-9999
4508,2017,7,7,21,286,-9999,-9999,-9999,18,-9999,0,-9999
4509,2017,7,7,22,291,-9999,-9999,-9999,14,-9999,0,-9999
4510,2017,7,7,23,285,-9999,-9999,-9999,12,-9999,0,-9999
4511,2017,7,8,0,269,-9999,-9999,-9999,7,-9999,0,-9999
4512,2017,7,8,1,254,-9999,-9999,-9999,5,-9999,0,-9999
4513,2017,7,8,2,247,-9999,-9999,-9999,4,-9999,0,-9999
4514,2017,7,8,3,250,-9999,-9999,-9999,11,-9999,0,-9999
4515,2017,7,8,4,253,-9999,-9999,-9999,12,-9999,0,-9999
4516,2017,7,8,5,250,-9999,-9999,-9999,11,-9999,0,-9999
4517,2017,7,8,6,259,-9999,-9999,-9999,15,-9999,0,-9999
4518,2017,7,8,7,257,-9999,-9999,-9999,15,-9999,0,-9999
4519,2017,7,8,8,260,-9999,-9999,-9999,14,-9999,0,-9999
4520,2017,7,8,9,255,-9999,-9999,-9999,15,-9999,0,-9999
4521,2017,7,8,10,251,-9999,-9999,-9999,15,-9999,0,-9999
4522,2017,7,8,11,256,-9999,-9999,-9999,21,-9999,0,-9999
4523,2017,7,8,12,267,-9999,-9999,-9999,22,-9999,0,-9999
4524,2017,7,8,13,273,-9999,-9999,-9999,27,-9999,0,-9999
4525,2017,7,8,14,281,-9999,-9999,-9999,28,-9999,0,-9999
4526,2017,7,8,15,290,-9999,-9999,-9999,25,-9999,0,-9999
4527,2017,7,8,16,299,-9999,-9999,-9999,24,-9999,0,-9999
4528,2017,7,8,17,306,-9999,-9999,-9999,25,-9999,0,-9999
4529,2017,7,8,18,309,-9999,-9999,-9999,27,-9999,0,-9999
4530,2017,7,8,19,314,-9999,-9999,-9999,28,-9999,0,-9999
4531,2017,7,8,20,319,-9999,-9999,-9999,29,-9999,0,-9999
4532,2017,7,8,21,320,-9999,-9999,-9999,24,-9999,0,-9999
4533,2017,7,8,22,314,-9999,-9999,-9999,25,-9999,0,-9999
4534,2017,7,8,23,306,-9999,-9999,-9999,16,-9999,0,-9999
4535,2017,7,9,0,289,-9999,-9999,-9999,9,-9999,0,-9999
4536,2017,7,9,1,285,-9999,-9999,-9999,10,-9999,0,-9999
4537,2017,7,9,2,258,-9999,-9999,-9999,16,-9999,0,-9999
4538,2017,7,9,3,252,-9999,-9999,-9999,7,-9999,0,-9999
4539,2017,7,9,4,236,-9999,-9999,-9999,19,-9999,22,-9999
4540,2017,7,9,5,231,-9999,-9999,-9999,13,-9999,11,-9999
4541,2017,7,9,6,225,-9999,-9999,-9999,4,-9999,0,-9999
4542,2017,7,9,7,219,-9999,-9999,-9999,5,-9999,0,-9999
4543,2017,7,9,8,223,-9999,-9999,-9999,8,-9999,0,-9999
4544,2017,7,9,9,213,-9999,-9999,-9999,8,-9999,0,-9999
4545,2017,7,9,10,212,-9999,-9999,-9999,3,-9999,0,-9999
4546,2017,7,9,11,224,-9999,-9999,-9999,13,-9999,0,-9999
4547,2017,7,9,12,248,-9999,-9999,-9999,15,-9999,0,-9999
4548,2017,7,9,13,260,-9999,-9999,-9999,19,-9999,0,-9999
4549,2017,7,9,14,265,-9999,-9999,-9999,19,-9999,0,-9999
4550,2017,7,9,15,274,-9999,-9999,-9999,22,-9999,0,-9999
4551,2017,7,9,16,276,-9999,-9999,-9999,25,-9999,0,-9999
4552,2017,7,9,17,269,-9999,-9999,-9999,26,-9999,0,-9999
4553,2017,7,9,18,272,-9999,-9999,-9999,25,-9999,0,-9999
4554,2017,7,9,19,274,-9999,-9999,-9999,24,-9999,0,-9999
4555,2017,7,9,20,277,-9999,-9999,-9999,24,-9999,0,-9999
4556,2017,7,9,21,277,-9999,-9999,-9999,20,-9999,0,-9999
4557,2017,7,9,22,272,-9999,-9999,-9999,21,-9999,0,-9999
4558,2017,7,9,23,265,-9999,-9999,-9999,22,-9999,0,-9999
4559,2017,7,10,0,254,-9999,-9999,-9999,17,-9999,0,-9999
4560,2017,7,10,1,245,-9999,-9999,-9999,14,-9999,0,-9999
4561,2017,7,10,2,247,-9999,-9999,-9999,15,-9999,0,-9999
4562,2017,7,10,3,246,-9999,-9999,-9999,19,-9999,0,-9999
4563,2017,7,10,4,245,-9999,-9999,-9999,20,-9999,0,-9999
4564,2017,7,10,5,243,-9999,-9999,-9999,17,-9999,0,-9999
4565,2017,7,10,6,241,-9999,-9999,-9999,16,-9999,0,-9999
4566,2017,7,10,7,242,-9999,-9999,-9999,12,-9999,0,-9999
4567,2017,7,10,8,233,-9999,-9999,-9999,7,-9999,0,-9999
4568,2017,7,10,9,243,-9999,-9999,-9999,5,-9999,0,-9999
4569,2017,7,10,10,243,-9999,-9999,-9999,10,-9999,0,-9999
4570,2017,7,10,11,247,-9999,-9999,-9999,14,-9999,0,-9999
4571,2017,7,10,12,251,-9999,-9999,-9999,22,-9999,0,-9999
4572,2017,7,10,13,257,-9999,-9999,-9999,28,-9999,0,-9999
4573,2017,7,10,14,261,-9999,-9999,-9999,26,-9999,0,-9999
4574,2017,7,10,15,268,-9999,-9999,-9999,27,-9999,0,-9999
4575,2017,7,10,16,271,-9999,-9999,-9999,31,-9999,0,-9999
4576,2017,7,10,17,276,-9999,-9999,-9999,31,-9999,0,-9999
4577,2017,7,10,18,283,-9999,-9999,-9999,28,-9999,0,-9999
4578,2017,7,10,19,281,-9999,-9999,-9999,30,-9999,0,-9999
4579,2017,7,10,20,278,-9999,-9999,-9999,34,-9999,0,-9999
4580,2017,7,10,21,277,-9999,-9999,-9999,36,-9999,0,-9999
4581,2017,7,10,22,278,-9999,-9999,-9999,25,-9999,0,-9999
4582,2017,7,10,23,270,-9999,-9999,-9999,22,-9999,0,-9999
4583,2017,7,11,0,275,-9999,-9999,-9999,17,-9999,0,-9999
4584,2017,7,11,1,266,-9999,-9999,-9999,13,-9999,0,-9999
4585,2017,7,11,2,262,-9999,-9999,-9999,18,-9999,0,-9999
4586,2017,7,11,3,259,-9999,-9999,-9999,19,-9999,0,-9999
4587,2017,7,11,4,258,-9999,-9999,-9999,16,-9999,0,-9999
4588,2017,7,11,5,256,-9999,-9999,-9999,20,-9999,0,-9999
4589,2017,7,11,6,251,-9999,-9999,-9999,20,-9999,0,-9999
4590,2017,7,11,7,244,-9999,-9999,-9999,17,-9999,0,-9999
4591,2017,7,11,8,243,-9999,-9999,-9999,17,-9999,0,-9999
4592,2017,7,11,9,239,-9999,-9999,-9999,16,-9999,0,-9999
4593,2017,7,11,10,238,-9999,-9999,-9999,15,-9999,0,-9999
4594,2017,7,11,11,244,-9999,-9999,-9999,18,-9999,0,-9999
4595,2017,7,11,12,253,-9999,-9999,-9999,23,-9999,0,-9999
4596,2017,7,11,13,261,-9999,-9999,-9999,23,-9999,0,-9999
4597,2017,7,11,14,272,-9999,-9999,-9999,23,-9999,0,-9999
4598,2017,7,11,15,280,-9999,-9999,-9999,24,-9999,0,-9999
4599,2017,7,11,16,298,-9999,-9999,-9999,22,-9999,0,-9999
4600,2017,7,11,17,298,-9999,-9999,-9999,26,-9999,0,-9999
4601,2017,7,11,18,304,-9999,-9999,-9999,31,-9999,0,-9999
4602,2017,7,11,19,308,-9999,-9999,-9999,33,-9999,0,-9999
4603,2017,7,11,20,318,-9999,-9999,-9999,32,-9999,0,-9999
4604,2017,7,11,21,318,-9999,-9999,-9999,23,-9999,0,-9999
4605,2017,7,11,22,317,-9999,-9999,-9999,20,-9999,0,-9999
4606,2017,7,11,23,307,-9999,-9999,-9999,19,-9999,0,-9999
4607,2017,7,12,0,299,-9999,-9999,-9999,20,-9999,0,-9999
4608,2017,7,12,1,294,-9999,-9999,-9999,17,-9999,0,-9999
4609,2017,7,12,2,289,-9999,-9999,-9999,15,-9999,0,-9999
4610,2017,7,12,3,284,-9999,-9999,-9999,16,-9999,0,-9999
4611,2017,7,12,4,278,-9999,-9999,-9999,16,-9999,0,-9999
4612,2017,7,12,5,278,-9999,-9999,-9999,20,-9999,0,-9999
4613,2017,7,12,6,277,-9999,-9999,-9999,23,-9999,0,-9999
4614,2017,7,12,7,270,-9999,-9999,-9999,26,-9999,0,-9999
4615,2017,7,12,8,265,-9999,-9999,-9999,21,-9999,0,-9999
4616,2017,7,12,9,263,-9999,-9999,-9999,19,-9999,0,-9999
4617,2017,7,12,10,262,-9999,-9999,-9999,18,-9999,0,-9999
4618,2017,7,12,11,266,-9999,-9999,-9999,15,-9999,0,-9999
4619,2017,7,12,12,272,-9999,-9999,-9999,20,-9999,0,-9999
4620,2017,7,12,13,279,-9999,-9999,-9999,24,-9999,0,-9999
4621,2017,7,12,14,283,-9999,-9999,-9999,26,-9999,0,-9999
4622,2017,7,12,15,294,-9999,-9999,-9999,25,-9999,0,-9999
4623,2017,7,12,16,305,-9999,-9999,-9999,26,-9999,0,-9999
4624,2017,7,12,17,313,-9999,-9999,-9999,24,-9999,0,-9999
4625,2017,7,12,18,323,-9999,-9999,-9999,25,-9999,0,-9999
4626,2017,7,12,19,328,-9999,-9999,-9999,25,-9999,0,-9999
4627,2017,7,12,20,333,-9999,-9999,-9999,24,-9999,0,-9999
4628,2017,7,12,21,333,-9999,-9999,-9999,24,-9999,0,-9999
4629,2017,7,12,22,321,-9999,-9999,-9999,22,-9999,0,-9999
4630,2017,7,12,23,312,-9999,-9999,-9999,19,-9999,0,-9999
4631,2017,7,13,0,305,-9999,-9999,-9999,14,-9999,0,-9999
4632,2017,7,13,1,303,-9999,-9999,-9999,19,-9999,0,-9999
4633,2017,7,13,2,297,-9999,-9999,-9999,19,-9999,0,-9999
4634,2017,7,13,3,290,-9999,-9999,-9999,14,-9999,0,-9999
4635,2017,7,13,4,286,-9999,-9999,-9999,14,-9999,0,-9999
4636,2017,7,13,5,281,-9999,-9999,-9999,15,-9999,0,-9999
4637,2017,7,13,6,281,-9999,-9999,-9999,18,-9999,0,-9999
4638,2017,7,13,7,277,-9999,-9999,-9999,20,-9999,0,-9999
4639,2017,7,13,8,272,-9999,-9999,-9999,28,-9999,0,-9999
4640,2017,7,13,9,269,-9999,-9999,-9999,22,-9999,0,-9999
4641,2017,7,13,10,269,-9999,-9999,-9999,21,-9999,0,-9999
4642,2017,7,13,11,272,-9999,-9999,-9999,21,-9999,0,-9999
4643,2017,7,13,12,278,-9999,-9999,-9999,25,-9999,0,-9999
4644,2017,7,13,13,285,-9999,-9999,-9999,25,-9999,0,-9999
4645,2017,7,13,14,297,-9999,-9999,-9999,28,-9999,0,-9999
4646,2017,7,13,15,300,-9999,-9999,-9999,35,-9999,0,-9999
4647,2017,7,13,16,314,-9999,-9999,-9999,30,-9999,0,-9999
4648,2017,7,13,17,323,-9999,-9999,-9999,33,-9999,0,-9999
4649,2017,7,13,18,327,-9999,-9999,-9999,35,-9999,0,-9999
4650,2017,7,13,19,332,-9999,-9999,-9999,31,-9999,0,-9999
4651,2017,7,13,20,334,-9999,-9999,-9999,32,-9999,0,-9999
4652,2017,7,13,21,336,-9999,-9999,-9999,31,-9999,0,-9999
4653,2017,7,13,22,331,-9999,-9999,-9999,30,-9999,0,-9999
4654,2017,7,13,23,324,-9999,-9999,-9999,26,-9999,0,-9999
4655,2017,7,14,0,316,-9999,-9999,-9999,27,-9999,0,-9999
4656,2017,7,14,1,308,-9999,-9999,-9999,21,-9999,0,-9999
4657,2017,7,14,2,306,-9999,-9999,-9999,19,-9999,0,-9999
4658,2017,7,14,3,303,-9999,-9999,-9999,23,-9999,0,-9999
4659,2017,7,14,4,298,-9999,-9999,-9999,26,-9999,0,-9999
4660,2017,7,14,5,290,-9999,-9999,-9999,29,-9999,0,-9999
4661,2017,7,14,6,284,-9999,-9999,-9999,32,-9999,0,-9999
4662,2017,7,14,7,277,-9999,-9999,-9999,31,-9999,0,-9999
4663,2017,7,14,8,274,-9999,-9999,-9999,30,-9999,0,-9999
4664,2017,7,14,9,274,-9999,-9999,-9999,21,-9999,0,-9999
4665,2017,7,14,10,273,-9999,-9999,-9999,22,-9999,0,-9999
4666,2017,7,14,11,273,-9999,-9999,-9999,20,-9999,0,-9999
4667,2017,7,14,12,281,-9999,-9999,-9999,27,-9999,0,-9999
4668,2017,7,14,13,286,-9999,-9999,-9999,32,-9999,0,-9999
4669,2017,7,14,14,295,-9999,-9999,-9999,31,-9999,0,-9999
4670,2017,7,14,15,301,-9999,-9999,-9999,28,-9999,0,-9999
4671,2017,7,14,16,310,-9999,-9999,-9999,27,-9999,0,-9999
4672,2017,7,14,17,320,-9999,-9999,-9999,28,-9999,0,-9999
4673,2017,7,14,18,326,-9999,-9999,-9999,28,-9999,0,-9999
4674,2017,7,14,19,332,-9999,-9999,-9999,26,-9999,0,-9999
4675,2017,7,14,20,341,-9999,-9999,-9999,28,-9999,0,-9999
4676,2017,7,14,21,341,-9999,-9999,-9999,30,-9999,0,-9999
4677,2017,7,14,22,338,-9999,-9999,-9999,30,-9999,0,-9999
4678,2017,7,14,23,333,-9999,-9999,-9999,27,-9999,0,-9999
4679,2017,7,15,0,319,-9999,-9999,-9999,21,-9999,0,-9999
4680,2017,7,15,1,268,-9999,-9999,-9999,23,-9999,4,-9999
4681,2017,7,15,2,242,-9999,-9999,-9999,22,-9999,195,-9999
4682,2017,7,15,3,243,-9999,-9999,-9999,7,-9999,0,-9999
4683,2017,7,15,4,246,-9999,-9999,-9999,8,-9999,0,-9999
4684,2017,7,15,5,247,-9999,-9999,-9999,20,-9999,0,-9999
4685,2017,7,15,6,243,-9999,-9999,-9999,25,-9999,0,-9999
4686,2017,7,15,7,240,-9999,-9999,-9999,14,-9999,0,-9999
4687,2017,7,15,8,249,-9999,-9999,-9999,19,-9999,0,-9999
4688,2017,7,15,9,245,-9999,-9999,-9999,25,-9999,11,-9999
4689,2017,7,15,10,244,-9999,-9999,-9999,19,-9999,0,-9999
4690,2017,7,15,11,244,-9999,-9999,-9999,9,-9999,0,-9999
4691,2017,7,15,12,258,-9999,-9999,-9999,11,-9999,0,-9999
4692,2017,7,15,13,263,-9999,-9999,-9999,19,-9999,0,-9999
4693,2017,7,15,14,264,-9999,-9999,-9999,15,-9999,0,-9999
4694,2017,7,15,15,284,-9999,-9999,-9999,17,-9999,0,-9999
4695,2017,7,15,16,295,-9999,-9999,-9999,24,-9999,0,-9999
4696,2017,7,15,17,304,-9999,-9999,-9999,34,-9999,0,-9999
4697,2017,7,15,18,308,-9999,-9999,-9999,32,-9999,0,-9999
4698,2017,7,15,19,311,-9999,-9999,-9999,29,-9999,0,-9999
4699,2017,7,15,20,307,-9999,-9999,-9999,26,-9999,0,-9999
4700,2017,7,15,21,307,-9999,-9999,-9999,21,-9999,0,-9999
4701,2017,7,15,22,302,-9999,-9999,-9999,22,-9999,0,-9999
4702,2017,7,15,23,294,-9999,-9999,-9999,18,-9999,0,-9999
4703,2017,7,16,0,263,-9999,-9999,-9999,5,-9999,0,-9999
4704,2017,7,16,1,243,-9999,-9999,-9999,3,-9999,0,-9999
4705,2017,7,16,2,238,-9999,-9999,-9999,4,-9999,0,-9999
4706,2017,7,16,3,249,-9999,-9999,-9999,2,-9999,0,-9999
4707,2017,7,16,4,247,-9999,-9999,-9999,5,-9999,0,-9999
4708,2017,7,16,5,249,-9999,-9999,-9999,4,-9999,0,-9999
4709,2017,7,16,6,245,-9999,-9999,-9999,5,-9999,0,-9999
4710,2017,7,16,7,238,-9999,-9999,-9999,4,-9999,0,-9999
4711,2017,7,16,8,238,-9999,-9999,-9999,2,-9999,0,-9999
4712,2017,7,16,9,243,-9999,-9999,-9999,1,-9999,0,-9999
4713,2017,7,16,10,245,-9999,-9999,-9999,11,-9999,0,-9999
4714,2017,7,16,11,237,-9999,-9999,-9999,22,-9999,0,-9999
4715,2017,7,16,12,248,-9999,-9999,-9999,16,-9999,0,-9999
4716,2017,7,16,13,263,-9999,-9999,-9999,22,-9999,0,-9999
4717,2017,7,16,14,270,-9999,-9999,-9999,21,-9999,0,-9999
4718,2017,7,16,15,273,-9999,-9999,-9999,19,-9999,0,-9999
4719,2017,7,16,16,273,-9999,-9999,-9999,24,-9999,0,-9999
4720,2017,7,16,17,277,-9999,-9999,-9999,24,-9999,0,-9999
4721,2017,7,16,18,270,-9999,-9999,-9999,21,-9999,2,-9999
4722,2017,7,16,19,279,-9999,-9999,-9999,26,-9999,0,-9999
4723,2017,7,16,20,272,-9999,-9999,-9999,24,-9999,0,-9999
4724,2017,7,16,21,268,-9999,-9999,-9999,25,-9999,0,-9999
4725,2017,7,16,22,274,-9999,-9999,-9999,28,-9999,0,-9999
4726,2017,7,16,23,270,-9999,-9999,-9999,29,-9999,0,-9999
4727,2017,7,17,0,262,-9999,-9999,-9999,27,-9999,0,-9999
4728,2017,7,17,1,255,-9999,-9999,-9999,28,-9999,0,-9999
4729,2017,7,17,2,253,-9999,-9999,-9999,24,-9999,0,-9999
4730,2017,7,17,3,255,-9999,-9999,-9999,22,-9999,0,-9999
4731,2017,7,17,4,251,-9999,-9999,-9999,19,-9999,0,-9999
4732,2017,7,17,5,242,-9999,-9999,-9999,9,-9999,0,-9999
4733,2017,7,17,6,239,-9999,-9999,-9999,10,-9999,0,-9999
4734,2017,7,17,7,230,-9999,-9999,-9999,5,-9999,0,-9999
4735,2017,7,17,8,228,-9999,-9999,-9999,3,-9999,0,-9999
4736,2017,7,17,9,226,-9999,-9999,-9999,3,-9999,0,-9999
4737,2017,7,17,10,227,-9999,-9999,-9999,2,-9999,0,-9999
4738,2017,7,17,11,232,-9999,-9999,-9999,4,-9999,0,-9999
4739,2017,7,17,12,239,-9999,-9999,-9999,11,-9999,0,-9999
4740,2017,7,17,13,246,-9999,-9999,-9999,15,-9999,0,-9999
4741,2017,7,17,14,246,-9999,-9999,-9999,14,-9999,0,-9999
4742,2017,7,17,15,247,-9999,-9999,-9999,14,-9999,0,-9999
4743,2017,7,17,16,260,-9999,-9999,-9999,14,-9999,0,-9999
4744,2017,7,17,17,265,-9999,-9999,-9999,14,-9999,0,-9999
4745,2017,7,17,18,273,-9999,-9999,-9999,16,-9999,0,-9999
4746,2017,7,17,19,273,-9999,-9999,-9999,27,-9999,0,-9999
4747,2017,7,17,20,265,-9999,-9999,-9999,32,-9999,0,-9999
4748,2017,7,17,21,256,-9999,-9999,-9999,29,-9999,0,-9999
4749,2017,7,17,22,262,-9999,-9999,-9999,28,-9999,0,-9999
4750,2017,7,17,23,253,-9999,-9999,-9999,30,-9999,0,-9999
4751,2017,7,18,0,248,-9999,-9999,-9999,30,-9999,0,-9999
4752,2017,7,18,1,240,-9999,-9999,-9999,27,-9999,0,-9999
4753,2017,7,18,2,239,-9999,-9999,-9999,23,-9999,0,-9999
4754,2017,7,18,3,235,-9999,-9999,-9999,19,-9999,0,-9999
4755,2017,7,18,4,235,-9999,-9999,-9999,16,-9999,0,-9999
4756,2017,7,18,5,234,-9999,-9999,-9999,17,-9999,0,-9999
4757,2017,7,18,6,226,-9999,-9999,-9999,6,-9999,0,-9999
4758,2017,7,18,7,228,-9999,-9999,-9999,1,-9999,0,-9999
4759,2017,7,18,8,227,-9999,-9999,-9999,2,-9999,0,-9999
4760,2017,7,18,9,234,-9999,-9999,-9999,2,-9999,0,-9999
4761,2017,7,18,10,225,-9999,-9999,-9999,1,-9999,0,-9999
4762,2017,7,18,11,237,-9999,-9999,-9999,1,-9999,0,-9999
4763,2017,7,18,12,259,-9999,-9999,-9999,2,-9999,0,-9999
4764,2017,7,18,13,265,-9999,-9999,-9999,11,-9999,0,-9999
4765,2017,7,18,14,267,-9999,-9999,-9999,17,-9999,0,-9999
4766,2017,7,18,15,277,-9999,-9999,-9999,11,-9999,0,-9999
4767,2017,7,18,16,275,-9999,-9999,-9999,13,-9999,0,-9999
4768,2017,7,18,17,276,-9999,-9999,-9999,12,-9999,0,-9999
4769,2017,7,18,18,279,-9999,-9999,-9999,32,-9999,0,-9999
4770,2017,7,18,19,259,-9999,-9999,-9999,27,-9999,0,-9999
4771,2017,7,18,20,259,-9999,-9999,-9999,24,-9999,0,-9999
4772,2017,7,18,21,262,-9999,-9999,-9999,24,-9999,0,-9999
4773,2017,7,18,22,265,-9999,-9999,-9999,25,-9999,0,-9999
4774,2017,7,18,23,256,-9999,-9999,-9999,22,-9999,0,-9999
4775,2017,7,19,0,253,-9999,-9999,-9999,20,-9999,0,-9999
4776,2017,7,19,1,248,-9999,-9999,-9999,13,-9999,0,-9999
4777,2017,7,19,2,241,-9999,-9999,-9999,6,-9999,0,-9999
4778,2017,7,19,3,242,-9999,-9999,-9999,5,-9999,0,-9999
4779,2017,7,19,4,242,-9999,-9999,-9999,6,-9999,0,-9999
4780,2017,7,19,5,238,-9999,-9999,-9999,1,-9999,0,-9999
4781,2017,7,19,6,239,-9999,-9999,-9999,1,-9999,0,-9999
4782,2017,7,19,7,244,-9999,-9999,-9999,3,-9999,0,-9999
4783,2017,7,19,8,233,-9999,-9999,-9999,0,-9999,0,-9999
4784,2017,7,19,9,235,-9999,-9999,-9999,1,-9999,0,-9999
4785,2017,7,19,10,236,-9999,-9999,-9999,3,-9999,0,-9999
4786,2017,7,19,11,244,-9999,-9999,-9999,5,-9999,0,-9999
4787,2017,7,19,12,258,-9999,-9999,-9999,9,-9999,0,-9999
4788,2017,7,19,13,266,-9999,-9999,-9999,15,-9999,0,-9999
4789,2017,7,19,14,280,-9999,-9999,-9999,18,-9999,0,-9999
4790,2017,7,19,15,278,-9999,-9999,-9999,15,-9999,0,-9999
4791,2017,7,19,16,284,-9999,-9999,-9999,13,-9999,0,-9999
4792,2017,7,19,17,294,-9999,-9999,-9999,17,-9999,0,-9999
4793,2017,7,19,18,300,-9999,-9999,-9999,16,-9999,0,-9999
4794,2017,7,19,19,298,-9999,-9999,-9999,22,-9999,0,-9999
4795,2017,7,19,20,290,-9999,-9999,-9999,28,-9999,0,-9999
4796,2017,7,19,21,281,-9999,-9999,-9999,29,-9999,0,-9999
4797,2017,7,19,22,281,-9999,-9999,-9999,26,-9999,0,-9999
4798,2017,7,19,23,272,-9999,-9999,-9999,24,-9999,0,-9999
4799,2017,7,20,0,259,-9999,-9999,-9999,24,-9999,0,-9999
4800,2017,7,20,1,254,-9999,-9999,-9999,19,-9999,0,-9999
4801,2017,7,20,2,254,-9999,-9999,-9999,15,-9999,0,-9999
4802,2017,7,20,3,247,-9999,-9999,-9999,4,-9999,0,-9999
4803,2017,7,20,4,247,-9999,-9999,-9999,5,-9999,0,-9999
4804,2017,7,20,5,250,-9999,-9999,-9999,11,-9999,0,-9999
4805,2017,7,20,6,254,-9999,-9999,-9999,11,-9999,0,-9999
4806,2017,7,20,7,251,-9999,-9999,-9999,9,-9999,0,-9999
4807,2017,7,20,8,249,-9999,-9999,-9999,10,-9999,0,-9999
4808,2017,7,20,9,245,-9999,-9999,-9999,8,-9999,0,-9999
4809,2017,7,20,10,245,-9999,-9999,-9999,3,-9999,0,-9999
4810,2017,7,20,11,253,-9999,-9999,-9999,2,-9999,0,-9999
4811,2017,7,20,12,271,-9999,-9999,-9999,10,-9999,0,-9999
4812,2017,7,20,13,282,-9999,-9999,-9999,16,-9999,0,-9999
4813,2017,7,20,14,293,-9999,-9999,-9999,17,-9999,0,-9999
4814,2017,7,20,15,301,-9999,-9999,-9999,17,-9999,0,-9999
4815,2017,7,20,16,312,-9999,-9999,-9999,17,-9999,0,-9999
4816,2017,7,20,17,320,-9999,-9999,-9999,18,-9999,0,-9999
4817,2017,7,20,18,320,-9999,-9999,-9999,18,-9999,0,-9999
4818,2017,7,20,19,324,-9999,-9999,-9999,16,-9999,0,-9999
4819,2017,7,20,20,305,-9999,-9999,-9999,27,-9999,0,-9999
4820,2017,7,20,21,297,-9999,-9999,-9999,26,-9999,0,-9999
4821,2017,7,20,22,289,-9999,-9999,-9999,30,-9999,0,-9999
4822,2017,7,20,23,277,-9999,-9999,-9999,26,-9999,0,-9999
4823,2017,7,21,0,271,-9999,-9999,-9999,24,-9999,0,-9999
4824,2017,7,21,1,268,-9999,-9999,-9999,20,-9999,0,-9999
4825,2017,7,21,2,267,-9999,-9999,-9999,6,-9999,0,-9999
4826,2017,7,21,3,264,-9999,-9999,-9999,4,-9999,0,-9999
4827,2017,7,21,4,268,-9999,-9999,-9999,12,-9999,0,-9999
4828,2017,7,21,5,271,-9999,-9999,-9999,18,-9999,0,-9999
4829,2017,7,21,6,269,-9999,-9999,-9999,20,-9999,0,-9999
4830,2017,7,21,7,269,-9999,-9999,-9999,21,-9999,0,-9999
4831,2017,7,21,8,265,-9999,-9999,-9999,20,-9999,0,-9999
4832,2017,7,21,9,261,-9999,-9999,-9999,14,-9999,0,-9999
4833,2017,7,21,10,257,-9999,-9999,-9999,10,-9999,0,-9999
4834,2017,7,21,11,261,-9999,-9999,-9999,9,-9999,0,-9999
4835,2017,7,21,12,271,-9999,-9999,-9999,11,-9999,0,-9999
4836,2017,7,21,13,279,-9999,-9999,-9999,16,-9999,0,-9999
4837,2017,7,21,14,282,-9999,-9999,-9999,16,-9999,0,-9999
4838,2017,7,21,15,295,-9999,-9999,-9999,16,-9999,0,-9999
4839,2017,7,21,16,313,-9999,-9999,-9999,15,-9999,0,-9999
4840,2017,7,21,17,318,-9999,-9999,-9999,15,-9999,0,-9999
4841,2017,7,21,18,322,-9999,-9999,-9999,17,-9999,0,-9999
4842,2017,7,21,19,324,-9999,-9999,-9999,17,-9999,0,-9999
4843,2017,7,21,20,327,-9999,-9999,-9999,16,-9999,0,-9999
4844,2017,7,21,21,321,-9999,-9999,-9999,16,-9999,0,-9999
4845,2017,7,21,22,308,-9999,-9999,-9999,26,-9999,0,-9999
4846,2017,7,21,23,294,-9999,-9999,-9999,22,-9999,0,-9999
4847,2017,7,22,0,288,-9999,-9999,-9999,15,-9999,0,-9999
4848,2017,7,22,1,281,-9999,-9999,-9999,14,-9999,0,-9999
4849,2017,7,22,2,276,-9999,-9999,-9999,14,-9999,0,-9999
4850,2017,7,22,3,278,-9999,-9999,-9999,11,-9999,0,-9999
4851,2017,7,22,4,282,-9999,-9999,-9999,20,-9999,0,-9999
4852,2017,7,22,5,280,-9999,-9999,-9999,24,-9999,0,-9999
4853,2017,7,22,6,276,-9999,-9999,-9999,25,-9999,0,-9999
4854,2017,7,22,7,270,-9999,-9999,-9999,27,-9999,0,-9999
4855,2017,7,22,8,267,-9999,-9999,-9999,18,-9999,0,-9999
4856,2017,7,22,9,262,-9999,-9999,-9999,15,-9999,0,-9999
4857,2017,7,22,10,260,-9999,-9999,-9999,12,-9999,0,-9999
4858,2017,7,22,11,264,-9999,-9999,-9999,14,-9999,0,-9999
4859,2017,7,22,12,274,-9999,-9999,-9999,17,-9999,0,-9999
4860,2017,7,22,13,281,-9999,-9999,-9999,21,-9999,0,-9999
4861,2017,7,22,14,287,-9999,-9999,-9999,23,-9999,0,-9999
4862,2017,7,22,15,295,-9999,-9999,-9999,24,-9999,0,-9999
4863,2017,7,22,16,309,-9999,-9999,-9999,24,-9999,0,-9999
4864,2017,7,22,17,319,-9999,-9999,-9999,23,-9999,0,-9999
4865,2017,7,22,18,324,-9999,-9999,-9999,25,-9999,0,-9999
4866,2017,7,22,19,332,-9999,-9999,-9999,24,-9999,0,-9999
4867,2017,7,22,20,339,-9999,-9999,-9999,23,-9999,0,-9999
4868,2017,7,22,21,343,-9999,-9999,-9999,18,-9999,0,-9999
4869,2017,7,22,22,336,-9999,-9999,-9999,15,-9999,0,-9999
4870,2017,7,22,23,281,-9999,-9999,-9999,19,-9999,0,-9999
4871,2017,7,23,0,268,-9999,-9999,-9999,20,-9999,4,-9999
4872,2017,7,23,1,269,-9999,-9999,-9999,8,-9999,0,-9999
4873,2017,7,23,2,244,-9999,-9999,-9999,24,-9999,0,-9999
4874,2017,7,23,3,243,-9999,-9999,-9999,20,-9999,0,-9999
4875,2017,7,23,4,245,-9999,-9999,-9999,25,-9999,0,-9999
4876,2017,7,23,5,255,-9999,-9999,-9999,18,-9999,0,-9999
4877,2017,7,23,6,276,-9999,-9999,-9999,18,-9999,0,-9999
4878,2017,7,23,7,278,-9999,-9999,-9999,25,-9999,0,-9999
4879,2017,7,23,8,278,-9999,-9999,-9999,19,-9999,0,-9999
4880,2017,7,23,9,273,-9999,-9999,-9999,20,-9999,0,-9999
4881,2017,7,23,10,271,-9999,-9999,-9999,18,-9999,0,-9999
4882,2017,7,23,11,270,-9999,-9999,-9999,17,-9999,0,-9999
4883,2017,7,23,12,281,-9999,-9999,-9999,20,-9999,0,-9999
4884,2017,7,23,13,291,-9999,-9999,-9999,25,-9999,0,-9999
4885,2017,7,23,14,299,-9999,-9999,-9999,25,-9999,0,-9999
4886,2017,7,23,15,299,-9999,-9999,-9999,23,-9999,0,-9999
4887,2017,7,23,16,310,-9999,-9999,-9999,25,-9999,0,-9999
4888,2017,7,23,17,321,-9999,-9999,-9999,24,-9999,0,-9999
4889,2017,7,23,18,314,-9999,-9999,-9999,17,-9999,0,-9999
4890,2017,7,23,19,319,-9999,-9999,-9999,17,-9999,0,-9999
4891,2017,7,23,20,331,-9999,-9999,-9999,14,-9999,0,-9999
4892,2017,7,23,21,322,-9999,-9999,-9999,15,-9999,0,-9999
4893,2017,7,23,22,306,-9999,-9999,-9999,16,-9999,0,-9999
4894,2017,7,23,23,299,-9999,-9999,-9999,12,-9999,0,-9999
4895,2017,7,24,0,282,-9999,-9999,-9999,19,-9999,0,-9999
4896,2017,7,24,1,267,-9999,-9999,-9999,16,-9999,0,-9999
4897,2017,7,24,2,271,-9999,-9999,-9999,28,-9999,0,-9999
4898,2017,7,24,3,259,-9999,-9999,-9999,36,-9999,0,-9999
4899,2017,7,24,4,247,-9999,-9999,-9999,37,-9999,0,-9999
4900,2017,7,24,5,250,-9999,-9999,-9999,27,-9999,0,-9999
4901,2017,7,24,6,261,-9999,-9999,-9999,21,-9999,0,-9999
4902,2017,7,24,7,249,-9999,-9999,-9999,32,-9999,0,-9999
4903,2017,7,24,8,255,-9999,-9999,-9999,31,-9999,0,-9999
4904,2017,7,24,9,256,-9999,-9999,-9999,28,-9999,0,-9999
4905,2017,7,24,10,250,-9999,-9999,-9999,31,-9999,0,-9999
4906,2017,7,24,11,247,-9999,-9999,-9999,24,-9999,0,-9999
4907,2017,7,24,12,252,-9999,-9999,-9999,28,-9999,0,-9999
4908,2017,7,24,13,257,-9999,-9999,-9999,34,-9999,0,-9999
4909,2017,7,24,14,257,-9999,-9999,-9999,28,-9999,0,-9999
4910,2017,7,24,15,273,-9999,-9999,-9999,25,-9999,0,-9999
4911,2017,7,24,16,-9999,-9999,-9999,-9999,24,-9999,-9999,-9999
4912,2017,7,24,17,290,-9999,-9999,-9999,28,-9999,0,-9999
4913,2017,7,24,18,297,-9999,-9999,-9999,28,-9999,0,-9999
4914,2017,7,24,19,302,-9999,-9999,-9999,24,-9999,0,-9999
4915,2017,7,24,20,306,-9999,-9999,-9999,19,-9999,0,-9999
4916,2017,7,24,21,310,-9999,-9999,-9999,17,-9999,0,-9999
4917,2017,7,24,22,301,-9999,-9999,-9999,22,-9999,0,-9999
4918,2017,7,24,23,295,-9999,-9999,-9999,21,-9999,0,-9999
4919,2017,7,25,0,274,-9999,-9999,-9999,18,-9999,0,-9999
4920,2017,7,25,1,266,-9999,-9999,-9999,9,-9999,0,-9999
4921,2017,7,25,2,267,-9999,-9999,-9999,5,-9999,0,-9999
4922,2017,7,25,3,270,-9999,-9999,-9999,11,-9999,0,-9999
4923,2017,7,25,4,271,-9999,-9999,-9999,15,-9999,0,-9999
4924,2017,7,25,5,271,-9999,-9999,-9999,22,-9999,0,-9999
4925,2017,7,25,6,269,-9999,-9999,-9999,24,-9999,0,-9999
4926,2017,7,25,7,265,-9999,-9999,-9999,19,-9999,0,-9999
4927,2017,7,25,8,266,-9999,-9999,-9999,15,-9999,0,-9999
4928,2017,7,25,9,258,-9999,-9999,-9999,28,-9999,0,-9999
4929,2017,7,25,10,251,-9999,-9999,-9999,32,-9999,0,-9999
4930,2017,7,25,11,253,-9999,-9999,-9999,25,-9999,0,-9999
4931,2017,7,25,12,262,-9999,-9999,-9999,30,-9999,0,-9999
4932,2017,7,25,13,272,-9999,-9999,-9999,35,-9999,0,-9999
4933,2017,7,25,14,269,-9999,-9999,-9999,41,-9999,0,-9999
4934,2017,7,25,15,267,-9999,-9999,-9999,47,-9999,0,-9999
4935,2017,7,25,16,268,-9999,-9999,-9999,50,-9999,0,-9999
4936,2017,7,25,17,272,-9999,-9999,-9999,50,-9999,0,-9999
4937,2017,7,25,18,276,-9999,-9999,-9999,46,-9999,0,-9999
4938,2017,7,25,19,267,-9999,-9999,-9999,40,-9999,0,-9999
4939,2017,7,25,20,272,-9999,-9999,-9999,38,-9999,0,-9999
4940,2017,7,25,21,272,-9999,-9999,-9999,39,-9999,0,-9999
4941,2017,7,25,22,269,-9999,-9999,-9999,34,-9999,0,-9999
4942,2017,7,25,23,242,-9999,-9999,-9999,28,-9999,0,-9999
4943,2017,7,26,0,233,-9999,-9999,-9999,24,-9999,0,-9999
4944,2017,7,26,1,228,-9999,-9999,-9999,17,-9999,0,-9999
4945,2017,7,26,2,229,-9999,-9999,-9999,19,-9999,0,-9999
4946,2017,7,26,3,227,-9999,-9999,-9999,19,-9999,0,-9999
4947,2017,7,26,4,227,-9999,-9999,-9999,19,-9999,0,-9999
4948,2017,7,26,5,230,-9999,-9999,-9999,23,-9999,0,-9999
4949,2017,7,26,6,229,-9999,-9999,-9999,20,-9999,0,-9999
4950,2017,7,26,7,228,-9999,-9999,-9999,17,-9999,0,-9999
4951,2017,7,26,8,227,-9999,-9999,-9999,17,-9999,0,-9999
4952,2017,7,26,9,225,-9999,-9999,-9999,14,-9999,0,-9999
4953,2017,7,26,10,221,-9999,-9999,-9999,11,-9999,0,-9999
4954,2017,7,26,11,225,-9999,-9999,-9999,12,-9999,0,-9999
4955,2017,7,26,12,241,-9999,-9999,-9999,18,-9999,0,-9999
4956,2017,7,26,13,-9999,-9999,-9999,-9999,22,-9999,-9999,-9999
4957,2017,7,26,14,-9999,-9999,-9999,-9999,22,-9999,-9999,-9999
4958,2017,7,26,15,-9999,-9999,-9999,-9999,25,-9999,-9999,-9999
4959,2017,7,26,16,250,-9999,-9999,-9999,27,-9999,0,-9999
4960,2017,7,26,17,254,-9999,-9999,-9999,31,-9999,0,-9999
4961,2017,7,26,18,257,-9999,-9999,-9999,31,-9999,0,-9999
4962,2017,7,26,19,258,-9999,-9999,-9999,32,-9999,0,-9999
4963,2017,7,26,20,258,-9999,-9999,-9999,31,-9999,0,-9999
4964,2017,7,26,21,257,-9999,-9999,-9999,33,-9999,0,-9999
4965,2017,7,26,22,252,-9999,-9999,-9999,32,-9999,0,-9999
4966,2017,7,26,23,243,-9999,-9999,-9999,30,-9999,0,-9999
4967,2017,7,27,0,234,-9999,-9999,-9999,29,-9999,0,-9999
4968,2017,7,27,1,231,-9999,-9999,-9999,30,-9999,0,-9999
4969,2017,7,27,2,230,-9999,-9999,-9999,31,-9999,0,-9999
4970,2017,7,27,3,229,-9999,-9999,-9999,32,-9999,0,-9999
4971,2017,7,27,4,229,-9999,-9999,-9999,27,-9999,0,-9999
4972,2017,7,27,5,229,-9999,-9999,-9999,22,-9999,0,-9999
4973,2017,7,27,6,227,-9999,-9999,-9999,21,-9999,0,-9999
4974,2017,7,27,7,228,-9999,-9999,-9999,20,-9999,0,-9999
4975,2017,7,27,8,224,-9999,-9999,-9999,15,-9999,0,-9999
4976,2017,7,27,9,220,-9999,-9999,-9999,13,-9999,0,-9999
4977,2017,7,27,10,213,-9999,-9999,-9999,5,-9999,0,-9999
4978,2017,7,27,11,218,-9999,-9999,-9999,2,-9999,0,-9999
4979,2017,7,27,12,238,-9999,-9999,-9999,13,-9999,0,-9999
4980,2017,7,27,13,254,-9999,-9999,-9999,19,-9999,0,-9999
4981,2017,7,27,14,261,-9999,-9999,-9999,24,-9999,0,-9999
4982,2017,7,27,15,268,-9999,-9999,-9999,27,-9999,0,-9999
4983,2017,7,27,16,267,-9999,-9999,-9999,25,-9999,0,-9999
4984,2017,7,27,17,286,-9999,-9999,-9999,32,-9999,0,-9999
4985,2017,7,27,18,278,-9999,-9999,-9999,30,-9999,0,-9999
4986,2017,7,27,19,276,-9999,-9999,-9999,30,-9999,0,-9999
4987,2017,7,27,20,280,-9999,-9999,-9999,30,-9999,0,-9999
4988,2017,7,27,21,279,-9999,-9999,-9999,30,-9999,0,-9999
4989,2017,7,27,22,264,-9999,-9999,-9999,27,-9999,0,-9999
4990,2017,7,27,23,263,-9999,-9999,-9999,25,-9999,0,-9999
4991,2017,7,28,0,263,-9999,-9999,-9999,12,-9999,0,-9999
4992,2017,7,28,1,262,-9999,-9999,-9999,13,-9999,0,-9999
4993,2017,7,28,2,260,-9999,-9999,-9999,10,-9999,0,-9999
4994,2017,7,28,3,256,-9999,-9999,-9999,17,-9999,7,-9999
4995,2017,7,28,4,257,-9999,-9999,-9999,18,-9999,0,-9999
4996,2017,7,28,5,257,-9999,-9999,-9999,26,-9999,0,-9999
4997,2017,7,28,6,258,-9999,-9999,-9999,32,-9999,0,-9999
4998,2017,7,28,7,242,-9999,-9999,-9999,35,-9999,0,-9999
4999,2017,7,28,8,229,-9999,-9999,-9999,28,-9999,25,-9999
5000,2017,7,28,9,229,-9999,-9999,-9999,13,-9999,0,-9999
5001,2017,7,28,10,232,-9999,-9999,-9999,7,-9999,0,-9999
5002,2017,7,28,11,236,-9999,-9999,-9999,10,-9999,0,-9999
5003,2017,7,28,12,241,-9999,-9999,-9999,18,-9999,0,-9999
5004,2017,7,28,13,243,-9999,-9999,-9999,20,-9999,0,-9999
5005,2017,7,28,14,257,-9999,-9999,-9999,23,-9999,0,-9999
5006,2017,7,28,15,265,-9999,-9999,-9999,21,-9999,0,-9999
5007,2017,7,28,16,256,-9999,-9999,-9999,24,-9999,0,-9999
5008,2017,7,28,17,263,-9999,-9999,-9999,25,-9999,0,-9999
5009,2017,7,28,18,274,-9999,-9999,-9999,28,-9999,0,-9999
5010,2017,7,28,19,270,-9999,-9999,-9999,29,-9999,0,-9999
5011,2017,7,28,20,268,-9999,-9999,-9999,27,-9999,0,-9999
5012,2017,7,28,21,264,-9999,-9999,-9999,23,-9999,0,-9999
5013,2017,7,28,22,246,-9999,-9999,-9999,22,-9999,4,-9999
5014,2017,7,28,23,243,-9999,-9999,-9999,12,-9999,3,-9999
5015,2017,7,29,0,241,-9999,-9999,-9999,10,-9999,5,-9999
5016,2017,7,29,1,240,-9999,-9999,-9999,6,-9999,0,-9999
5017,2017,7,29,2,236,-9999,-9999,-9999,11,-9999,0,-9999
5018,2017,7,29,3,232,-9999,-9999,-9999,3,-9999,0,-9999
5019,2017,7,29,4,230,-9999,-9999,-9999,8,-9999,2,-9999
5020,2017,7,29,5,231,-9999,-9999,-9999,4,-9999,0,-9999
5021,2017,7,29,6,233,-9999,-9999,-9999,9,-9999,0,-9999
5022,2017,7,29,7,229,-9999,-9999,-9999,19,-9999,105,-9999
5023,2017,7,29,8,228,-9999,-9999,-9999,13,-9999,0,-9999
5024,2017,7,29,9,222,-9999,-9999,-9999,8,-9999,8,-9999
5025,2017,7,29,10,222,-9999,-9999,-9999,2,-9999,27,-9999
5026,2017,7,29,11,224,-9999,-9999,-9999,4,-9999,0,-9999
5027,2017,7,29,12,227,-9999,-9999,-9999,7,-9999,0,-9999
5028,2017,7,29,13,239,-9999,-9999,-9999,4,-9999,0,-9999
5029,2017,7,29,14,247,-9999,-9999,-9999,12,-9999,0,-9999
5030,2017,7,29,15,255,-9999,-9999,-9999,23,-9999,0,-9999
5031,2017,7,29,16,241,-9999,-9999,-9999,30,-9999,0,-9999
5032,2017,7,29,17,246,-9999,-9999,-9999,34,-9999,0,-9999
5033,2017,7,29,18,228,-9999,-9999,-9999,31,-9999,19,-9999
5034,2017,7,29,19,227,-9999,-9999,-9999,43,-9999,0,-9999
5035,2017,7,29,20,215,-9999,-9999,-9999,47,-9999,12,-9999
5036,2017,7,29,21,209,-9999,-9999,-9999,44,-9999,13,-9999
5037,2017,7,29,22,205,-9999,-9999,-9999,44,-9999,4,-9999
5038,2017,7,29,23,200,-9999,-9999,-9999,45,-9999,8,-9999
5039,2017,7,30,0,199,-9999,-9999,-9999,41,-9999,16,-9999
5040,2017,7,30,1,200,-9999,-9999,-9999,41,-9999,0,-9999
5041,2017,7,30,2,205,-9999,-9999,-9999,42,-9999,0,-9999
5042,2017,7,30,3,206,-9999,-9999,-9999,33,-9999,0,-9999
5043,2017,7,30,4,206,-9999,-9999,-9999,36,-9999,0,-9999
5044,2017,7,30,5,207,-9999,-9999,-9999,35,-9999,0,-9999
5045,2017,7,30,6,205,-9999,-9999,-9999,31,-9999,0,-9999
5046,2017,7,30,7,208,-9999,-9999,-9999,30,-9999,0,-9999
5047,2017,7,30,8,205,-9999,-9999,-9999,29,-9999,0,-9999
5048,2017,7,30,9,203,-9999,-9999,-9999,28,-9999,0,-9999
5049,2017,7,30,10,197,-9999,-9999,-9999,28,-9999,0,-9999
5050,2017,7,30,11,197,-9999,-9999,-9999,26,-9999,0,-9999
5051,2017,7,30,12,211,-9999,-9999,-9999,31,-9999,0,-9999
5052,2017,7,30,13,223,-9999,-9999,-9999,32,-9999,0,-9999
5053,2017,7,30,14,234,-9999,-9999,-9999,34,-9999,0,-9999
5054,2017,7,30,15,239,-9999,-9999,-9999,37,-9999,0,-9999
5055,2017,7,30,16,247,-9999,-9999,-9999,30,-9999,0,-9999
5056,2017,7,30,17,245,-9999,-9999,-9999,35,-9999,0,-9999
5057,2017,7,30,18,242,-9999,-9999,-9999,35,-9999,0,-9999
5058,2017,7,30,19,244,-9999,-9999,-9999,35,-9999,0,-9999
5059,2017,7,30,20,241,-9999,-9999,-9999,37,-9999,0,-9999
5060,2017,7,30,21,241,-9999,-9999,-9999,40,-9999,0,-9999
5061,2017,7,30,22,235,-9999,-9999,-9999,40,-9999,0,-9999
5062,2017,7,30,23,228,-9999,-9999,-9999,33,-9999,0,-9999
5063,2017,7,31,0,213,-9999,-9999,-9999,31,-9999,0,-9999
5064,2017,7,31,1,207,-9999,-9999,-9999,22,-9999,0,-9999
5065,2017,7,31,2,203,-9999,-9999,-9999,18,-9999,0,-9999
5066,2017,7,31,3,205,-9999,-9999,-9999,16,-9999,0,-9999
5067,2017,7,31,4,203,-9999,-9999,-9999,17,-9999,0,-9999
5068,2017,7,31,5,201,-9999,-9999,-9999,17,-9999,0,-9999
5069,2017,7,31,6,201,-9999,-9999,-9999,17,-9999,0,-9999
5070,2017,7,31,7,200,-9999,-9999,-9999,15,-9999,0,-9999
5071,2017,7,31,8,168,-9999,-9999,-9999,11,-9999,0,-9999
5072,2017,7,31,9,165,-9999,-9999,-9999,11,-9999,0,-9999
5073,2017,7,31,10,168,-9999,-9999,-9999,11,-9999,0,-9999
5074,2017,7,31,11,176,-9999,-9999,-9999,12,-9999,0,-9999
5075,2017,7,31,12,207,-9999,-9999,-9999,14,-9999,0,-9999
5076,2017,7,31,13,231,-9999,-9999,-9999,18,-9999,0,-9999
5077,2017,7,31,14,243,-9999,-9999,-9999,20,-9999,0,-9999
5078,2017,7,31,15,252,-9999,-9999,-9999,23,-9999,0,-9999
5079,2017,7,31,16,258,-9999,-9999,-9999,24,-9999,0,-9999
5080,2017,7,31,17,260,-9999,-9999,-9999,23,-9999,0,-9999
5081,2017,7,31,18,264,-9999,-9999,-9999,23,-9999,0,-9999
5082,2017,7,31,19,263,-9999,-9999,-9999,23,-9999,0,-9999
5083,2017,7,31,20,260,-9999,-9999,-9999,26,-9999,0,-9999
5084,2017,7,31,21,255,-9999,-9999,-9999,25,-9999,0,-9999
5085,2017,7,31,22,255,-9999,-9999,-9999,24,-9999,0,-9999
5086,2017,7,31,23,250,-9999,-9999,-9999,15,-9999,0,-9999
5087,2017,8,1,0,225,-9999,-9999,-9999,6,-9999,0,-9999
5088,2017,8,1,1,207,-9999,-9999,-9999,4,-9999,0,-9999
5089,2017,8,1,2,196,-9999,-9999,-9999,4,-9999,0,-9999
5090,2017,8,1,3,183,-9999,-9999,-9999,3,-9999,0,-9999
5091,2017,8,1,4,182,-9999,-9999,-9999,2,-9999,0,-9999
5092,2017,8,1,5,183,-9999,-9999,-9999,5,-9999,0,-9999
5093,2017,8,1,6,180,-9999,-9999,-9999,8,-9999,0,-9999
5094,2017,8,1,7,199,-9999,-9999,-9999,7,-9999,0,-9999
5095,2017,8,1,8,203,-9999,-9999,-9999,10,-9999,0,-9999
5096,2017,8,1,9,205,-9999,-9999,-9999,11,-9999,0,-9999
5097,2017,8,1,10,207,-9999,-9999,-9999,12,-9999,0,-9999
5098,2017,8,1,11,214,-9999,-9999,-9999,12,-9999,0,-9999
5099,2017,8,1,12,231,-9999,-9999,-9999,17,-9999,0,-9999
5100,2017,8,1,13,245,-9999,-9999,-9999,27,-9999,0,-9999
5101,2017,8,1,14,259,-9999,-9999,-9999,29,-9999,0,-9999
5102,2017,8,1,15,278,-9999,-9999,-9999,28,-9999,0,-9999
5103,2017,8,1,16,285,-9999,-9999,-9999,27,-9999,0,-9999
5104,2017,8,1,17,294,-9999,-9999,-9999,21,-9999,0,-9999
5105,2017,8,1,18,295,-9999,-9999,-9999,17,-9999,0,-9999
5106,2017,8,1,19,284,-9999,-9999,-9999,12,-9999,0,-9999
5107,2017,8,1,20,291,-9999,-9999,-9999,22,-9999,0,-9999
5108,2017,8,1,21,287,-9999,-9999,-9999,25,-9999,0,-9999
5109,2017,8,1,22,280,-9999,-9999,-9999,23,-9999,0,-9999
5110,2017,8,1,23,263,-9999,-9999,-9999,15,-9999,0,-9999
5111,2017,8,2,0,251,-9999,-9999,-9999,7,-9999,0,-9999
5112,2017,8,2,1,238,-9999,-9999,-9999,6,-9999,0,-9999
5113,2017,8,2,2,234,-9999,-9999,-9999,6,-9999,0,-9999
5114,2017,8,2,3,228,-9999,-9999,-9999,6,-9999,0,-9999
5115,2017,8,2,4,214,-9999,-9999,-9999,4,-9999,0,-9999
5116,2017,8,2,5,211,-9999,-9999,-9999,2,-9999,0,-9999
5117,2017,8,2,6,211,-9999,-9999,-9999,3,-9999,0,-9999
5118,2017,8,2,7,209,-9999,-9999,-9999,3,-9999,0,-9999
5119,2017,8,2,8,203,-9999,-9999,-9999,0,-9999,0,-9999
5120,2017,8,2,9,206,-9999,-9999,-9999,4,-9999,0,-9999
5121,2017,8,2,10,211,-9999,-9999,-9999,5,-9999,0,-9999
5122,2017,8,2,11,215,-9999,-9999,-9999,4,-9999,0,-9999
5123,2017,8,2,12,236,-9999,-9999,-9999,2,-9999,0,-9999
5124,2017,8,2,13,261,-9999,-9999,-9999,12,-9999,0,-9999
5125,2017,8,2,14,263,-9999,-9999,-9999,14,-9999,0,-9999
5126,2017,8,2,15,275,-9999,-9999,-9999,18,-9999,0,-9999
5127,2017,8,2,16,285,-9999,-9999,-9999,16,-9999,0,-9999
5128,2017,8,2,17,291,-9999,-9999,-9999,18,-9999,0,-9999
5129,2017,8,2,18,291,-9999,-9999,-9999,27,-9999,0,-9999
5130,2017,8,2,19,288,-9999,-9999,-9999,33,-9999,0,-9999
5131,2017,8,2,20,286,-9999,-9999,-9999,30,-9999,0,-9999
5132,2017,8,2,21,278,-9999,-9999,-9999,32,-9999,0,-9999
5133,2017,8,2,22,273,-9999,-9999,-9999,28,-9999,0,-9999
5134,2017,8,2,23,257,-9999,-9999,-9999,23,-9999,0,-9999
5135,2017,8,3,0,249,-9999,-9999,-9999,22,-9999,0,-9999
5136,2017,8,3,1,244,-9999,-9999,-9999,22,-9999,0,-9999
5137,2017,8,3,2,242,-9999,-9999,-9999,22,-9999,0,-9999
5138,2017,8,3,3,241,-9999,-9999,-9999,21,-9999,0,-9999
5139,2017,8,3,4,234,-9999,-9999,-9999,17,-9999,0,-9999
5140,2017,8,3,5,227,-9999,-9999,-9999,5,-9999,0,-9999
5141,2017,8,3,6,228,-9999,-9999,-9999,9,-9999,0,-9999
5142,2017,8,3,7,224,-9999,-9999,-9999,3,-9999,0,-9999
5143,2017,8,3,8,224,-9999,-9999,-9999,5,-9999,0,-9999
5144,2017,8,3,9,219,-9999,-9999,-9999,1,-9999,0,-9999
5145,2017,8,3,10,214,-9999,-9999,-9999,0,-9999,0,-9999
5146,2017,8,3,11,213,-9999,-9999,-9999,0,-9999,0,-9999
5147,2017,8,3,12,238,-9999,-9999,-9999,1,-9999,0,-9999
5148,2017,8,3,13,260,-9999,-9999,-9999,12,-9999,0,-9999
5149,2017,8,3,14,273,-9999,-9999,-9999,19,-9999,0,-9999
5150,2017,8,3,15,292,-9999,-9999,-9999,21,-9999,0,-9999
5151,2017,8,3,16,288,-9999,-9999,-9999,26,-9999,0,-9999
5152,2017,8,3,17,288,-9999,-9999,-9999,32,-9999,0,-9999
5153,2017,8,3,18,299,-9999,-9999,-9999,31,-9999,0,-9999
5154,2017,8,3,19,287,-9999,-9999,-9999,37,-9999,0,-9999
5155,2017,8,3,20,280,-9999,-9999,-9999,34,-9999,0,-9999
5156,2017,8,3,21,280,-9999,-9999,-9999,35,-9999,0,-9999
5157,2017,8,3,22,275,-9999,-9999,-9999,30,-9999,0,-9999
5158,2017,8,3,23,264,-9999,-9999,-9999,27,-9999,0,-9999
5159,2017,8,4,0,255,-9999,-9999,-9999,24,-9999,0,-9999
5160,2017,8,4,1,249,-9999,-9999,-9999,25,-9999,0,-9999
5161,2017,8,4,2,245,-9999,-9999,-9999,24,-9999,0,-9999
5162,2017,8,4,3,242,-9999,-9999,-9999,18,-9999,0,-9999
5163,2017,8,4,4,238,-9999,-9999,-9999,12,-9999,0,-9999
5164,2017,8,4,5,237,-9999,-9999,-9999,11,-9999,0,-9999
5165,2017,8,4,6,231,-9999,-9999,-9999,10,-9999,0,-9999
5166,2017,8,4,7,229,-9999,-9999,-9999,5,-9999,0,-9999
5167,2017,8,4,8,222,-9999,-9999,-9999,0,-9999,0,-9999
5168,2017,8,4,9,212,-9999,-9999,-9999,0,-9999,0,-9999
5169,2017,8,4,10,208,-9999,-9999,-9999,0,-9999,0,-9999
5170,2017,8,4,11,221,-9999,-9999,-9999,0,-9999,0,-9999
5171,2017,8,4,12,239,-9999,-9999,-9999,8,-9999,0,-9999
5172,2017,8,4,13,252,-9999,-9999,-9999,12,-9999,0,-9999
5173,2017,8,4,14,264,-9999,-9999,-9999,14,-9999,0,-9999
5174,2017,8,4,15,268,-9999,-9999,-9999,22,-9999,0,-9999
5175,2017,8,4,16,280,-9999,-9999,-9999,26,-9999,0,-9999
5176,2017,8,4,17,286,-9999,-9999,-9999,30,-9999,0,-9999
5177,2017,8,4,18,284,-9999,-9999,-9999,38,-9999,0,-9999
5178,2017,8,4,19,285,-9999,-9999,-9999,38,-9999,0,-9999
5179,2017,8,4,20,274,-9999,-9999,-9999,42,-9999,0,-9999
5180,2017,8,4,21,273,-9999,-9999,-9999,43,-9999,0,-9999
5181,2017,8,4,22,264,-9999,-9999,-9999,37,-9999,0,-9999
5182,2017,8,4,23,253,-9999,-9999,-9999,34,-9999,0,-9999
5183,2017,8,5,0,247,-9999,-9999,-9999,29,-9999,0,-9999
5184,2017,8,5,1,244,-9999,-9999,-9999,26,-9999,0,-9999
5185,2017,8,5,2,248,-9999,-9999,-9999,25,-9999,0,-9999
5186,2017,8,5,3,247,-9999,-9999,-9999,23,-9999,0,-9999
5187,2017,8,5,4,248,-9999,-9999,-9999,17,-9999,0,-9999
5188,2017,8,5,5,249,-9999,-9999,-9999,18,-9999,0,-9999
5189,2017,8,5,6,251,-9999,-9999,-9999,17,-9999,0,-9999
5190,2017,8,5,7,254,-9999,-9999,-9999,23,-9999,0,-9999
5191,2017,8,5,8,255,-9999,-9999,-9999,24,-9999,0,-9999
5192,2017,8,5,9,252,-9999,-9999,-9999,19,-9999,0,-9999
5193,2017,8,5,10,251,-9999,-9999,-9999,21,-9999,0,-9999
5194,2017,8,5,11,250,-9999,-9999,-9999,26,-9999,0,-9999
5195,2017,8,5,12,253,-9999,-9999,-9999,21,-9999,0,-9999
5196,2017,8,5,13,257,-9999,-9999,-9999,22,-9999,0,-9999
5197,2017,8,5,14,267,-9999,-9999,-9999,29,-9999,0,-9999
5198,2017,8,5,15,270,-9999,-9999,-9999,41,-9999,0,-9999
5199,2017,8,5,16,277,-9999,-9999,-9999,45,-9999,0,-9999
5200,2017,8,5,17,276,-9999,-9999,-9999,46,-9999,0,-9999
5201,2017,8,5,18,281,-9999,-9999,-9999,41,-9999,0,-9999
5202,2017,8,5,19,281,-9999,-9999,-9999,33,-9999,0,-9999
5203,2017,8,5,20,278,-9999,-9999,-9999,35,-9999,0,-9999
5204,2017,8,5,21,273,-9999,-9999,-9999,35,-9999,0,-9999
5205,2017,8,5,22,267,-9999,-9999,-9999,37,-9999,0,-9999
5206,2017,8,5,23,256,-9999,-9999,-9999,29,-9999,0,-9999
5207,2017,8,6,0,244,-9999,-9999,-9999,20,-9999,0,-9999
5208,2017,8,6,1,232,-9999,-9999,-9999,14,-9999,0,-9999
5209,2017,8,6,2,206,-9999,-9999,-9999,8,-9999,0,-9999
5210,2017,8,6,3,196,-9999,-9999,-9999,3,-9999,0,-9999
5211,2017,8,6,4,206,-9999,-9999,-9999,8,-9999,0,-9999
5212,2017,8,6,5,182,-9999,-9999,-9999,7,-9999,0,-9999
5213,2017,8,6,6,172,-9999,-9999,-9999,5,-9999,0,-9999
5214,2017,8,6,7,182,-9999,-9999,-9999,9,-9999,0,-9999
5215,2017,8,6,8,169,-9999,-9999,-9999,4,-9999,0,-9999
5216,2017,8,6,9,162,-9999,-9999,-9999,6,-9999,0,-9999
5217,2017,8,6,10,160,-9999,-9999,-9999,7,-9999,0,-9999
5218,2017,8,6,11,183,-9999,-9999,-9999,9,-9999,0,-9999
5219,2017,8,6,12,216,-9999,-9999,-9999,4,-9999,0,-9999
5220,2017,8,6,13,238,-9999,-9999,-9999,17,-9999,0,-9999
5221,2017,8,6,14,254,-9999,-9999,-9999,24,-9999,0,-9999
5222,2017,8,6,15,254,-9999,-9999,-9999,27,-9999,0,-9999
5223,2017,8,6,16,255,-9999,-9999,-9999,26,-9999,0,-9999
5224,2017,8,6,17,259,-9999,-9999,-9999,29,-9999,0,-9999
5225,2017,8,6,18,260,-9999,-9999,-9999,27,-9999,0,-9999
5226,2017,8,6,19,264,-9999,-9999,-9999,27,-9999,0,-9999
5227,2017,8,6,20,262,-9999,-9999,-9999,33,-9999,0,-9999
5228,2017,8,6,21,259,-9999,-9999,-9999,30,-9999,0,-9999
5229,2017,8,6,22,256,-9999,-9999,-9999,31,-9999,0,-9999
5230,2017,8,6,23,245,-9999,-9999,-9999,32,-9999,0,-9999
5231,2017,8,7,0,236,-9999,-9999,-9999,31,-9999,0,-9999
5232,2017,8,7,1,237,-9999,-9999,-9999,27,-9999,0,-9999
5233,2017,8,7,2,237,-9999,-9999,-9999,29,-9999,0,-9999
5234,2017,8,7,3,237,-9999,-9999,-9999,29,-9999,0,-9999
5235,2017,8,7,4,236,-9999,-9999,-9999,31,-9999,0,-9999
5236,2017,8,7,5,236,-9999,-9999,-9999,31,-9999,0,-9999
5237,2017,8,7,6,239,-9999,-9999,-9999,31,-9999,0,-9999
5238,2017,8,7,7,239,-9999,-9999,-9999,35,-9999,0,-9999
5239,2017,8,7,8,228,-9999,-9999,-9999,22,-9999,107,-9999
5240,2017,8,7,9,234,-9999,-9999,-9999,34,-9999,69,-9999
5241,2017,8,7,10,241,-9999,-9999,-9999,35,-9999,0,-9999
5242,2017,8,7,11,241,-9999,-9999,-9999,27,-9999,0,-9999
5243,2017,8,7,12,248,-9999,-9999,-9999,27,-9999,0,-9999
5244,2017,8,7,13,251,-9999,-9999,-9999,29,-9999,0,-9999
5245,2017,8,7,14,260,-9999,-9999,-9999,29,-9999,0,-9999
5246,2017,8,7,15,262,-9999,-9999,-9999,32,-9999,0,-9999
5247,2017,8,7,16,254,-9999,-9999,-9999,31,-9999,7,-9999
5248,2017,8,7,17,251,-9999,-9999,-9999,33,-9999,82,-9999
5249,2017,8,7,18,261,-9999,-9999,-9999,26,-9999,0,-9999
5250,2017,8,7,19,269,-9999,-9999,-9999,34,-9999,0,-9999
5251,2017,8,7,20,285,-9999,-9999,-9999,36,-9999,0,-9999
5252,2017,8,7,21,276,-9999,-9999,-9999,35,-9999,0,-9999
5253,2017,8,7,22,284,-9999,-9999,-9999,27,-9999,0,-9999
5254,2017,8,7,23,264,-9999,-9999,-9999,16,-9999,5,-9999
5255,2017,8,8,0,239,-9999,-9999,-9999,31,-9999,186,-9999
5256,2017,8,8,1,243,-9999,-9999,-9999,13,-9999,0,-9999
5257,2017,8,8,2,242,-9999,-9999,-9999,24,-9999,0,-9999
5258,2017,8,8,3,243,-9999,-9999,-9999,33,-9999,0,-9999
5259,2017,8,8,4,245,-9999,-9999,-9999,26,-9999,0,-9999
5260,2017,8,8,5,241,-9999,-9999,-9999,21,-9999,26,-9999
5261,2017,8,8,6,233,-9999,-9999,-9999,11,-9999,112,-9999
5262,2017,8,8,7,234,-9999,-9999,-9999,15,-9999,93,-9999
5263,2017,8,8,8,230,-9999,-9999,-9999,12,-9999,104,-9999
5264,2017,8,8,9,223,-9999,-9999,-9999,15,-9999,104,-9999
5265,2017,8,8,10,215,-9999,-9999,-9999,19,-9999,46,-9999
5266,2017,8,8,11,212,-9999,-9999,-9999,22,-9999,37,-9999
5267,2017,8,8,12,211,-9999,-9999,-9999,21,-9999,22,-9999
5268,2017,8,8,13,211,-9999,-9999,-9999,23,-9999,23,-9999
5269,2017,8,8,14,220,-9999,-9999,-9999,19,-9999,0,-9999
5270,2017,8,8,15,225,-9999,-9999,-9999,15,-9999,0,-9999
5271,2017,8,8,16,229,-9999,-9999,-9999,23,-9999,0,-9999
5272,2017,8,8,17,226,-9999,-9999,-9999,20,-9999,0,-9999
5273,2017,8,8,18,228,-9999,-9999,-9999,14,-9999,0,-9999
5274,2017,8,8,19,222,-9999,-9999,-9999,21,-9999,4,-9999
5275,2017,8,8,20,224,-9999,-9999,-9999,19,-9999,0,-9999
5276,2017,8,8,21,231,-9999,-9999,-9999,22,-9999,0,-9999
5277,2017,8,8,22,234,-9999,-9999,-9999,24,-9999,0,-9999
5278,2017,8,8,23,231,-9999,-9999,-9999,17,-9999,0,-9999
5279,2017,8,9,0,215,-9999,-9999,-9999,10,-9999,0,-9999
5280,2017,8,9,1,210,-9999,-9999,-9999,7,-9999,0,-9999
5281,2017,8,9,2,211,-9999,-9999,-9999,10,-9999,0,-9999
5282,2017,8,9,3,225,-9999,-9999,-9999,11,-9999,0,-9999
5283,2017,8,9,4,223,-9999,-9999,-9999,15,-9999,0,-9999
5284,2017,8,9,5,220,-9999,-9999,-9999,11,-9999,0,-9999
5285,2017,8,9,6,199,-9999,-9999,-9999,3,-9999,0,-9999
5286,2017,8,9,7,193,-9999,-9999,-9999,6,-9999,0,-9999
5287,2017,8,9,8,193,-9999,-9999,-9999,8,-9999,0,-9999
5288,2017,8,9,9,191,-9999,-9999,-9999,7,-9999,0,-9999
5289,2017,8,9,10,192,-9999,-9999,-9999,10,-9999,0,-9999
5290,2017,8,9,11,199,-9999,-9999,-9999,11,-9999,0,-9999
5291,2017,8,9,12,209,-9999,-9999,-9999,11,-9999,0,-9999
5292,2017,8,9,13,229,-9999,-9999,-9999,13,-9999,0,-9999
5293,2017,8,9,14,233,-9999,-9999,-9999,20,-9999,0,-9999
5294,2017,8,9,15,246,-9999,-9999,-9999,28,-9999,0,-9999
5295,2017,8,9,16,251,-9999,-9999,-9999,34,-9999,0,-9999
5296,2017,8,9,17,254,-9999,-9999,-9999,35,-9999,0,-9999
5297,2017,8,9,18,257,-9999,-9999,-9999,34,-9999,0,-9999
5298,2017,8,9,19,257,-9999,-9999,-9999,32,-9999,0,-9999
5299,2017,8,9,20,252,-9999,-9999,-9999,31,-9999,0,-9999
5300,2017,8,9,21,245,-9999,-9999,-9999,28,-9999,0,-9999
5301,2017,8,9,22,240,-9999,-9999,-9999,25,-9999,0,-9999
5302,2017,8,9,23,229,-9999,-9999,-9999,22,-9999,0,-9999
5303,2017,8,10,0,225,-9999,-9999,-9999,18,-9999,0,-9999
5304,2017,8,10,1,220,-9999,-9999,-9999,15,-9999,0,-9999
5305,2017,8,10,2,222,-9999,-9999,-9999,18,-9999,0,-9999
5306,2017,8,10,3,220,-9999,-9999,-9999,19,-9999,0,-9999
5307,2017,8,10,4,221,-9999,-9999,-9999,22,-9999,0,-9999
5308,2017,8,10,5,219,-9999,-9999,-9999,19,-9999,0,-9999
5309,2017,8,10,6,213,-9999,-9999,-9999,13,-9999,0,-9999
5310,2017,8,10,7,190,-9999,-9999,-9999,11,-9999,0,-9999
5311,2017,8,10,8,194,-9999,-9999,-9999,8,-9999,0,-9999
5312,2017,8,10,9,196,-9999,-9999,-9999,8,-9999,0,-9999
5313,2017,8,10,10,206,-9999,-9999,-9999,11,-9999,0,-9999
5314,2017,8,10,11,204,-9999,-9999,-9999,9,-9999,0,-9999
5315,2017,8,10,12,223,-9999,-9999,-9999,17,-9999,0,-9999
5316,2017,8,10,13,237,-9999,-9999,-9999,25,-9999,0,-9999
5317,2017,8,10,14,244,-9999,-9999,-9999,28,-9999,0,-9999
5318,2017,8,10,15,244,-9999,-9999,-9999,29,-9999,0,-9999
5319,2017,8,10,16,247,-9999,-9999,-9999,28,-9999,0,-9999
5320,2017,8,10,17,252,-9999,-9999,-9999,27,-9999,0,-9999
5321,2017,8,10,18,250,-9999,-9999,-9999,28,-9999,0,-9999
5322,2017,8,10,19,258,-9999,-9999,-9999,26,-9999,0,-9999
5323,2017,8,10,20,250,-9999,-9999,-9999,26,-9999,0,-9999
5324,2017,8,10,21,249,-9999,-9999,-9999,24,-9999,0,-9999
5325,2017,8,10,22,244,-9999,-9999,-9999,21,-9999,0,-9999
5326,2017,8,10,23,237,-9999,-9999,-9999,19,-9999,0,-9999
5327,2017,8,11,0,227,-9999,-9999,-9999,18,-9999,0,-9999
5328,2017,8,11,1,223,-9999,-9999,-9999,18,-9999,0,-9999
5329,2017,8,11,2,224,-9999,-9999,-9999,15,-9999,0,-9999
5330,2017,8,11,3,224,-9999,-9999,-9999,19,-9999,0,-9999
5331,2017,8,11,4,223,-9999,-9999,-9999,21,-9999,0,-9999
5332,2017,8,11,5,221,-9999,-9999,-9999,15,-9999,0,-9999
5333,2017,8,11,6,211,-9999,-9999,-9999,6,-9999,0,-9999
5334,2017,8,11,7,196,-9999,-9999,-9999,6,-9999,0,-9999
5335,2017,8,11,8,194,-9999,-9999,-9999,1,-9999,0,-9999
5336,2017,8,11,9,191,-9999,-9999,-9999,4,-9999,0,-9999
5337,2017,8,11,10,208,-9999,-9999,-9999,0,-9999,0,-9999
5338,2017,8,11,11,219,-9999,-9999,-9999,1,-9999,0,-9999
5339,2017,8,11,12,230,-9999,-9999,-9999,3,-9999,0,-9999
5340,2017,8,11,13,238,-9999,-9999,-9999,12,-9999,0,-9999
5341,2017,8,11,14,244,-9999,-9999,-9999,20,-9999,0,-9999
5342,2017,8,11,15,246,-9999,-9999,-9999,27,-9999,0,-9999
5343,2017,8,11,16,247,-9999,-9999,-9999,34,-9999,0,-9999
5344,2017,8,11,17,248,-9999,-9999,-9999,37,-9999,0,-9999
5345,2017,8,11,18,254,-9999,-9999,-9999,35,-9999,0,-9999
5346,2017,8,11,19,258,-9999,-9999,-9999,35,-9999,0,-9999
5347,2017,8,11,20,263,-9999,-9999,-9999,36,-9999,0,-9999
5348,2017,8,11,21,260,-9999,-9999,-9999,31,-9999,0,-9999
5349,2017,8,11,22,256,-9999,-9999,-9999,32,-9999,0,-9999
5350,2017,8,11,23,250,-9999,-9999,-9999,29,-9999,0,-9999
5351,2017,8,12,0,247,-9999,-9999,-9999,22,-9999,0,-9999
5352,2017,8,12,1,243,-9999,-9999,-9999,22,-9999,0,-9999
5353,2017,8,12,2,247,-9999,-9999,-9999,22,-9999,0,-9999
5354,2017,8,12,3,246,-9999,-9999,-9999,19,-9999,0,-9999
5355,2017,8,12,4,246,-9999,-9999,-9999,16,-9999,0,-9999
5356,2017,8,12,5,248,-9999,-9999,-9999,22,-9999,0,-9999
5357,2017,8,12,6,248,-9999,-9999,-9999,18,-9999,0,-9999
5358,2017,8,12,7,250,-9999,-9999,-9999,16,-9999,0,-9999
5359,2017,8,12,8,250,-9999,-9999,-9999,20,-9999,0,-9999
5360,2017,8,12,9,251,-9999,-9999,-9999,20,-9999,0,-9999
5361,2017,8,12,10,245,-9999,-9999,-9999,17,-9999,3,-9999
5362,2017,8,12,11,242,-9999,-9999,-9999,15,-9999,5,-9999
5363,2017,8,12,12,246,-9999,-9999,-9999,17,-9999,0,-9999
5364,2017,8,12,13,244,-9999,-9999,-9999,12,-9999,10,-9999
5365,2017,8,12,14,239,-9999,-9999,-9999,13,-9999,39,-9999
5366,2017,8,12,15,234,-9999,-9999,-9999,9,-9999,24,-9999
5367,2017,8,12,16,238,-9999,-9999,-9999,14,-9999,12,-9999
5368,2017,8,12,17,239,-9999,-9999,-9999,16,-9999,2,-9999
5369,2017,8,12,18,248,-9999,-9999,-9999,17,-9999,0,-9999
5370,2017,8,12,19,265,-9999,-9999,-9999,24,-9999,0,-9999
5371,2017,8,12,20,261,-9999,-9999,-9999,23,-9999,0,-9999
5372,2017,8,12,21,258,-9999,-9999,-9999,26,-9999,0,-9999
5373,2017,8,12,22,262,-9999,-9999,-9999,18,-9999,0,-9999
5374,2017,8,12,23,252,-9999,-9999,-9999,20,-9999,0,-9999
5375,2017,8,13,0,247,-9999,-9999,-9999,16,-9999,0,-9999
5376,2017,8,13,1,247,-9999,-9999,-9999,9,-9999,0,-9999
5377,2017,8,13,2,247,-9999,-9999,-9999,14,-9999,0,-9999
5378,2017,8,13,3,246,-9999,-9999,-9999,9,-9999,0,-9999
5379,2017,8,13,4,247,-9999,-9999,-9999,4,-9999,0,-9999
5380,2017,8,13,5,247,-9999,-9999,-9999,4,-9999,0,-9999
5381,2017,8,13,6,250,-9999,-9999,-9999,6,-9999,0,-9999
5382,2017,8,13,7,251,-9999,-9999,-9999,13,-9999,0,-9999
5383,2017,8,13,8,232,-9999,-9999,-9999,14,-9999,0,-9999
5384,2017,8,13,9,228,-9999,-9999,-9999,12,-9999,0,-9999
5385,2017,8,13,10,231,-9999,-9999,-9999,15,-9999,0,-9999
5386,2017,8,13,11,235,-9999,-9999,-9999,22,-9999,0,-9999
5387,2017,8,13,12,248,-9999,-9999,-9999,25,-9999,0,-9999
5388,2017,8,13,13,255,-9999,-9999,-9999,30,-9999,0,-9999
5389,2017,8,13,14,246,-9999,-9999,-9999,24,-9999,0,-9999
5390,2017,8,13,15,249,-9999,-9999,-9999,15,-9999,6,-9999
5391,2017,8,13,16,253,-9999,-9999,-9999,21,-9999,0,-9999
5392,2017,8,13,17,251,-9999,-9999,-9999,19,-9999,0,-9999
5393,2017,8,13,18,258,-9999,-9999,-9999,18,-9999,0,-9999
5394,2017,8,13,19,269,-9999,-9999,-9999,15,-9999,0,-9999
5395,2017,8,13,20,267,-9999,-9999,-9999,24,-9999,0,-9999
5396,2017,8,13,21,260,-9999,-9999,-9999,24,-9999,0,-9999
5397,2017,8,13,22,264,-9999,-9999,-9999,24,-9999,0,-9999
5398,2017,8,13,23,255,-9999,-9999,-9999,16,-9999,0,-9999
5399,2017,8,14,0,238,-9999,-9999,-9999,9,-9999,0,-9999
5400,2017,8,14,1,222,-9999,-9999,-9999,4,-9999,0,-9999
5401,2017,8,14,2,219,-9999,-9999,-9999,3,-9999,0,-9999
5402,2017,8,14,3,215,-9999,-9999,-9999,6,-9999,0,-9999
5403,2017,8,14,4,216,-9999,-9999,-9999,1,-9999,0,-9999
5404,2017,8,14,5,218,-9999,-9999,-9999,2,-9999,0,-9999
5405,2017,8,14,6,217,-9999,-9999,-9999,0,-9999,0,-9999
5406,2017,8,14,7,238,-9999,-9999,-9999,5,-9999,0,-9999
5407,2017,8,14,8,239,-9999,-9999,-9999,12,-9999,0,-9999
5408,2017,8,14,9,234,-9999,-9999,-9999,10,-9999,0,-9999
5409,2017,8,14,10,238,-9999,-9999,-9999,11,-9999,0,-9999
5410,2017,8,14,11,237,-9999,-9999,-9999,12,-9999,0,-9999
5411,2017,8,14,12,240,-9999,-9999,-9999,13,-9999,0,-9999
5412,2017,8,14,13,251,-9999,-9999,-9999,18,-9999,0,-9999
5413,2017,8,14,14,259,-9999,-9999,-9999,23,-9999,0,-9999
5414,2017,8,14,15,251,-9999,-9999,-9999,22,-9999,0,-9999
5415,2017,8,14,16,258,-9999,-9999,-9999,22,-9999,0,-9999
5416,2017,8,14,17,258,-9999,-9999,-9999,21,-9999,0,-9999
5417,2017,8,14,18,258,-9999,-9999,-9999,25,-9999,0,-9999
5418,2017,8,14,19,255,-9999,-9999,-9999,26,-9999,0,-9999
5419,2017,8,14,20,259,-9999,-9999,-9999,28,-9999,0,-9999
5420,2017,8,14,21,253,-9999,-9999,-9999,30,-9999,0,-9999
5421,2017,8,14,22,256,-9999,-9999,-9999,31,-9999,0,-9999
5422,2017,8,14,23,247,-9999,-9999,-9999,29,-9999,0,-9999
5423,2017,8,15,0,246,-9999,-9999,-9999,21,-9999,0,-9999
5424,2017,8,15,1,246,-9999,-9999,-9999,19,-9999,0,-9999
5425,2017,8,15,2,246,-9999,-9999,-9999,18,-9999,0,-9999
5426,2017,8,15,3,245,-9999,-9999,-9999,20,-9999,0,-9999
5427,2017,8,15,4,247,-9999,-9999,-9999,19,-9999,0,-9999
5428,2017,8,15,5,247,-9999,-9999,-9999,15,-9999,0,-9999
5429,2017,8,15,6,249,-9999,-9999,-9999,15,-9999,0,-9999
5430,2017,8,15,7,247,-9999,-9999,-9999,3,-9999,9,-9999
5431,2017,8,15,8,247,-9999,-9999,-9999,2,-9999,0,-9999
5432,2017,8,15,9,246,-9999,-9999,-9999,2,-9999,0,-9999
5433,2017,8,15,10,243,-9999,-9999,-9999,3,-9999,0,-9999
5434,2017,8,15,11,244,-9999,-9999,-9999,1,-9999,0,-9999
5435,2017,8,15,12,251,-9999,-9999,-9999,2,-9999,0,-9999
5436,2017,8,15,13,263,-9999,-9999,-9999,6,-9999,0,-9999
5437,2017,8,15,14,265,-9999,-9999,-9999,16,-9999,0,-9999
5438,2017,8,15,15,272,-9999,-9999,-9999,21,-9999,0,-9999
5439,2017,8,15,16,284,-9999,-9999,-9999,20,-9999,0,-9999
5440,2017,8,15,17,284,-9999,-9999,-9999,24,-9999,0,-9999
5441,2017,8,15,18,282,-9999,-9999,-9999,32,-9999,0,-9999
5442,2017,8,15,19,279,-9999,-9999,-9999,32,-9999,0,-9999
5443,2017,8,15,20,242,-9999,-9999,-9999,30,-9999,29,-9999
5444,2017,8,15,21,240,-9999,-9999,-9999,22,-9999,205,-9999
5445,2017,8,15,22,244,-9999,-9999,-9999,24,-9999,0,-9999
5446,2017,8,15,23,249,-9999,-9999,-9999,20,-9999,0,-9999
5447,2017,8,16,0,239,-9999,-9999,-9999,7,-9999,0,-9999
5448,2017,8,16,1,238,-9999,-9999,-9999,6,-9999,0,-9999
5449,2017,8,16,2,234,-9999,-9999,-9999,7,-9999,0,-9999
5450,2017,8,16,3,231,-9999,-9999,-9999,6,-9999,0,-9999
5451,2017,8,16,4,228,-9999,-9999,-9999,4,-9999,0,-9999
5452,2017,8,16,5,226,-9999,-9999,-9999,3,-9999,0,-9999
5453,2017,8,16,6,227,-9999,-9999,-9999,3,-9999,0,-9999
5454,2017,8,16,7,222,-9999,-9999,-9999,5,-9999,0,-9999
5455,2017,8,16,8,222,-9999,-9999,-9999,8,-9999,0,-9999
5456,2017,8,16,9,220,-9999,-9999,-9999,6,-9999,0,-9999
5457,2017,8,16,10,221,-9999,-9999,-9999,3,-9999,0,-9999
5458,2017,8,16,11,227,-9999,-9999,-9999,8,-9999,0,-9999
5459,2017,8,16,12,244,-9999,-9999,-9999,17,-9999,0,-9999
5460,2017,8,16,13,256,-9999,-9999,-9999,20,-9999,0,-9999
5461,2017,8,16,14,265,-9999,-9999,-9999,25,-9999,0,-9999
5462,2017,8,16,15,273,-9999,-9999,-9999,25,-9999,0,-9999
5463,2017,8,16,16,276,-9999,-9999,-9999,28,-9999,0,-9999
5464,2017,8,16,17,278,-9999,-9999,-9999,24,-9999,0,-9999
5465,2017,8,16,18,269,-9999,-9999,-9999,27,-9999,0,-9999
5466,2017,8,16,19,272,-9999,-9999,-9999,24,-9999,0,-9999
5467,2017,8,16,20,267,-9999,-9999,-9999,26,-9999,0,-9999
5468,2017,8,16,21,264,-9999,-9999,-9999,25,-9999,0,-9999
5469,2017,8,16,22,262,-9999,-9999,-9999,23,-9999,0,-9999
5470,2017,8,16,23,261,-9999,-9999,-9999,18,-9999,0,-9999
5471,2017,8,17,0,247,-9999,-9999,-9999,6,-9999,0,-9999
5472,2017,8,17,1,246,-9999,-9999,-9999,13,-9999,0,-9999
5473,2017,8,17,2,244,-9999,-9999,-9999,9,-9999,0,-9999
5474,2017,8,17,3,243,-9999,-9999,-9999,11,-9999,0,-9999
5475,2017,8,17,4,232,-9999,-9999,-9999,5,-9999,0,-9999
5476,2017,8,17,5,228,-9999,-9999,-9999,3,-9999,0,-9999
5477,2017,8,17,6,229,-9999,-9999,-9999,4,-9999,0,-9999
5478,2017,8,17,7,229,-9999,-9999,-9999,9,-9999,0,-9999
5479,2017,8,17,8,231,-9999,-9999,-9999,6,-9999,0,-9999
5480,2017,8,17,9,220,-9999,-9999,-9999,1,-9999,0,-9999
5481,2017,8,17,10,220,-9999,-9999,-9999,1,-9999,0,-9999
5482,2017,8,17,11,233,-9999,-9999,-9999,5,-9999,0,-9999
5483,2017,8,17,12,241,-9999,-9999,-9999,2,-9999,0,-9999
5484,2017,8,17,13,260,-9999,-9999,-9999,10,-9999,0,-9999
5485,2017,8,17,14,271,-9999,-9999,-9999,18,-9999,0,-9999
5486,2017,8,17,15,280,-9999,-9999,-9999,23,-9999,0,-9999
5487,2017,8,17,16,292,-9999,-9999,-9999,22,-9999,0,-9999
5488,2017,8,17,17,292,-9999,-9999,-9999,29,-9999,0,-9999
5489,2017,8,17,18,287,-9999,-9999,-9999,32,-9999,0,-9999
5490,2017,8,17,19,281,-9999,-9999,-9999,35,-9999,0,-9999
5491,2017,8,17,20,275,-9999,-9999,-9999,36,-9999,0,-9999
5492,2017,8,17,21,270,-9999,-9999,-9999,35,-9999,0,-9999
5493,2017,8,17,22,265,-9999,-9999,-9999,33,-9999,0,-9999
5494,2017,8,17,23,267,-9999,-9999,-9999,29,-9999,0,-9999
5495,2017,8,18,0,259,-9999,-9999,-9999,26,-9999,0,-9999
5496,2017,8,18,1,258,-9999,-9999,-9999,27,-9999,0,-9999
5497,2017,8,18,2,259,-9999,-9999,-9999,26,-9999,0,-9999
5498,2017,8,18,3,258,-9999,-9999,-9999,25,-9999,0,-9999
5499,2017,8,18,4,259,-9999,-9999,-9999,23,-9999,0,-9999
5500,2017,8,18,5,256,-9999,-9999,-9999,18,-9999,0,-9999
5501,2017,8,18,6,255,-9999,-9999,-9999,17,-9999,0,-9999
5502,2017,8,18,7,253,-9999,-9999,-9999,16,-9999,0,-9999
5503,2017,8,18,8,253,-9999,-9999,-9999,14,-9999,0,-9999
5504,2017,8,18,9,253,-9999,-9999,-9999,12,-9999,0,-9999
5505,2017,8,18,10,254,-9999,-9999,-9999,15,-9999,0,-9999
5506,2017,8,18,11,257,-9999,-9999,-9999,14,-9999,0,-9999
5507,2017,8,18,12,264,-9999,-9999,-9999,20,-9999,0,-9999
5508,2017,8,18,13,271,-9999,-9999,-9999,25,-9999,0,-9999
5509,2017,8,18,14,288,-9999,-9999,-9999,28,-9999,0,-9999
5510,2017,8,18,15,295,-9999,-9999,-9999,28,-9999,0,-9999
5511,2017,8,18,16,302,-9999,-9999,-9999,27,-9999,0,-9999
5512,2017,8,18,17,314,-9999,-9999,-9999,26,-9999,0,-9999
5513,2017,8,18,18,311,-9999,-9999,-9999,31,-9999,0,-9999
5514,2017,8,18,19,308,-9999,-9999,-9999,33,-9999,0,-9999
5515,2017,8,18,20,301,-9999,-9999,-9999,35,-9999,0,-9999
5516,2017,8,18,21,289,-9999,-9999,-9999,40,-9999,0,-9999
5517,2017,8,18,22,291,-9999,-9999,-9999,40,-9999,0,-9999
5518,2017,8,18,23,290,-9999,-9999,-9999,29,-9999,0,-9999
5519,2017,8,19,0,286,-9999,-9999,-9999,22,-9999,0,-9999
5520,2017,8,19,1,278,-9999,-9999,-9999,18,-9999,0,-9999
5521,2017,8,19,2,275,-9999,-9999,-9999,15,-9999,0,-9999
5522,2017,8,19,3,261,-9999,-9999,-9999,24,-9999,0,-9999
5523,2017,8,19,4,235,-9999,-9999,-9999,12,-9999,120,-9999
5524,2017,8,19,5,238,-9999,-9999,-9999,10,-9999,0,-9999
5525,2017,8,19,6,238,-9999,-9999,-9999,14,-9999,8,-9999
5526,2017,8,19,7,235,-9999,-9999,-9999,11,-9999,18,-9999
5527,2017,8,19,8,234,-9999,-9999,-9999,5,-9999,4,-9999
5528,2017,8,19,9,232,-9999,-9999,-9999,3,-9999,0,-9999
5529,2017,8,19,10,235,-9999,-9999,-9999,4,-9999,0,-9999
5530,2017,8,19,11,240,-9999,-9999,-9999,7,-9999,0,-9999
5531,2017,8,19,12,248,-9999,-9999,-9999,11,-9999,0,-9999
5532,2017,8,19,13,261,-9999,-9999,-9999,16,-9999,0,-9999
5533,2017,8,19,14,266,-9999,-9999,-9999,23,-9999,0,-9999
5534,2017,8,19,15,287,-9999,-9999,-9999,25,-9999,0,-9999
5535,2017,8,19,16,289,-9999,-9999,-9999,25,-9999,0,-9999
5536,2017,8,19,17,293,-9999,-9999,-9999,20,-9999,0,-9999
5537,2017,8,19,18,296,-9999,-9999,-9999,16,-9999,0,-9999
5538,2017,8,19,19,291,-9999,-9999,-9999,29,-9999,0,-9999
5539,2017,8,19,20,298,-9999,-9999,-9999,30,-9999,0,-9999
5540,2017,8,19,21,297,-9999,-9999,-9999,26,-9999,0,-9999
5541,2017,8,19,22,291,-9999,-9999,-9999,14,-9999,0,-9999
5542,2017,8,19,23,267,-9999,-9999,-9999,4,-9999,0,-9999
5543,2017,8,20,0,245,-9999,-9999,-9999,4,-9999,0,-9999
5544,2017,8,20,1,242,-9999,-9999,-9999,2,-9999,0,-9999
5545,2017,8,20,2,229,-9999,-9999,-9999,3,-9999,0,-9999
5546,2017,8,20,3,233,-9999,-9999,-9999,5,-9999,0,-9999
5547,2017,8,20,4,236,-9999,-9999,-9999,3,-9999,0,-9999
5548,2017,8,20,5,220,-9999,-9999,-9999,1,-9999,0,-9999
5549,2017,8,20,6,214,-9999,-9999,-9999,1,-9999,0,-9999
5550,2017,8,20,7,213,-9999,-9999,-9999,3,-9999,0,-9999
5551,2017,8,20,8,215,-9999,-9999,-9999,4,-9999,0,-9999
5552,2017,8,20,9,218,-9999,-9999,-9999,7,-9999,0,-9999
5553,2017,8,20,10,211,-9999,-9999,-9999,4,-9999,0,-9999
5554,2017,8,20,11,219,-9999,-9999,-9999,6,-9999,0,-9999
5555,2017,8,20,12,250,-9999,-9999,-9999,3,-9999,0,-9999
5556,2017,8,20,13,274,-9999,-9999,-9999,14,-9999,0,-9999
5557,2017,8,20,14,273,-9999,-9999,-9999,28,-9999,0,-9999
5558,2017,8,20,15,277,-9999,-9999,-9999,29,-9999,0,-9999
5559,2017,8,20,16,282,-9999,-9999,-9999,28,-9999,0,-9999
5560,2017,8,20,17,280,-9999,-9999,-9999,24,-9999,0,-9999
5561,2017,8,20,18,282,-9999,-9999,-9999,23,-9999,0,-9999
5562,2017,8,20,19,287,-9999,-9999,-9999,21,-9999,0,-9999
5563,2017,8,20,20,287,-9999,-9999,-9999,22,-9999,0,-9999
5564,2017,8,20,21,280,-9999,-9999,-9999,25,-9999,0,-9999
5565,2017,8,20,22,274,-9999,-9999,-9999,25,-9999,0,-9999
5566,2017,8,20,23,267,-9999,-9999,-9999,20,-9999,0,-9999
5567,2017,8,21,0,257,-9999,-9999,-9999,14,-9999,0,-9999
5568,2017,8,21,1,250,-9999,-9999,-9999,10,-9999,0,-9999
5569,2017,8,21,2,255,-9999,-9999,-9999,10,-9999,0,-9999
5570,2017,8,21,3,232,-9999,-9999,-9999,8,-9999,0,-9999
5571,2017,8,21,4,227,-9999,-9999,-9999,4,-9999,0,-9999
5572,2017,8,21,5,225,-9999,-9999,-9999,7,-9999,0,-9999
5573,2017,8,21,6,222,-9999,-9999,-9999,5,-9999,0,-9999
5574,2017,8,21,7,219,-9999,-9999,-9999,4,-9999,0,-9999
5575,2017,8,21,8,219,-9999,-9999,-9999,5,-9999,0,-9999
5576,2017,8,21,9,217,-9999,-9999,-9999,2,-9999,0,-9999
5577,2017,8,21,10,218,-9999,-9999,-9999,4,-9999,0,-9999
5578,2017,8,21,11,222,-9999,-9999,-9999,5,-9999,0,-9999
5579,2017,8,21,12,252,-9999,-9999,-9999,1,-9999,0,-9999
5580,2017,8,21,13,267,-9999,-9999,-9999,19,-9999,0,-9999
5581,2017,8,21,14,271,-9999,-9999,-9999,23,-9999,0,-9999
5582,2017,8,21,15,276,-9999,-9999,-9999,21,-9999,0,-9999
5583,2017,8,21,16,277,-9999,-9999,-9999,30,-9999,0,-9999
5584,2017,8,21,17,277,-9999,-9999,-9999,33,-9999,0,-9999
5585,2017,8,21,18,280,-9999,-9999,-9999,27,-9999,0,-9999
5586,2017,8,21,19,267,-9999,-9999,-9999,23,-9999,0,-9999
5587,2017,8,21,20,285,-9999,-9999,-9999,27,-9999,0,-9999
5588,2017,8,21,21,289,-9999,-9999,-9999,29,-9999,0,-9999
5589,2017,8,21,22,278,-9999,-9999,-9999,23,-9999,0,-9999
5590,2017,8,21,23,271,-9999,-9999,-9999,22,-9999,0,-9999
5591,2017,8,22,0,266,-9999,-9999,-9999,16,-9999,0,-9999
5592,2017,8,22,1,266,-9999,-9999,-9999,15,-9999,0,-9999
5593,2017,8,22,2,262,-9999,-9999,-9999,17,-9999,0,-9999
5594,2017,8,22,3,260,-9999,-9999,-9999,16,-9999,0,-9999
5595,2017,8,22,4,257,-9999,-9999,-9999,15,-9999,0,-9999
5596,2017,8,22,5,255,-9999,-9999,-9999,13,-9999,0,-9999
5597,2017,8,22,6,254,-9999,-9999,-9999,13,-9999,0,-9999
5598,2017,8,22,7,251,-9999,-9999,-9999,14,-9999,0,-9999
5599,2017,8,22,8,248,-9999,-9999,-9999,12,-9999,0,-9999
5600,2017,8,22,9,247,-9999,-9999,-9999,13,-9999,0,-9999
5601,2017,8,22,10,243,-9999,-9999,-9999,9,-9999,0,-9999
5602,2017,8,22,11,243,-9999,-9999,-9999,9,-9999,0,-9999
5603,2017,8,22,12,256,-9999,-9999,-9999,11,-9999,0,-9999
5604,2017,8,22,13,269,-9999,-9999,-9999,22,-9999,0,-9999
5605,2017,8,22,14,277,-9999,-9999,-9999,23,-9999,0,-9999
5606,2017,8,22,15,283,-9999,-9999,-9999,28,-9999,0,-9999
5607,2017,8,22,16,292,-9999,-9999,-9999,30,-9999,0,-9999
5608,2017,8,22,17,298,-9999,-9999,-9999,31,-9999,0,-9999
5609,2017,8,22,18,301,-9999,-9999,-9999,30,-9999,0,-9999
5610,2017,8,22,19,300,-9999,-9999,-9999,29,-9999,0,-9999
5611,2017,8,22,20,299,-9999,-9999,-9999,28,-9999,0,-9999
5612,2017,8,22,21,292,-9999,-9999,-9999,31,-9999,0,-9999
5613,2017,8,22,22,288,-9999,-9999,-9999,35,-9999,0,-9999
5614,2017,8,22,23,282,-9999,-9999,-9999,31,-9999,0,-9999
5615,2017,8,23,0,274,-9999,-9999,-9999,19,-9999,0,-9999
5616,2017,8,23,1,267,-9999,-9999,-9999,10,-9999,0,-9999
5617,2017,8,23,2,273,-9999,-9999,-9999,14,-9999,0,-9999
5618,2017,8,23,3,270,-9999,-9999,-9999,27,-9999,0,-9999
5619,2017,8,23,4,269,-9999,-9999,-9999,31,-9999,0,-9999
5620,2017,8,23,5,266,-9999,-9999,-9999,28,-9999,0,-9999
5621,2017,8,23,6,265,-9999,-9999,-9999,29,-9999,0,-9999
5622,2017,8,23,7,264,-9999,-9999,-9999,28,-9999,0,-9999
5623,2017,8,23,8,262,-9999,-9999,-9999,28,-9999,0,-9999
5624,2017,8,23,9,260,-9999,-9999,-9999,26,-9999,0,-9999
5625,2017,8,23,10,259,-9999,-9999,-9999,26,-9999,0,-9999
5626,2017,8,23,11,258,-9999,-9999,-9999,25,-9999,0,-9999
5627,2017,8,23,12,263,-9999,-9999,-9999,23,-9999,0,-9999
5628,2017,8,23,13,269,-9999,-9999,-9999,25,-9999,0,-9999
5629,2017,8,23,14,272,-9999,-9999,-9999,22,-9999,0,-9999
5630,2017,8,23,15,278,-9999,-9999,-9999,21,-9999,0,-9999
5631,2017,8,23,16,287,-9999,-9999,-9999,21,-9999,0,-9999
5632,2017,8,23,17,290,-9999,-9999,-9999,17,-9999,0,-9999
5633,2017,8,23,18,296,-9999,-9999,-9999,28,-9999,0,-9999
5634,2017,8,23,19,303,-9999,-9999,-9999,23,-9999,0,-9999
5635,2017,8,23,20,282,-9999,-9999,-9999,31,-9999,0,-9999
5636,2017,8,23,21,262,-9999,-9999,-9999,31,-9999,0,-9999
5637,2017,8,23,22,248,-9999,-9999,-9999,29,-9999,12,-9999
5638,2017,8,23,23,249,-9999,-9999,-9999,16,-9999,0,-9999
5639,2017,8,24,0,247,-9999,-9999,-9999,21,-9999,0,-9999
5640,2017,8,24,1,250,-9999,-9999,-9999,31,-9999,0,-9999
5641,2017,8,24,2,240,-9999,-9999,-9999,27,-9999,0,-9999
5642,2017,8,24,3,243,-9999,-9999,-9999,23,-9999,0,-9999
5643,2017,8,24,4,243,-9999,-9999,-9999,21,-9999,0,-9999
5644,2017,8,24,5,230,-9999,-9999,-9999,19,-9999,0,-9999
5645,2017,8,24,6,219,-9999,-9999,-9999,20,-9999,0,-9999
5646,2017,8,24,7,213,-9999,-9999,-9999,14,-9999,0,-9999
5647,2017,8,24,8,216,-9999,-9999,-9999,17,-9999,0,-9999
5648,2017,8,24,9,213,-9999,-9999,-9999,15,-9999,0,-9999
5649,2017,8,24,10,218,-9999,-9999,-9999,16,-9999,0,-9999
5650,2017,8,24,11,219,-9999,-9999,-9999,21,-9999,0,-9999
5651,2017,8,24,12,223,-9999,-9999,-9999,24,-9999,0,-9999
5652,2017,8,24,13,227,-9999,-9999,-9999,20,-9999,0,-9999
5653,2017,8,24,14,253,-9999,-9999,-9999,24,-9999,0,-9999
5654,2017,8,24,15,262,-9999,-9999,-9999,30,-9999,0,-9999
5655,2017,8,24,16,263,-9999,-9999,-9999,32,-9999,0,-9999
5656,2017,8,24,17,262,-9999,-9999,-9999,31,-9999,0,-9999
5657,2017,8,24,18,266,-9999,-9999,-9999,29,-9999,0,-9999
5658,2017,8,24,19,264,-9999,-9999,-9999,23,-9999,0,-9999
5659,2017,8,24,20,267,-9999,-9999,-9999,21,-9999,0,-9999
5660,2017,8,24,21,259,-9999,-9999,-9999,15,-9999,0,-9999
5661,2017,8,24,22,262,-9999,-9999,-9999,9,-9999,0,-9999
5662,2017,8,24,23,250,-9999,-9999,-9999,14,-9999,0,-9999
5663,2017,8,25,0,216,-9999,-9999,-9999,8,-9999,0,-9999
5664,2017,8,25,1,209,-9999,-9999,-9999,5,-9999,0,-9999
5665,2017,8,25,2,200,-9999,-9999,-9999,3,-9999,0,-9999
5666,2017,8,25,3,203,-9999,-9999,-9999,5,-9999,0,-9999
5667,2017,8,25,4,203,-9999,-9999,-9999,4,-9999,0,-9999
5668,2017,8,25,5,191,-9999,-9999,-9999,1,-9999,0,-9999
5669,2017,8,25,6,193,-9999,-9999,-9999,9,-9999,0,-9999
5670,2017,8,25,7,184,-9999,-9999,-9999,3,-9999,0,-9999
5671,2017,8,25,8,189,-9999,-9999,-9999,5,-9999,0,-9999
5672,2017,8,25,9,194,-9999,-9999,-9999,3,-9999,0,-9999
5673,2017,8,25,10,200,-9999,-9999,-9999,1,-9999,0,-9999
5674,2017,8,25,11,200,-9999,-9999,-9999,3,-9999,0,-9999
5675,2017,8,25,12,227,-9999,-9999,-9999,8,-9999,0,-9999
5676,2017,8,25,13,244,-9999,-9999,-9999,18,-9999,0,-9999
5677,2017,8,25,14,247,-9999,-9999,-9999,29,-9999,0,-9999
5678,2017,8,25,15,255,-9999,-9999,-9999,29,-9999,0,-9999
5679,2017,8,25,16,251,-9999,-9999,-9999,26,-9999,0,-9999
5680,2017,8,25,17,258,-9999,-9999,-9999,22,-9999,0,-9999
5681,2017,8,25,18,254,-9999,-9999,-9999,25,-9999,0,-9999
5682,2017,8,25,19,248,-9999,-9999,-9999,23,-9999,0,-9999
5683,2017,8,25,20,252,-9999,-9999,-9999,18,-9999,0,-9999
5684,2017,8,25,21,262,-9999,-9999,-9999,17,-9999,0,-9999
5685,2017,8,25,22,255,-9999,-9999,-9999,20,-9999,0,-9999
5686,2017,8,25,23,249,-9999,-9999,-9999,18,-9999,0,-9999
5687,2017,8,26,0,241,-9999,-9999,-9999,13,-9999,0,-9999
5688,2017,8,26,1,238,-9999,-9999,-9999,8,-9999,0,-9999
5689,2017,8,26,2,214,-9999,-9999,-9999,5,-9999,0,-9999
5690,2017,8,26,3,213,-9999,-9999,-9999,8,-9999,0,-9999
5691,2017,8,26,4,214,-9999,-9999,-9999,8,-9999,0,-9999
5692,2017,8,26,5,213,-9999,-9999,-9999,10,-9999,0,-9999
5693,2017,8,26,6,208,-9999,-9999,-9999,6,-9999,0,-9999
5694,2017,8,26,7,202,-9999,-9999,-9999,3,-9999,0,-9999
5695,2017,8,26,8,198,-9999,-9999,-9999,3,-9999,0,-9999
5696,2017,8,26,9,208,-9999,-9999,-9999,2,-9999,0,-9999
5697,2017,8,26,10,216,-9999,-9999,-9999,2,-9999,0,-9999
5698,2017,8,26,11,218,-9999,-9999,-9999,3,-9999,0,-9999
5699,2017,8,26,12,238,-9999,-9999,-9999,13,-9999,0,-9999
5700,2017,8,26,13,240,-9999,-9999,-9999,27,-9999,0,-9999
5701,2017,8,26,14,243,-9999,-9999,-9999,35,-9999,0,-9999
5702,2017,8,26,15,259,-9999,-9999,-9999,36,-9999,0,-9999
5703,2017,8,26,16,255,-9999,-9999,-9999,35,-9999,0,-9999
5704,2017,8,26,17,257,-9999,-9999,-9999,36,-9999,0,-9999
5705,2017,8,26,18,255,-9999,-9999,-9999,37,-9999,0,-9999
5706,2017,8,26,19,259,-9999,-9999,-9999,34,-9999,0,-9999
5707,2017,8,26,20,250,-9999,-9999,-9999,33,-9999,0,-9999
5708,2017,8,26,21,253,-9999,-9999,-9999,34,-9999,0,-9999
5709,2017,8,26,22,246,-9999,-9999,-9999,32,-9999,0,-9999
5710,2017,8,26,23,238,-9999,-9999,-9999,30,-9999,0,-9999
5711,2017,8,27,0,229,-9999,-9999,-9999,24,-9999,0,-9999
5712,2017,8,27,1,230,-9999,-9999,-9999,24,-9999,0,-9999
5713,2017,8,27,2,228,-9999,-9999,-9999,28,-9999,0,-9999
5714,2017,8,27,3,229,-9999,-9999,-9999,28,-9999,0,-9999
5715,2017,8,27,4,230,-9999,-9999,-9999,34,-9999,0,-9999
5716,2017,8,27,5,231,-9999,-9999,-9999,36,-9999,0,-9999
5717,2017,8,27,6,231,-9999,-9999,-9999,34,-9999,0,-9999
5718,2017,8,27,7,227,-9999,-9999,-9999,34,-9999,0,-9999
5719,2017,8,27,8,225,-9999,-9999,-9999,32,-9999,0,-9999
5720,2017,8,27,9,225,-9999,-9999,-9999,30,-9999,0,-9999
5721,2017,8,27,10,209,-9999,-9999,-9999,29,-9999,0,-9999
5722,2017,8,27,11,202,-9999,-9999,-9999,26,-9999,0,-9999
5723,2017,8,27,12,209,-9999,-9999,-9999,25,-9999,0,-9999
5724,2017,8,27,13,215,-9999,-9999,-9999,24,-9999,0,-9999
5725,2017,8,27,14,231,-9999,-9999,-9999,27,-9999,0,-9999
5726,2017,8,27,15,243,-9999,-9999,-9999,34,-9999,0,-9999
5727,2017,8,27,16,248,-9999,-9999,-9999,41,-9999,0,-9999
5728,2017,8,27,17,239,-9999,-9999,-9999,41,-9999,0,-9999
5729,2017,8,27,18,243,-9999,-9999,-9999,46,-9999,0,-9999
5730,2017,8,27,19,240,-9999,-9999,-9999,41,-9999,0,-9999
5731,2017,8,27,20,243,-9999,-9999,-9999,42,-9999,0,-9999
5732,2017,8,27,21,236,-9999,-9999,-9999,44,-9999,0,-9999
5733,2017,8,27,22,231,-9999,-9999,-9999,41,-9999,0,-9999
5734,2017,8,27,23,226,-9999,-9999,-9999,40,-9999,0,-9999
5735,2017,8,28,0,222,-9999,-9999,-9999,35,-9999,0,-9999
5736,2017,8,28,1,222,-9999,-9999,-9999,43,-9999,0,-9999
5737,2017,8,28,2,224,-9999,-9999,-9999,45,-9999,0,-9999
5738,2017,8,28,3,224,-9999,-9999,-9999,49,-9999,0,-9999
5739,2017,8,28,4,220,-9999,-9999,-9999,46,-9999,0,-9999
5740,2017,8,28,5,218,-9999,-9999,-9999,47,-9999,0,-9999
5741,2017,8,28,6,217,-9999,-9999,-9999,44,-9999,0,-9999
5742,2017,8,28,7,215,-9999,-9999,-9999,41,-9999,0,-9999
5743,2017,8,28,8,210,-9999,-9999,-9999,34,-9999,0,-9999
5744,2017,8,28,9,208,-9999,-9999,-9999,31,-9999,0,-9999
5745,2017,8,28,10,208,-9999,-9999,-9999,30,-9999,0,-9999
5746,2017,8,28,11,209,-9999,-9999,-9999,30,-9999,0,-9999
5747,2017,8,28,12,220,-9999,-9999,-9999,33,-9999,0,-9999
5748,2017,8,28,13,232,-9999,-9999,-9999,36,-9999,0,-9999
5749,2017,8,28,14,239,-9999,-9999,-9999,43,-9999,0,-9999
5750,2017,8,28,15,237,-9999,-9999,-9999,50,-9999,0,-9999
5751,2017,8,28,16,240,-9999,-9999,-9999,52,-9999,0,-9999
5752,2017,8,28,17,243,-9999,-9999,-9999,53,-9999,0,-9999
5753,2017,8,28,18,243,-9999,-9999,-9999,50,-9999,0,-9999
5754,2017,8,28,19,232,-9999,-9999,-9999,54,-9999,0,-9999
5755,2017,8,28,20,233,-9999,-9999,-9999,56,-9999,0,-9999
5756,2017,8,28,21,227,-9999,-9999,-9999,52,-9999,0,-9999
5757,2017,8,28,22,224,-9999,-9999,-9999,50,-9999,0,-9999
5758,2017,8,28,23,223,-9999,-9999,-9999,48,-9999,0,-9999
5759,2017,8,29,0,221,-9999,-9999,-9999,49,-9999,0,-9999
5760,2017,8,29,1,221,-9999,-9999,-9999,47,-9999,0,-9999
5761,2017,8,29,2,222,-9999,-9999,-9999,53,-9999,0,-9999
5762,2017,8,29,3,222,-9999,-9999,-9999,51,-9999,0,-9999
5763,2017,8,29,4,213,-9999,-9999,-9999,50,-9999,0,-9999
5764,2017,8,29,5,211,-9999,-9999,-9999,51,-9999,23,-9999
5765,2017,8,29,6,212,-9999,-9999,-9999,54,-9999,15,-9999
5766,2017,8,29,7,213,-9999,-9999,-9999,51,-9999,25,-9999
5767,2017,8,29,8,214,-9999,-9999,-9999,57,-9999,31,-9999
5768,2017,8,29,9,216,-9999,-9999,-9999,60,-9999,36,-9999
5769,2017,8,29,10,218,-9999,-9999,-9999,61,-9999,57,-9999
5770,2017,8,29,11,219,-9999,-9999,-9999,58,-9999,68,-9999
5771,2017,8,29,12,215,-9999,-9999,-9999,65,-9999,98,-9999
5772,2017,8,29,13,217,-9999,-9999,-9999,66,-9999,111,-9999
5773,2017,8,29,14,213,-9999,-9999,-9999,54,-9999,144,-9999
5774,2017,8,29,15,215,-9999,-9999,-9999,61,-9999,151,-9999
5775,2017,8,29,16,210,-9999,-9999,-9999,62,-9999,80,-9999
5776,2017,8,29,17,212,-9999,-9999,-9999,60,-9999,94,-9999
5777,2017,8,29,18,213,-9999,-9999,-9999,63,-9999,76,-9999
5778,2017,8,29,19,208,-9999,-9999,-9999,66,-9999,30,-9999
5779,2017,8,29,20,206,-9999,-9999,-9999,53,-9999,86,-9999
5780,2017,8,29,21,206,-9999,-9999,-9999,51,-9999,34,-9999
5781,2017,8,29,22,200,-9999,-9999,-9999,51,-9999,23,-9999
5782,2017,8,29,23,197,-9999,-9999,-9999,61,-9999,6,-9999
5783,2017,8,30,0,195,-9999,-9999,-9999,63,-9999,3,-9999
5784,2017,8,30,1,195,-9999,-9999,-9999,63,-9999,0,-9999
5785,2017,8,30,2,196,-9999,-9999,-9999,50,-9999,4,-9999
5786,2017,8,30,3,194,-9999,-9999,-9999,35,-9999,0,-9999
5787,2017,8,30,4,198,-9999,-9999,-9999,38,-9999,0,-9999
5788,2017,8,30,5,195,-9999,-9999,-9999,40,-9999,0,-9999
5789,2017,8,30,6,198,-9999,-9999,-9999,38,-9999,0,-9999
5790,2017,8,30,7,194,-9999,-9999,-9999,34,-9999,0,-9999
5791,2017,8,30,8,194,-9999,-9999,-9999,33,-9999,0,-9999
5792,2017,8,30,9,193,-9999,-9999,-9999,32,-9999,0,-9999
5793,2017,8,30,10,188,-9999,-9999,-9999,33,-9999,0,-9999
5794,2017,8,30,11,188,-9999,-9999,-9999,26,-9999,0,-9999
5795,2017,8,30,12,192,-9999,-9999,-9999,27,-9999,0,-9999
5796,2017,8,30,13,194,-9999,-9999,-9999,30,-9999,0,-9999
5797,2017,8,30,14,201,-9999,-9999,-9999,25,-9999,0,-9999
5798,2017,8,30,15,213,-9999,-9999,-9999,35,-9999,0,-9999
5799,2017,8,30,16,223,-9999,-9999,-9999,43,-9999,0,-9999
5800,2017,8,30,17,220,-9999,-9999,-9999,41,-9999,0,-9999
5801,2017,8,30,18,224,-9999,-9999,-9999,33,-9999,0,-9999
5802,2017,8,30,19,232,-9999,-9999,-9999,25,-9999,0,-9999
5803,2017,8,30,20,235,-9999,-9999,-9999,23,-9999,0,-9999
5804,2017,8,30,21,233,-9999,-9999,-9999,15,-9999,0,-9999
5805,2017,8,30,22,232,-9999,-9999,-9999,15,-9999,0,-9999
5806,2017,8,30,23,217,-9999,-9999,-9999,9,-9999,0,-9999
5807,2017,8,31,0,188,-9999,-9999,-9999,2,-9999,0,-9999
5808,2017,8,31,1,180,-9999,-9999,-9999,1,-9999,0,-9999
5809,2017,8,31,2,189,-9999,-9999,-9999,1,-9999,0,-9999
5810,2017,8,31,3,194,-9999,-9999,-9999,1,-9999,0,-9999
5811,2017,8,31,4,202,-9999,-9999,-9999,8,-9999,0,-9999
5812,2017,8,31,5,201,-9999,-9999,-9999,14,-9999,0,-9999
5813,2017,8,31,6,200,-9999,-9999,-9999,10,-9999,0,-9999
5814,2017,8,31,7,204,-9999,-9999,-9999,12,-9999,0,-9999
5815,2017,8,31,8,210,-9999,-9999,-9999,15,-9999,0,-9999
5816,2017,8,31,9,214,-9999,-9999,-9999,10,-9999,0,-9999
5817,2017,8,31,10,213,-9999,-9999,-9999,8,-9999,0,-9999
5818,2017,8,31,11,218,-9999,-9999,-9999,9,-9999,0,-9999
5819,2017,8,31,12,230,-9999,-9999,-9999,7,-9999,0,-9999
5820,2017,8,31,13,234,-9999,-9999,-9999,21,-9999,0,-9999
5821,2017,8,31,14,239,-9999,-9999,-9999,21,-9999,0,-9999
5822,2017,8,31,15,250,-9999,-9999,-9999,21,-9999,0,-9999
5823,2017,8,31,16,257,-9999,-9999,-9999,20,-9999,0,-9999
5824,2017,8,31,17,264,-9999,-9999,-9999,21,-9999,0,-9999
5825,2017,8,31,18,271,-9999,-9999,-9999,19,-9999,0,-9999
5826,2017,8,31,19,277,-9999,-9999,-9999,24,-9999,0,-9999
5827,2017,8,31,20,281,-9999,-9999,-9999,20,-9999,0,-9999
5828,2017,8,31,21,280,-9999,-9999,-9999,16,-9999,0,-9999
5829,2017,8,31,22,267,-9999,-9999,-9999,6,-9999,0,-9999
5830,2017,8,31,23,252,-9999,-9999,-9999,6,-9999,0,-9999
5831,2017,9,1,0,235,-9999,-9999,-9999,3,-9999,0,-9999
5832,2017,9,1,1,237,-9999,-9999,-9999,6,-9999,0,-9999
5833,2017,9,1,2,236,-9999,-9999,-9999,3,-9999,0,-9999
5834,2017,9,1,3,230,-9999,-9999,-9999,0,-9999,0,-9999
5835,2017,9,1,4,234,-9999,-9999,-9999,2,-9999,0,-9999
5836,2017,9,1,5,229,-9999,-9999,-9999,1,-9999,0,-9999
5837,2017,9,1,6,227,-9999,-9999,-9999,0,-9999,0,-9999
5838,2017,9,1,7,228,-9999,-9999,-9999,0,-9999,0,-9999
5839,2017,9,1,8,237,-9999,-9999,-9999,5,-9999,0,-9999
5840,2017,9,1,9,216,-9999,-9999,-9999,29,-9999,36,-9999
5841,2017,9,1,10,209,-9999,-9999,-9999,35,-9999,0,-9999
5842,2017,9,1,11,197,-9999,-9999,-9999,27,-9999,0,-9999
5843,2017,9,1,12,186,-9999,-9999,-9999,27,-9999,0,-9999
5844,2017,9,1,13,185,-9999,-9999,-9999,29,-9999,0,-9999
5845,2017,9,1,14,197,-9999,-9999,-9999,27,-9999,0,-9999
5846,2017,9,1,15,200,-9999,-9999,-9999,44,-9999,0,-9999
5847,2017,9,1,16,199,-9999,-9999,-9999,43,-9999,0,-9999
5848,2017,9,1,17,195,-9999,-9999,-9999,33,-9999,0,-9999
5849,2017,9,1,18,192,-9999,-9999,-9999,36,-9999,0,-9999
5850,2017,9,1,19,194,-9999,-9999,-9999,34,-9999,0,-9999
5851,2017,9,1,20,183,-9999,-9999,-9999,32,-9999,0,-9999
5852,2017,9,1,21,158,-9999,-9999,-9999,41,-9999,35,-9999
5853,2017,9,1,22,159,-9999,-9999,-9999,31,-9999,2,-9999
5854,2017,9,1,23,151,-9999,-9999,-9999,32,-9999,3,-9999
5855,2017,9,2,0,145,-9999,-9999,-9999,30,-9999,21,-9999
5856,2017,9,2,1,150,-9999,-9999,-9999,28,-9999,18,-9999
5857,2017,9,2,2,143,-9999,-9999,-9999,23,-9999,54,-9999
5858,2017,9,2,3,164,-9999,-9999,-9999,29,-9999,14,-9999
5859,2017,9,2,4,174,-9999,-9999,-9999,35,-9999,0,-9999
5860,2017,9,2,5,174,-9999,-9999,-9999,38,-9999,0,-9999
5861,2017,9,2,6,179,-9999,-9999,-9999,41,-9999,0,-9999
5862,2017,9,2,7,177,-9999,-9999,-9999,44,-9999,3,-9999
5863,2017,9,2,8,179,-9999,-9999,-9999,44,-9999,0,-9999
5864,2017,9,2,9,187,-9999,-9999,-9999,45,-9999,0,-9999
5865,2017,9,2,10,193,-9999,-9999,-9999,40,-9999,0,-9999
5866,2017,9,2,11,197,-9999,-9999,-9999,43,-9999,0,-9999
5867,2017,9,2,12,204,-9999,-9999,-9999,40,-9999,0,-9999
5868,2017,9,2,13,209,-9999,-9999,-9999,34,-9999,0,-9999
5869,2017,9,2,14,211,-9999,-9999,-9999,26,-9999,0,-9999
5870,2017,9,2,15,220,-9999,-9999,-9999,29,-9999,0,-9999
5871,2017,9,2,16,227,-9999,-9999,-9999,29,-9999,0,-9999
5872,2017,9,2,17,231,-9999,-9999,-9999,25,-9999,0,-9999
5873,2017,9,2,18,233,-9999,-9999,-9999,19,-9999,0,-9999
5874,2017,9,2,19,234,-9999,-9999,-9999,17,-9999,0,-9999
5875,2017,9,2,20,240,-9999,-9999,-9999,14,-9999,0,-9999
5876,2017,9,2,21,245,-9999,-9999,-9999,21,-9999,0,-9999
5877,2017,9,2,22,239,-9999,-9999,-9999,26,-9999,0,-9999
5878,2017,9,2,23,237,-9999,-9999,-9999,22,-9999,0,-9999
5879,2017,9,3,0,235,-9999,-9999,-9999,21,-9999,14,-9999
5880,2017,9,3,1,231,-9999,-9999,-9999,18,-9999,3,-9999
5881,2017,9,3,2,230,-9999,-9999,-9999,14,-9999,0,-9999
5882,2017,9,3,3,227,-9999,-9999,-9999,9,-9999,0,-9999
5883,2017,9,3,4,219,-9999,-9999,-9999,6,-9999,0,-9999
5884,2017,9,3,5,216,-9999,-9999,-9999,1,-9999,0,-9999
5885,2017,9,3,6,216,-9999,-9999,-9999,4,-9999,0,-9999
5886,2017,9,3,7,222,-9999,-9999,-9999,10,-9999,0,-9999
5887,2017,9,3,8,219,-9999,-9999,-9999,17,-9999,0,-9999
5888,2017,9,3,9,220,-9999,-9999,-9999,13,-9999,0,-9999
5889,2017,9,3,10,213,-9999,-9999,-9999,9,-9999,0,-9999
5890,2017,9,3,11,209,-9999,-9999,-9999,9,-9999,0,-9999
5891,2017,9,3,12,216,-9999,-9999,-9999,7,-9999,0,-9999
5892,2017,9,3,13,211,-9999,-9999,-9999,19,-9999,0,-9999
5893,2017,9,3,14,212,-9999,-9999,-9999,25,-9999,0,-9999
5894,2017,9,3,15,215,-9999,-9999,-9999,28,-9999,0,-9999
5895,2017,9,3,16,216,-9999,-9999,-9999,30,-9999,0,-9999
5896,2017,9,3,17,220,-9999,-9999,-9999,30,-9999,0,-9999
5897,2017,9,3,18,222,-9999,-9999,-9999,29,-9999,0,-9999
5898,2017,9,3,19,232,-9999,-9999,-9999,30,-9999,0,-9999
5899,2017,9,3,20,236,-9999,-9999,-9999,26,-9999,0,-9999
5900,2017,9,3,21,237,-9999,-9999,-9999,20,-9999,0,-9999
5901,2017,9,3,22,237,-9999,-9999,-9999,16,-9999,0,-9999
5902,2017,9,3,23,226,-9999,-9999,-9999,10,-9999,0,-9999
5903,2017,9,4,0,209,-9999,-9999,-9999,4,-9999,0,-9999
5904,2017,9,4,1,189,-9999,-9999,-9999,5,-9999,0,-9999
5905,2017,9,4,2,182,-9999,-9999,-9999,2,-9999,0,-9999
5906,2017,9,4,3,192,-9999,-9999,-9999,1,-9999,0,-9999
5907,2017,9,4,4,183,-9999,-9999,-9999,2,-9999,0,-9999
5908,2017,9,4,5,190,-9999,-9999,-9999,2,-9999,0,-9999
5909,2017,9,4,6,196,-9999,-9999,-9999,2,-9999,0,-9999
5910,2017,9,4,7,200,-9999,-9999,-9999,5,-9999,0,-9999
5911,2017,9,4,8,182,-9999,-9999,-9999,6,-9999,0,-9999
5912,2017,9,4,9,178,-9999,-9999,-9999,7,-9999,0,-9999
5913,2017,9,4,10,171,-9999,-9999,-9999,7,-9999,0,-9999
5914,2017,9,4,11,170,-9999,-9999,-9999,4,-9999,0,-9999
5915,2017,9,4,12,197,-9999,-9999,-9999,1,-9999,0,-9999
5916,2017,9,4,13,232,-9999,-9999,-9999,7,-9999,0,-9999
5917,2017,9,4,14,244,-9999,-9999,-9999,7,-9999,0,-9999
5918,2017,9,4,15,248,-9999,-9999,-9999,16,-9999,0,-9999
5919,2017,9,4,16,251,-9999,-9999,-9999,23,-9999,0,-9999
5920,2017,9,4,17,258,-9999,-9999,-9999,29,-9999,0,-9999
5921,2017,9,4,18,263,-9999,-9999,-9999,28,-9999,0,-9999
5922,2017,9,4,19,269,-9999,-9999,-9999,24,-9999,0,-9999
5923,2017,9,4,20,263,-9999,-9999,-9999,23,-9999,0,-9999
5924,2017,9,4,21,258,-9999,-9999,-9999,21,-9999,0,-9999
5925,2017,9,4,22,257,-9999,-9999,-9999,17,-9999,0,-9999
5926,2017,9,4,23,239,-9999,-9999,-9999,7,-9999,0,-9999
5927,2017,9,5,0,223,-9999,-9999,-9999,2,-9999,0,-9999
5928,2017,9,5,1,226,-9999,-9999,-9999,2,-9999,0,-9999
5929,2017,9,5,2,230,-9999,-9999,-9999,12,-9999,0,-9999
5930,2017,9,5,3,232,-9999,-9999,-9999,14,-9999,0,-9999
5931,2017,9,5,4,233,-9999,-9999,-9999,18,-9999,0,-9999
5932,2017,9,5,5,232,-9999,-9999,-9999,25,-9999,0,-9999
5933,2017,9,5,6,231,-9999,-9999,-9999,24,-9999,0,-9999
5934,2017,9,5,7,232,-9999,-9999,-9999,27,-9999,0,-9999
5935,2017,9,5,8,227,-9999,-9999,-9999,26,-9999,0,-9999
5936,2017,9,5,9,225,-9999,-9999,-9999,22,-9999,0,-9999
5937,2017,9,5,10,223,-9999,-9999,-9999,24,-9999,0,-9999
5938,2017,9,5,11,223,-9999,-9999,-9999,24,-9999,0,-9999
5939,2017,9,5,12,230,-9999,-9999,-9999,26,-9999,0,-9999
5940,2017,9,5,13,244,-9999,-9999,-9999,27,-9999,0,-9999
5941,2017,9,5,14,250,-9999,-9999,-9999,28,-9999,0,-9999
5942,2017,9,5,15,260,-9999,-9999,-9999,31,-9999,0,-9999
5943,2017,9,5,16,271,-9999,-9999,-9999,33,-9999,0,-9999
5944,2017,9,5,17,284,-9999,-9999,-9999,32,-9999,0,-9999
5945,2017,9,5,18,291,-9999,-9999,-9999,33,-9999,0,-9999
5946,2017,9,5,19,291,-9999,-9999,-9999,33,-9999,0,-9999
5947,2017,9,5,20,292,-9999,-9999,-9999,32,-9999,0,-9999
5948,2017,9,5,21,291,-9999,-9999,-9999,32,-9999,0,-9999
5949,2017,9,5,22,283,-9999,-9999,-9999,26,-9999,0,-9999
5950,2017,9,5,23,275,-9999,-9999,-9999,18,-9999,0,-9999
5951,2017,9,6,0,259,-9999,-9999,-9999,24,-9999,0,-9999
5952,2017,9,6,1,254,-9999,-9999,-9999,24,-9999,0,-9999
5953,2017,9,6,2,255,-9999,-9999,-9999,31,-9999,0,-9999
5954,2017,9,6,3,250,-9999,-9999,-9999,31,-9999,0,-9999
5955,2017,9,6,4,248,-9999,-9999,-9999,31,-9999,0,-9999
5956,2017,9,6,5,246,-9999,-9999,-9999,20,-9999,0,-9999
5957,2017,9,6,6,247,-9999,-9999,-9999,18,-9999,0,-9999
5958,2017,9,6,7,247,-9999,-9999,-9999,25,-9999,0,-9999
5959,2017,9,6,8,232,-9999,-9999,-9999,27,-9999,0,-9999
5960,2017,9,6,9,231,-9999,-9999,-9999,13,-9999,0,-9999
5961,2017,9,6,10,229,-9999,-9999,-9999,19,-9999,0,-9999
5962,2017,9,6,11,219,-9999,-9999,-9999,6,-9999,0,-9999
5963,2017,9,6,12,226,-9999,-9999,-9999,9,-9999,0,-9999
5964,2017,9,6,13,234,-9999,-9999,-9999,23,-9999,0,-9999
5965,2017,9,6,14,241,-9999,-9999,-9999,26,-9999,0,-9999
5966,2017,9,6,15,256,-9999,-9999,-9999,21,-9999,0,-9999
5967,2017,9,6,16,252,-9999,-9999,-9999,31,-9999,0,-9999
5968,2017,9,6,17,261,-9999,-9999,-9999,35,-9999,0,-9999
5969,2017,9,6,18,262,-9999,-9999,-9999,33,-9999,0,-9999
5970,2017,9,6,19,263,-9999,-9999,-9999,30,-9999,0,-9999
5971,2017,9,6,20,261,-9999,-9999,-9999,26,-9999,0,-9999
5972,2017,9,6,21,236,-9999,-9999,-9999,24,-9999,6,-9999
5973,2017,9,6,22,212,-9999,-9999,-9999,26,-9999,81,-9999
5974,2017,9,6,23,186,-9999,-9999,-9999,48,-9999,71,-9999
5975,2017,9,7,0,178,-9999,-9999,-9999,53,-9999,52,-9999
5976,2017,9,7,1,177,-9999,-9999,-9999,30,-9999,0,-9999
5977,2017,9,7,2,177,-9999,-9999,-9999,16,-9999,0,-9999
5978,2017,9,7,3,190,-9999,-9999,-9999,19,-9999,0,-9999
5979,2017,9,7,4,195,-9999,-9999,-9999,15,-9999,0,-9999
5980,2017,9,7,5,179,-9999,-9999,-9999,4,-9999,0,-9999
5981,2017,9,7,6,183,-9999,-9999,-9999,8,-9999,0,-9999
5982,2017,9,7,7,181,-9999,-9999,-9999,5,-9999,0,-9999
5983,2017,9,7,8,182,-9999,-9999,-9999,8,-9999,5,-9999
5984,2017,9,7,9,181,-9999,-9999,-9999,15,-9999,0,-9999
5985,2017,9,7,10,180,-9999,-9999,-9999,16,-9999,0,-9999
5986,2017,9,7,11,173,-9999,-9999,-9999,27,-9999,0,-9999
5987,2017,9,7,12,177,-9999,-9999,-9999,21,-9999,0,-9999
5988,2017,9,7,13,186,-9999,-9999,-9999,21,-9999,0,-9999
5989,2017,9,7,14,186,-9999,-9999,-9999,27,-9999,0,-9999
5990,2017,9,7,15,192,-9999,-9999,-9999,33,-9999,0,-9999
5991,2017,9,7,16,203,-9999,-9999,-9999,27,-9999,0,-9999
5992,2017,9,7,17,209,-9999,-9999,-9999,26,-9999,0,-9999
5993,2017,9,7,18,215,-9999,-9999,-9999,22,-9999,0,-9999
5994,2017,9,7,19,219,-9999,-9999,-9999,19,-9999,0,-9999
5995,2017,9,7,20,225,-9999,-9999,-9999,21,-9999,0,-9999
5996,2017,9,7,21,226,-9999,-9999,-9999,19,-9999,0,-9999
5997,2017,9,7,22,223,-9999,-9999,-9999,17,-9999,0,-9999
5998,2017,9,7,23,207,-9999,-9999,-9999,12,-9999,0,-9999
5999,2017,9,8,0,175,-9999,-9999,-9999,7,-9999,0,-9999
6000,2017,9,8,1,157,-9999,-9999,-9999,4,-9999,0,-9999
6001,2017,9,8,2,150,-9999,-9999,-9999,3,-9999,0,-9999
6002,2017,9,8,3,147,-9999,-9999,-9999,2,-9999,0,-9999
6003,2017,9,8,4,140,-9999,-9999,-9999,2,-9999,0,-9999
6004,2017,9,8,5,139,-9999,-9999,-9999,1,-9999,0,-9999
6005,2017,9,8,6,142,-9999,-9999,-9999,0,-9999,0,-9999
6006,2017,9,8,7,146,-9999,-9999,-9999,5,-9999,0,-9999
6007,2017,9,8,8,146,-9999,-9999,-9999,6,-9999,0,-9999
6008,2017,9,8,9,143,-9999,-9999,-9999,4,-9999,0,-9999
6009,2017,9,8,10,142,-9999,-9999,-9999,6,-9999,0,-9999
6010,2017,9,8,11,149,-9999,-9999,-9999,7,-9999,0,-9999
6011,2017,9,8,12,175,-9999,-9999,-9999,10,-9999,0,-9999
6012,2017,9,8,13,196,-9999,-9999,-9999,18,-9999,0,-9999
6013,2017,9,8,14,215,-9999,-9999,-9999,20,-9999,0,-9999
6014,2017,9,8,15,218,-9999,-9999,-9999,23,-9999,0,-9999
6015,2017,9,8,16,220,-9999,-9999,-9999,23,-9999,0,-9999
6016,2017,9,8,17,219,-9999,-9999,-9999,13,-9999,0,-9999
6017,2017,9,8,18,223,-9999,-9999,-9999,12,-9999,0,-9999
6018,2017,9,8,19,228,-9999,-9999,-9999,19,-9999,0,-9999
6019,2017,9,8,20,229,-9999,-9999,-9999,22,-9999,0,-9999
6020,2017,9,8,21,226,-9999,-9999,-9999,20,-9999,0,-9999
6021,2017,9,8,22,221,-9999,-9999,-9999,17,-9999,0,-9999
6022,2017,9,8,23,184,-9999,-9999,-9999,8,-9999,0,-9999
6023,2017,9,9,0,161,-9999,-9999,-9999,2,-9999,0,-9999
6024,2017,9,9,1,146,-9999,-9999,-9999,2,-9999,0,-9999
6025,2017,9,9,2,144,-9999,-9999,-9999,4,-9999,0,-9999
6026,2017,9,9,3,140,-9999,-9999,-9999,2,-9999,0,-9999
6027,2017,9,9,4,134,-9999,-9999,-9999,4,-9999,0,-9999
6028,2017,9,9,5,130,-9999,-9999,-9999,3,-9999,0,-9999
6029,2017,9,9,6,136,-9999,-9999,-9999,6,-9999,0,-9999
6030,2017,9,9,7,129,-9999,-9999,-9999,4,-9999,0,-9999
6031,2017,9,9,8,127,-9999,-9999,-9999,1,-9999,0,-9999
6032,2017,9,9,9,134,-9999,-9999,-9999,6,-9999,0,-9999
6033,2017,9,9,10,161,-9999,-9999,-9999,8,-9999,0,-9999
6034,2017,9,9,11,161,-9999,-9999,-9999,16,-9999,0,-9999
6035,2017,9,9,12,167,-9999,-9999,-9999,19,-9999,0,-9999
6036,2017,9,9,13,186,-9999,-9999,-9999,24,-9999,0,-9999
6037,2017,9,9,14,204,-9999,-9999,-9999,27,-9999,0,-9999
6038,2017,9,9,15,213,-9999,-9999,-9999,36,-9999,0,-9999
6039,2017,9,9,16,219,-9999,-9999,-9999,36,-9999,0,-9999
6040,2017,9,9,17,222,-9999,-9999,-9999,41,-9999,0,-9999
6041,2017,9,9,18,228,-9999,-9999,-9999,41,-9999,0,-9999
6042,2017,9,9,19,216,-9999,-9999,-9999,52,-9999,0,-9999
6043,2017,9,9,20,212,-9999,-9999,-9999,50,-9999,0,-9999
6044,2017,9,9,21,210,-9999,-9999,-9999,50,-9999,0,-9999
6045,2017,9,9,22,204,-9999,-9999,-9999,41,-9999,0,-9999
6046,2017,9,9,23,190,-9999,-9999,-9999,32,-9999,0,-9999
6047,2017,9,10,0,168,-9999,-9999,-9999,15,-9999,0,-9999
6048,2017,9,10,1,165,-9999,-9999,-9999,15,-9999,0,-9999
6049,2017,9,10,2,172,-9999,-9999,-9999,17,-9999,0,-9999
6050,2017,9,10,3,169,-9999,-9999,-9999,29,-9999,0,-9999
6051,2017,9,10,4,165,-9999,-9999,-9999,35,-9999,0,-9999
6052,2017,9,10,5,160,-9999,-9999,-9999,28,-9999,0,-9999
6053,2017,9,10,6,156,-9999,-9999,-9999,30,-9999,0,-9999
6054,2017,9,10,7,148,-9999,-9999,-9999,28,-9999,0,-9999
6055,2017,9,10,8,146,-9999,-9999,-9999,26,-9999,0,-9999
6056,2017,9,10,9,140,-9999,-9999,-9999,23,-9999,0,-9999
6057,2017,9,10,10,131,-9999,-9999,-9999,22,-9999,0,-9999
6058,2017,9,10,11,132,-9999,-9999,-9999,20,-9999,0,-9999
6059,2017,9,10,12,152,-9999,-9999,-9999,21,-9999,0,-9999
6060,2017,9,10,13,171,-9999,-9999,-9999,26,-9999,0,-9999
6061,2017,9,10,14,190,-9999,-9999,-9999,31,-9999,0,-9999
6062,2017,9,10,15,197,-9999,-9999,-9999,27,-9999,0,-9999
6063,2017,9,10,16,206,-9999,-9999,-9999,33,-9999,0,-9999
6064,2017,9,10,17,210,-9999,-9999,-9999,34,-9999,0,-9999
6065,2017,9,10,18,212,-9999,-9999,-9999,32,-9999,0,-9999
6066,2017,9,10,19,208,-9999,-9999,-9999,34,-9999,0,-9999
6067,2017,9,10,20,211,-9999,-9999,-9999,30,-9999,0,-9999
6068,2017,9,10,21,207,-9999,-9999,-9999,27,-9999,0,-9999
6069,2017,9,10,22,204,-9999,-9999,-9999,33,-9999,0,-9999
6070,2017,9,10,23,194,-9999,-9999,-9999,31,-9999,0,-9999
6071,2017,9,11,0,191,-9999,-9999,-9999,27,-9999,0,-9999
6072,2017,9,11,1,188,-9999,-9999,-9999,29,-9999,0,-9999
6073,2017,9,11,2,181,-9999,-9999,-9999,21,-9999,0,-9999
6074,2017,9,11,3,183,-9999,-9999,-9999,29,-9999,0,-9999
6075,2017,9,11,4,182,-9999,-9999,-9999,31,-9999,0,-9999
6076,2017,9,11,5,192,-9999,-9999,-9999,28,-9999,0,-9999
6077,2017,9,11,6,191,-9999,-9999,-9999,42,-9999,0,-9999
6078,2017,9,11,7,186,-9999,-9999,-9999,36,-9999,0,-9999
6079,2017,9,11,8,185,-9999,-9999,-9999,25,-9999,0,-9999
6080,2017,9,11,9,183,-9999,-9999,-9999,21,-9999,0,-9999
6081,2017,9,11,10,181,-9999,-9999,-9999,16,-9999,0,-9999
6082,2017,9,11,11,182,-9999,-9999,-9999,16,-9999,0,-9999
6083,2017,9,11,12,177,-9999,-9999,-9999,16,-9999,0,-9999
6084,2017,9,11,13,201,-9999,-9999,-9999,20,-9999,0,-9999
6085,2017,9,11,14,213,-9999,-9999,-9999,37,-9999,0,-9999
6086,2017,9,11,15,218,-9999,-9999,-9999,42,-9999,0,-9999
6087,2017,9,11,16,220,-9999,-9999,-9999,46,-9999,0,-9999
6088,2017,9,11,17,219,-9999,-9999,-9999,45,-9999,0,-9999
6089,2017,9,11,18,219,-9999,-9999,-9999,42,-9999,0,-9999
6090,2017,9,11,19,214,-9999,-9999,-9999,42,-9999,0,-9999
6091,2017,9,11,20,208,-9999,-9999,-9999,50,-9999,0,-9999
6092,2017,9,11,21,204,-9999,-9999,-9999,41,-9999,0,-9999
6093,2017,9,11,22,202,-9999,-9999,-9999,38,-9999,0,-9999
6094,2017,9,11,23,199,-9999,-9999,-9999,37,-9999,0,-9999
6095,2017,9,12,0,196,-9999,-9999,-9999,29,-9999,0,-9999
6096,2017,9,12,1,194,-9999,-9999,-9999,25,-9999,0,-9999
6097,2017,9,12,2,196,-9999,-9999,-9999,27,-9999,0,-9999
6098,2017,9,12,3,197,-9999,-9999,-9999,30,-9999,0,-9999
6099,2017,9,12,4,199,-9999,-9999,-9999,27,-9999,0,-9999
6100,2017,9,12,5,201,-9999,-9999,-9999,32,-9999,0,-9999
6101,2017,9,12,6,200,-9999,-9999,-9999,32,-9999,0,-9999
6102,2017,9,12,7,199,-9999,-9999,-9999,29,-9999,0,-9999
6103,2017,9,12,8,197,-9999,-9999,-9999,27,-9999,0,-9999
6104,2017,9,12,9,196,-9999,-9999,-9999,21,-9999,0,-9999
6105,2017,9,12,10,193,-9999,-9999,-9999,15,-9999,0,-9999
6106,2017,9,12,11,193,-9999,-9999,-9999,12,-9999,0,-9999
6107,2017,9,12,12,207,-9999,-9999,-9999,15,-9999,0,-9999
6108,2017,9,12,13,214,-9999,-9999,-9999,25,-9999,0,-9999
6109,2017,9,12,14,220,-9999,-9999,-9999,28,-9999,0,-9999
6110,2017,9,12,15,224,-9999,-9999,-9999,25,-9999,0,-9999
6111,2017,9,12,16,233,-9999,-9999,-9999,27,-9999,0,-9999
6112,2017,9,12,17,238,-9999,-9999,-9999,33,-9999,0,-9999
6113,2017,9,12,18,228,-9999,-9999,-9999,33,-9999,0,-9999
6114,2017,9,12,19,229,-9999,-9999,-9999,38,-9999,0,-9999
6115,2017,9,12,20,237,-9999,-9999,-9999,35,-9999,0,-9999
6116,2017,9,12,21,224,-9999,-9999,-9999,34,-9999,0,-9999
6117,2017,9,12,22,226,-9999,-9999,-9999,31,-9999,0,-9999
6118,2017,9,12,23,218,-9999,-9999,-9999,26,-9999,0,-9999
6119,2017,9,13,0,216,-9999,-9999,-9999,19,-9999,0,-9999
6120,2017,9,13,1,216,-9999,-9999,-9999,22,-9999,0,-9999
6121,2017,9,13,2,214,-9999,-9999,-9999,20,-9999,0,-9999
6122,2017,9,13,3,218,-9999,-9999,-9999,17,-9999,0,-9999
6123,2017,9,13,4,220,-9999,-9999,-9999,21,-9999,0,-9999
6124,2017,9,13,5,219,-9999,-9999,-9999,20,-9999,0,-9999
6125,2017,9,13,6,225,-9999,-9999,-9999,23,-9999,0,-9999
6126,2017,9,13,7,225,-9999,-9999,-9999,26,-9999,0,-9999
6127,2017,9,13,8,227,-9999,-9999,-9999,21,-9999,0,-9999
6128,2017,9,13,9,224,-9999,-9999,-9999,19,-9999,0,-9999
6129,2017,9,13,10,222,-9999,-9999,-9999,6,-9999,0,-9999
6130,2017,9,13,11,228,-9999,-9999,-9999,3,-9999,0,-9999
6131,2017,9,13,12,232,-9999,-9999,-9999,5,-9999,0,-9999
6132,2017,9,13,13,244,-9999,-9999,-9999,18,-9999,0,-9999
6133,2017,9,13,14,244,-9999,-9999,-9999,21,-9999,0,-9999
6134,2017,9,13,15,253,-9999,-9999,-9999,24,-9999,0,-9999
6135,2017,9,13,16,257,-9999,-9999,-9999,19,-9999,0,-9999
6136,2017,9,13,17,257,-9999,-9999,-9999,24,-9999,0,-9999
6137,2017,9,13,18,268,-9999,-9999,-9999,23,-9999,0,-9999
6138,2017,9,13,19,275,-9999,-9999,-9999,24,-9999,0,-9999
6139,2017,9,13,20,253,-9999,-9999,-9999,29,-9999,0,-9999
6140,2017,9,13,21,254,-9999,-9999,-9999,30,-9999,0,-9999
6141,2017,9,13,22,250,-9999,-9999,-9999,22,-9999,0,-9999
6142,2017,9,13,23,239,-9999,-9999,-9999,19,-9999,0,-9999
6143,2017,9,14,0,229,-9999,-9999,-9999,6,-9999,0,-9999
6144,2017,9,14,1,213,-9999,-9999,-9999,0,-9999,0,-9999
6145,2017,9,14,2,211,-9999,-9999,-9999,0,-9999,0,-9999
6146,2017,9,14,3,229,-9999,-9999,-9999,10,-9999,0,-9999
6147,2017,9,14,4,228,-9999,-9999,-9999,16,-9999,0,-9999
6148,2017,9,14,5,227,-9999,-9999,-9999,16,-9999,0,-9999
6149,2017,9,14,6,225,-9999,-9999,-9999,18,-9999,0,-9999
6150,2017,9,14,7,224,-9999,-9999,-9999,21,-9999,0,-9999
6151,2017,9,14,8,219,-9999,-9999,-9999,19,-9999,0,-9999
6152,2017,9,14,9,215,-9999,-9999,-9999,14,-9999,0,-9999
6153,2017,9,14,10,214,-9999,-9999,-9999,14,-9999,0,-9999
6154,2017,9,14,11,215,-9999,-9999,-9999,15,-9999,0,-9999
6155,2017,9,14,12,227,-9999,-9999,-9999,18,-9999,0,-9999
6156,2017,9,14,13,231,-9999,-9999,-9999,24,-9999,0,-9999
6157,2017,9,14,14,235,-9999,-9999,-9999,25,-9999,0,-9999
6158,2017,9,14,15,254,-9999,-9999,-9999,32,-9999,0,-9999
6159,2017,9,14,16,252,-9999,-9999,-9999,28,-9999,0,-9999
6160,2017,9,14,17,255,-9999,-9999,-9999,25,-9999,0,-9999
6161,2017,9,14,18,248,-9999,-9999,-9999,22,-9999,0,-9999
6162,2017,9,14,19,250,-9999,-9999,-9999,20,-9999,0,-9999
6163,2017,9,14,20,254,-9999,-9999,-9999,23,-9999,0,-9999
6164,2017,9,14,21,250,-9999,-9999,-9999,23,-9999,0,-9999
6165,2017,9,14,22,251,-9999,-9999,-9999,22,-9999,0,-9999
6166,2017,9,14,23,242,-9999,-9999,-9999,14,-9999,0,-9999
6167,2017,9,15,0,220,-9999,-9999,-9999,5,-9999,0,-9999
6168,2017,9,15,1,209,-9999,-9999,-9999,0,-9999,0,-9999
6169,2017,9,15,2,207,-9999,-9999,-9999,3,-9999,0,-9999
6170,2017,9,15,3,207,-9999,-9999,-9999,1,-9999,0,-9999
6171,2017,9,15,4,209,-9999,-9999,-9999,2,-9999,0,-9999
6172,2017,9,15,5,212,-9999,-9999,-9999,3,-9999,0,-9999
6173,2017,9,15,6,218,-9999,-9999,-9999,6,-9999,0,-9999
6174,2017,9,15,7,214,-9999,-9999,-9999,0,-9999,0,-9999
6175,2017,9,15,8,210,-9999,-9999,-9999,0,-9999,0,-9999
6176,2017,9,15,9,203,-9999,-9999,-9999,2,-9999,0,-9999
6177,2017,9,15,10,204,-9999,-9999,-9999,3,-9999,0,-9999
6178,2017,9,15,11,205,-9999,-9999,-9999,0,-9999,0,-9999
6179,2017,9,15,12,224,-9999,-9999,-9999,1,-9999,0,-9999
6180,2017,9,15,13,240,-9999,-9999,-9999,7,-9999,0,-9999
6181,2017,9,15,14,255,-9999,-9999,-9999,12,-9999,0,-9999
6182,2017,9,15,15,263,-9999,-9999,-9999,17,-9999,0,-9999
6183,2017,9,15,16,262,-9999,-9999,-9999,15,-9999,0,-9999
6184,2017,9,15,17,261,-9999,-9999,-9999,19,-9999,0,-9999
6185,2017,9,15,18,266,-9999,-9999,-9999,15,-9999,0,-9999
6186,2017,9,15,19,267,-9999,-9999,-9999,10,-9999,0,-9999
6187,2017,9,15,20,269,-9999,-9999,-9999,17,-9999,0,-9999
6188,2017,9,15,21,267,-9999,-9999,-9999,15,-9999,0,-9999
6189,2017,9,15,22,255,-9999,-9999,-9999,17,-9999,0,-9999
6190,2017,9,15,23,244,-9999,-9999,-9999,10,-9999,0,-9999
6191,2017,9,16,0,220,-9999,-9999,-9999,2,-9999,0,-9999
6192,2017,9,16,1,210,-9999,-9999,-9999,1,-9999,0,-9999
6193,2017,9,16,2,209,-9999,-9999,-9999,4,-9999,0,-9999
6194,2017,9,16,3,204,-9999,-9999,-9999,5,-9999,0,-9999
6195,2017,9,16,4,210,-9999,-9999,-9999,4,-9999,0,-9999
6196,2017,9,16,5,208,-9999,-9999,-9999,3,-9999,0,-9999
6197,2017,9,16,6,208,-9999,-9999,-9999,0,-9999,0,-9999
6198,2017,9,16,7,202,-9999,-9999,-9999,1,-9999,0,-9999
6199,2017,9,16,8,209,-9999,-9999,-9999,2,-9999,0,-9999
6200,2017,9,16,9,213,-9999,-9999,-9999,1,-9999,0,-9999
6201,2017,9,16,10,211,-9999,-9999,-9999,2,-9999,0,-9999
6202,2017,9,16,11,204,-9999,-9999,-9999,3,-9999,0,-9999
6203,2017,9,16,12,225,-9999,-9999,-9999,9,-9999,0,-9999
6204,2017,9,16,13,242,-9999,-9999,-9999,15,-9999,0,-9999
6205,2017,9,16,14,252,-9999,-9999,-9999,24,-9999,0,-9999
6206,2017,9,16,15,258,-9999,-9999,-9999,28,-9999,0,-9999
6207,2017,9,16,16,255,-9999,-9999,-9999,26,-9999,0,-9999
6208,2017,9,16,17,252,-9999,-9999,-9999,29,-9999,0,-9999
6209,2017,9,16,18,251,-9999,-9999,-9999,27,-9999,0,-9999
6210,2017,9,16,19,250,-9999,-9999,-9999,24,-9999,0,-9999
6211,2017,9,16,20,247,-9999,-9999,-9999,24,-9999,0,-9999
6212,2017,9,16,21,244,-9999,-9999,-9999,25,-9999,0,-9999
6213,2017,9,16,22,236,-9999,-9999,-9999,24,-9999,0,-9999
6214,2017,9,16,23,229,-9999,-9999,-9999,23,-9999,0,-9999
6215,2017,9,17,0,224,-9999,-9999,-9999,20,-9999,0,-9999
6216,2017,9,17,1,221,-9999,-9999,-9999,15,-9999,0,-9999
6217,2017,9,17,2,217,-9999,-9999,-9999,12,-9999,0,-9999
6218,2017,9,17,3,218,-9999,-9999,-9999,12,-9999,0,-9999
6219,2017,9,17,4,218,-9999,-9999,-9999,10,-9999,0,-9999
6220,2017,9,17,5,208,-9999,-9999,-9999,9,-9999,0,-9999
6221,2017,9,17,6,221,-9999,-9999,-9999,15,-9999,0,-9999
6222,2017,9,17,7,223,-9999,-9999,-9999,18,-9999,0,-9999
6223,2017,9,17,8,225,-9999,-9999,-9999,21,-9999,0,-9999
6224,2017,9,17,9,226,-9999,-9999,-9999,21,-9999,0,-9999
6225,2017,9,17,10,229,-9999,-9999,-9999,26,-9999,0,-9999
6226,2017,9,17,11,226,-9999,-9999,-9999,25,-9999,0,-9999
6227,2017,9,17,12,229,-9999,-9999,-9999,22,-9999,0,-9999
6228,2017,9,17,13,228,-9999,-9999,-9999,22,-9999,0,-9999
6229,2017,9,17,14,242,-9999,-9999,-9999,25,-9999,0,-9999
6230,2017,9,17,15,242,-9999,-9999,-9999,29,-9999,0,-9999
6231,2017,9,17,16,252,-9999,-9999,-9999,34,-9999,0,-9999
6232,2017,9,17,17,247,-9999,-9999,-9999,34,-9999,0,-9999
6233,2017,9,17,18,249,-9999,-9999,-9999,35,-9999,0,-9999
6234,2017,9,17,19,246,-9999,-9999,-9999,35,-9999,0,-9999
6235,2017,9,17,20,240,-9999,-9999,-9999,37,-9999,0,-9999
6236,2017,9,17,21,236,-9999,-9999,-9999,38,-9999,0,-9999
6237,2017,9,17,22,234,-9999,-9999,-9999,38,-9999,0,-9999
6238,2017,9,17,23,231,-9999,-9999,-9999,40,-9999,0,-9999
6239,2017,9,18,0,229,-9999,-9999,-9999,40,-9999,0,-9999
6240,2017,9,18,1,228,-9999,-9999,-9999,37,-9999,0,-9999
6241,2017,9,18,2,228,-9999,-9999,-9999,32,-9999,0,-9999
6242,2017,9,18,3,229,-9999,-9999,-9999,32,-9999,0,-9999
6243,2017,9,18,4,229,-9999,-9999,-9999,30,-9999,0,-9999
6244,2017,9,18,5,230,-9999,-9999,-9999,30,-9999,0,-9999
6245,2017,9,18,6,228,-9999,-9999,-9999,27,-9999,0,-9999
6246,2017,9,18,7,221,-9999,-9999,-9999,24,-9999,0,-9999
6247,2017,9,18,8,219,-9999,-9999,-9999,23,-9999,0,-9999
6248,2017,9,18,9,218,-9999,-9999,-9999,24,-9999,0,-9999
6249,2017,9,18,10,215,-9999,-9999,-9999,22,-9999,0,-9999
6250,2017,9,18,11,217,-9999,-9999,-9999,22,-9999,0,-9999
6251,2017,9,18,12,221,-9999,-9999,-9999,28,-9999,0,-9999
6252,2017,9,18,13,226,-9999,-9999,-9999,31,-9999,0,-9999
6253,2017,9,18,14,240,-9999,-9999,-9999,30,-9999,0,-9999
6254,2017,9,18,15,252,-9999,-9999,-9999,40,-9999,0,-9999
6255,2017,9,18,16,245,-9999,-9999,-9999,42,-9999,0,-9999
6256,2017,9,18,17,249,-9999,-9999,-9999,42,-9999,0,-9999
6257,2017,9,18,18,243,-9999,-9999,-9999,40,-9999,0,-9999
6258,2017,9,18,19,246,-9999,-9999,-9999,43,-9999,0,-9999
6259,2017,9,18,20,246,-9999,-9999,-9999,38,-9999,0,-9999
6260,2017,9,18,21,242,-9999,-9999,-9999,36,-9999,0,-9999
6261,2017,9,18,22,237,-9999,-9999,-9999,39,-9999,0,-9999
6262,2017,9,18,23,231,-9999,-9999,-9999,38,-9999,0,-9999
6263,2017,9,19,0,224,-9999,-9999,-9999,36,-9999,0,-9999
6264,2017,9,19,1,220,-9999,-9999,-9999,35,-9999,0,-9999
6265,2017,9,19,2,219,-9999,-9999,-9999,35,-9999,0,-9999
6266,2017,9,19,3,217,-9999,-9999,-9999,38,-9999,0,-9999
6267,2017,9,19,4,218,-9999,-9999,-9999,40,-9999,0,-9999
6268,2017,9,19,5,217,-9999,-9999,-9999,34,-9999,0,-9999
6269,2017,9,19,6,220,-9999,-9999,-9999,40,-9999,0,-9999
6270,2017,9,19,7,218,-9999,-9999,-9999,41,-9999,0,-9999
6271,2017,9,19,8,220,-9999,-9999,-9999,47,-9999,0,-9999
6272,2017,9,19,9,222,-9999,-9999,-9999,51,-9999,0,-9999
6273,2017,9,19,10,223,-9999,-9999,-9999,49,-9999,0,-9999
6274,2017,9,19,11,220,-9999,-9999,-9999,48,-9999,0,-9999
6275,2017,9,19,12,218,-9999,-9999,-9999,48,-9999,0,-9999
6276,2017,9,19,13,222,-9999,-9999,-9999,52,-9999,0,-9999
6277,2017,9,19,14,216,-9999,-9999,-9999,51,-9999,7,-9999
6278,2017,9,19,15,233,-9999,-9999,-9999,56,-9999,3,-9999
6279,2017,9,19,16,234,-9999,-9999,-9999,61,-9999,0,-9999
6280,2017,9,19,17,226,-9999,-9999,-9999,66,-9999,0,-9999
6281,2017,9,19,18,220,-9999,-9999,-9999,65,-9999,21,-9999
6282,2017,9,19,19,218,-9999,-9999,-9999,63,-9999,9,-9999
6283,2017,9,19,20,225,-9999,-9999,-9999,65,-9999,0,-9999
6284,2017,9,19,21,229,-9999,-9999,-9999,60,-9999,0,-9999
6285,2017,9,19,22,218,-9999,-9999,-9999,70,-9999,0,-9999
6286,2017,9,19,23,216,-9999,-9999,-9999,56,-9999,0,-9999
6287,2017,9,20,0,217,-9999,-9999,-9999,49,-9999,0,-9999
6288,2017,9,20,1,222,-9999,-9999,-9999,44,-9999,0,-9999
6289,2017,9,20,2,224,-9999,-9999,-9999,34,-9999,0,-9999
6290,2017,9,20,3,228,-9999,-9999,-9999,35,-9999,0,-9999
6291,2017,9,20,4,221,-9999,-9999,-9999,39,-9999,0,-9999
6292,2017,9,20,5,227,-9999,-9999,-9999,37,-9999,0,-9999
6293,2017,9,20,6,229,-9999,-9999,-9999,37,-9999,0,-9999
6294,2017,9,20,7,225,-9999,-9999,-9999,37,-9999,0,-9999
6295,2017,9,20,8,227,-9999,-9999,-9999,33,-9999,0,-9999
6296,2017,9,20,9,224,-9999,-9999,-9999,43,-9999,0,-9999
6297,2017,9,20,10,224,-9999,-9999,-9999,42,-9999,0,-9999
6298,2017,9,20,11,219,-9999,-9999,-9999,39,-9999,0,-9999
6299,2017,9,20,12,223,-9999,-9999,-9999,38,-9999,0,-9999
6300,2017,9,20,13,235,-9999,-9999,-9999,39,-9999,0,-9999
6301,2017,9,20,14,245,-9999,-9999,-9999,41,-9999,0,-9999
6302,2017,9,20,15,252,-9999,-9999,-9999,41,-9999,0,-9999
6303,2017,9,20,16,248,-9999,-9999,-9999,42,-9999,0,-9999
6304,2017,9,20,17,254,-9999,-9999,-9999,40,-9999,0,-9999
6305,2017,9,20,18,273,-9999,-9999,-9999,46,-9999,0,-9999
6306,2017,9,20,19,277,-9999,-9999,-9999,48,-9999,0,-9999
6307,2017,9,20,20,275,-9999,-9999,-9999,43,-9999,0,-9999
6308,2017,9,20,21,273,-9999,-9999,-9999,36,-9999,0,-9999
6309,2017,9,20,22,267,-9999,-9999,-9999,29,-9999,0,-9999
6310,2017,9,20,23,238,-9999,-9999,-9999,14,-9999,0,-9999
6311,2017,9,21,0,220,-9999,-9999,-9999,0,-9999,0,-9999
6312,2017,9,21,1,213,-9999,-9999,-9999,0,-9999,0,-9999
6313,2017,9,21,2,205,-9999,-9999,-9999,0,-9999,0,-9999
6314,2017,9,21,3,199,-9999,-9999,-9999,0,-9999,0,-9999
6315,2017,9,21,4,195,-9999,-9999,-9999,0,-9999,0,-9999
6316,2017,9,21,5,209,-9999,-9999,-9999,5,-9999,0,-9999
6317,2017,9,21,6,218,-9999,-9999,-9999,8,-9999,0,-9999
6318,2017,9,21,7,216,-9999,-9999,-9999,8,-9999,0,-9999
6319,2017,9,21,8,209,-9999,-9999,-9999,8,-9999,0,-9999
6320,2017,9,21,9,201,-9999,-9999,-9999,4,-9999,0,-9999
6321,2017,9,21,10,202,-9999,-9999,-9999,10,-9999,0,-9999
6322,2017,9,21,11,205,-9999,-9999,-9999,12,-9999,0,-9999
6323,2017,9,21,12,221,-9999,-9999,-9999,6,-9999,0,-9999
6324,2017,9,21,13,240,-9999,-9999,-9999,19,-9999,0,-9999
6325,2017,9,21,14,259,-9999,-9999,-9999,17,-9999,0,-9999
6326,2017,9,21,15,261,-9999,-9999,-9999,17,-9999,0,-9999
6327,2017,9,21,16,261,-9999,-9999,-9999,20,-9999,0,-9999
6328,2017,9,21,17,268,-9999,-9999,-9999,20,-9999,0,-9999
6329,2017,9,21,18,263,-9999,-9999,-9999,15,-9999,0,-9999
6330,2017,9,21,19,274,-9999,-9999,-9999,18,-9999,0,-9999
6331,2017,9,21,20,277,-9999,-9999,-9999,25,-9999,0,-9999
6332,2017,9,21,21,273,-9999,-9999,-9999,32,-9999,0,-9999
6333,2017,9,21,22,256,-9999,-9999,-9999,23,-9999,0,-9999
6334,2017,9,21,23,238,-9999,-9999,-9999,16,-9999,0,-9999
6335,2017,9,22,0,236,-9999,-9999,-9999,14,-9999,0,-9999
6336,2017,9,22,1,229,-9999,-9999,-9999,17,-9999,0,-9999
6337,2017,9,22,2,229,-9999,-9999,-9999,17,-9999,0,-9999
6338,2017,9,22,3,226,-9999,-9999,-9999,15,-9999,0,-9999
6339,2017,9,22,4,214,-9999,-9999,-9999,10,-9999,0,-9999
6340,2017,9,22,5,204,-9999,-9999,-9999,5,-9999,0,-9999
6341,2017,9,22,6,205,-9999,-9999,-9999,11,-9999,0,-9999
6342,2017,9,22,7,192,-9999,-9999,-9999,6,-9999,0,-9999
6343,2017,9,22,8,208,-9999,-9999,-9999,3,-9999,0,-9999
6344,2017,9,22,9,208,-9999,-9999,-9999,5,-9999,0,-9999
6345,2017,9,22,10,211,-9999,-9999,-9999,9,-9999,0,-9999
6346,2017,9,22,11,216,-9999,-9999,-9999,14,-9999,0,-9999
6347,2017,9,22,12,227,-9999,-9999,-9999,18,-9999,0,-9999
6348,2017,9,22,13,234,-9999,-9999,-9999,21,-9999,0,-9999
6349,2017,9,22,14,247,-9999,-9999,-9999,30,-9999,0,-9999
6350,2017,9,22,15,244,-9999,-9999,-9999,38,-9999,0,-9999
6351,2017,9,22,16,251,-9999,-9999,-9999,36,-9999,0,-9999
6352,2017,9,22,17,248,-9999,-9999,-9999,25,-9999,0,-9999
6353,2017,9,22,18,250,-9999,-9999,-9999,23,-9999,0,-9999
6354,2017,9,22,19,257,-9999,-9999,-9999,29,-9999,0,-9999
6355,2017,9,22,20,250,-9999,-9999,-9999,24,-9999,0,-9999
6356,2017,9,22,21,247,-9999,-9999,-9999,23,-9999,0,-9999
6357,2017,9,22,22,235,-9999,-9999,-9999,10,-9999,0,-9999
6358,2017,9,22,23,212,-9999,-9999,-9999,0,-9999,0,-9999
6359,2017,9,23,0,198,-9999,-9999,-9999,2,-9999,0,-9999
6360,2017,9,23,1,189,-9999,-9999,-9999,2,-9999,0,-9999
6361,2017,9,23,2,178,-9999,-9999,-9999,3,-9999,0,-9999
6362,2017,9,23,3,195,-9999,-9999,-9999,7,-9999,0,-9999
6363,2017,9,23,4,195,-9999,-9999,-9999,5,-9999,0,-9999
6364,2017,9,23,5,207,-9999,-9999,-9999,6,-9999,0,-9999
6365,2017,9,23,6,206,-9999,-9999,-9999,5,-9999,0,-9999
6366,2017,9,23,7,207,-9999,-9999,-9999,7,-9999,0,-9999
6367,2017,9,23,8,207,-9999,-9999,-9999,7,-9999,0,-9999
6368,2017,9,23,9,204,-9999,-9999,-9999,9,-9999,0,-9999
6369,2017,9,23,10,203,-9999,-9999,-9999,14,-9999,0,-9999
6370,2017,9,23,11,202,-9999,-9999,-9999,14,-9999,0,-9999
6371,2017,9,23,12,216,-9999,-9999,-9999,14,-9999,0,-9999
6372,2017,9,23,13,231,-9999,-9999,-9999,19,-9999,0,-9999
6373,2017,9,23,14,240,-9999,-9999,-9999,22,-9999,0,-9999
6374,2017,9,23,15,249,-9999,-9999,-9999,26,-9999,0,-9999
6375,2017,9,23,16,251,-9999,-9999,-9999,27,-9999,0,-9999
6376,2017,9,23,17,249,-9999,-9999,-9999,23,-9999,0,-9999
6377,2017,9,23,18,255,-9999,-9999,-9999,17,-9999,0,-9999
6378,2017,9,23,19,263,-9999,-9999,-9999,19,-9999,0,-9999
6379,2017,9,23,20,262,-9999,-9999,-9999,28,-9999,0,-9999
6380,2017,9,23,21,261,-9999,-9999,-9999,26,-9999,0,-9999
6381,2017,9,23,22,245,-9999,-9999,-9999,19,-9999,0,-9999
6382,2017,9,23,23,231,-9999,-9999,-9999,14,-9999,0,-9999
6383,2017,9,24,0,222,-9999,-9999,-9999,7,-9999,0,-9999
6384,2017,9,24,1,214,-9999,-9999,-9999,4,-9999,0,-9999
6385,2017,9,24,2,205,-9999,-9999,-9999,0,-9999,0,-9999
6386,2017,9,24,3,197,-9999,-9999,-9999,1,-9999,0,-9999
6387,2017,9,24,4,197,-9999,-9999,-9999,3,-9999,0,-9999
6388,2017,9,24,5,193,-9999,-9999,-9999,3,-9999,0,-9999
6389,2017,9,24,6,191,-9999,-9999,-9999,3,-9999,0,-9999
6390,2017,9,24,7,183,-9999,-9999,-9999,1,-9999,0,-9999
6391,2017,9,24,8,180,-9999,-9999,-9999,3,-9999,0,-9999
6392,2017,9,24,9,185,-9999,-9999,-9999,0,-9999,0,-9999
6393,2017,9,24,10,183,-9999,-9999,-9999,4,-9999,0,-9999
6394,2017,9,24,11,183,-9999,-9999,-9999,6,-9999,0,-9999
6395,2017,9,24,12,215,-9999,-9999,-9999,13,-9999,0,-9999
6396,2017,9,24,13,240,-9999,-9999,-9999,24,-9999,0,-9999
6397,2017,9,24,14,262,-9999,-9999,-9999,27,-9999,0,-9999
6398,2017,9,24,15,276,-9999,-9999,-9999,26,-9999,0,-9999
6399,2017,9,24,16,276,-9999,-9999,-9999,30,-9999,0,-9999
6400,2017,9,24,17,269,-9999,-9999,-9999,31,-9999,0,-9999
6401,2017,9,24,18,266,-9999,-9999,-9999,29,-9999,0,-9999
6402,2017,9,24,19,265,-9999,-9999,-9999,31,-9999,0,-9999
6403,2017,9,24,20,264,-9999,-9999,-9999,28,-9999,0,-9999
6404,2017,9,24,21,256,-9999,-9999,-9999,28,-9999,0,-9999
6405,2017,9,24,22,246,-9999,-9999,-9999,23,-9999,0,-9999
6406,2017,9,24,23,231,-9999,-9999,-9999,15,-9999,0,-9999
6407,2017,9,25,0,228,-9999,-9999,-9999,9,-9999,0,-9999
6408,2017,9,25,1,224,-9999,-9999,-9999,15,-9999,0,-9999
6409,2017,9,25,2,207,-9999,-9999,-9999,11,-9999,0,-9999
6410,2017,9,25,3,221,-9999,-9999,-9999,11,-9999,0,-9999
6411,2017,9,25,4,224,-9999,-9999,-9999,13,-9999,0,-9999
6412,2017,9,25,5,225,-9999,-9999,-9999,24,-9999,0,-9999
6413,2017,9,25,6,221,-9999,-9999,-9999,24,-9999,0,-9999
6414,2017,9,25,7,220,-9999,-9999,-9999,25,-9999,0,-9999
6415,2017,9,25,8,216,-9999,-9999,-9999,22,-9999,0,-9999
6416,2017,9,25,9,215,-9999,-9999,-9999,20,-9999,0,-9999
6417,2017,9,25,10,214,-9999,-9999,-9999,19,-9999,0,-9999
6418,2017,9,25,11,215,-9999,-9999,-9999,25,-9999,0,-9999
6419,2017,9,25,12,219,-9999,-9999,-9999,27,-9999,0,-9999
6420,2017,9,25,13,223,-9999,-9999,-9999,33,-9999,0,-9999
6421,2017,9,25,14,226,-9999,-9999,-9999,36,-9999,0,-9999
6422,2017,9,25,15,227,-9999,-9999,-9999,39,-9999,0,-9999
6423,2017,9,25,16,234,-9999,-9999,-9999,41,-9999,0,-9999
6424,2017,9,25,17,231,-9999,-9999,-9999,39,-9999,0,-9999
6425,2017,9,25,18,242,-9999,-9999,-9999,38,-9999,0,-9999
6426,2017,9,25,19,234,-9999,-9999,-9999,39,-9999,0,-9999
6427,2017,9,25,20,228,-9999,-9999,-9999,36,-9999,0,-9999
6428,2017,9,25,21,226,-9999,-9999,-9999,40,-9999,0,-9999
6429,2017,9,25,22,222,-9999,-9999,-9999,40,-9999,0,-9999
6430,2017,9,25,23,217,-9999,-9999,-9999,41,-9999,0,-9999
6431,2017,9,26,0,215,-9999,-9999,-9999,44,-9999,0,-9999
6432,2017,9,26,1,215,-9999,-9999,-9999,42,-9999,0,-9999
6433,2017,9,26,2,213,-9999,-9999,-9999,44,-9999,0,-9999
6434,2017,9,26,3,214,-9999,-9999,-9999,39,-9999,0,-9999
6435,2017,9,26,4,217,-9999,-9999,-9999,38,-9999,0,-9999
6436,2017,9,26,5,219,-9999,-9999,-9999,42,-9999,0,-9999
6437,2017,9,26,6,218,-9999,-9999,-9999,42,-9999,0,-9999
6438,2017,9,26,7,218,-9999,-9999,-9999,40,-9999,0,-9999
6439,2017,9,26,8,217,-9999,-9999,-9999,41,-9999,0,-9999
6440,2017,9,26,9,218,-9999,-9999,-9999,41,-9999,0,-9999
6441,2017,9,26,10,218,-9999,-9999,-9999,45,-9999,0,-9999
6442,2017,9,26,11,220,-9999,-9999,-9999,43,-9999,0,-9999
6443,2017,9,26,12,223,-9999,-9999,-9999,43,-9999,0,-9999
6444,2017,9,26,13,225,-9999,-9999,-9999,41,-9999,0,-9999
6445,2017,9,26,14,229,-9999,-9999,-9999,43,-9999,0,-9999
6446,2017,9,26,15,230,-9999,-9999,-9999,44,-9999,0,-9999
6447,2017,9,26,16,237,-9999,-9999,-9999,43,-9999,0,-9999
6448,2017,9,26,17,247,-9999,-9999,-9999,50,-9999,0,-9999
6449,2017,9,26,18,240,-9999,-9999,-9999,50,-9999,0,-9999
6450,2017,9,26,19,231,-9999,-9999,-9999,52,-9999,0,-9999
6451,2017,9,26,20,234,-9999,-9999,-9999,48,-9999,0,-9999
6452,2017,9,26,21,236,-9999,-9999,-9999,55,-9999,0,-9999
6453,2017,9,26,22,243,-9999,-9999,-9999,52,-9999,0,-9999
6454,2017,9,26,23,238,-9999,-9999,-9999,49,-9999,3,-9999
6455,2017,9,27,0,233,-9999,-9999,-9999,53,-9999,2,-9999
6456,2017,9,27,1,235,-9999,-9999,-9999,50,-9999,0,-9999
6457,2017,9,27,2,237,-9999,-9999,-9999,55,-9999,0,-9999
6458,2017,9,27,3,236,-9999,-9999,-9999,55,-9999,0,-9999
6459,2017,9,27,4,239,-9999,-9999,-9999,55,-9999,0,-9999
6460,2017,9,27,5,240,-9999,-9999,-9999,52,-9999,0,-9999
6461,2017,9,27,6,241,-9999,-9999,-9999,51,-9999,0,-9999
6462,2017,9,27,7,244,-9999,-9999,-9999,53,-9999,0,-9999
6463,2017,9,27,8,243,-9999,-9999,-9999,49,-9999,0,-9999
6464,2017,9,27,9,244,-9999,-9999,-9999,49,-9999,0,-9999
6465,2017,9,27,10,244,-9999,-9999,-9999,49,-9999,0,-9999
6466,2017,9,27,11,243,-9999,-9999,-9999,43,-9999,0,-9999
6467,2017,9,27,12,242,-9999,-9999,-9999,42,-9999,0,-9999
6468,2017,9,27,13,245,-9999,-9999,-9999,45,-9999,0,-9999
6469,2017,9,27,14,256,-9999,-9999,-9999,52,-9999,0,-9999
6470,2017,9,27,15,254,-9999,-9999,-9999,55,-9999,0,-9999
6471,2017,9,27,16,262,-9999,-9999,-9999,50,-9999,0,-9999
6472,2017,9,27,17,271,-9999,-9999,-9999,55,-9999,0,-9999
6473,2017,9,27,18,254,-9999,-9999,-9999,56,-9999,0,-9999
6474,2017,9,27,19,252,-9999,-9999,-9999,43,-9999,32,-9999
6475,2017,9,27,20,262,-9999,-9999,-9999,45,-9999,0,-9999
6476,2017,9,27,21,269,-9999,-9999,-9999,53,-9999,0,-9999
6477,2017,9,27,22,258,-9999,-9999,-9999,49,-9999,0,-9999
6478,2017,9,27,23,257,-9999,-9999,-9999,44,-9999,0,-9999
6479,2017,9,28,0,256,-9999,-9999,-9999,46,-9999,0,-9999
6480,2017,9,28,1,256,-9999,-9999,-9999,43,-9999,0,-9999
6481,2017,9,28,2,255,-9999,-9999,-9999,38,-9999,0,-9999
6482,2017,9,28,3,252,-9999,-9999,-9999,40,-9999,0,-9999
6483,2017,9,28,4,248,-9999,-9999,-9999,37,-9999,0,-9999
6484,2017,9,28,5,246,-9999,-9999,-9999,38,-9999,0,-9999
6485,2017,9,28,6,245,-9999,-9999,-9999,40,-9999,0,-9999
6486,2017,9,28,7,245,-9999,-9999,-9999,40,-9999,0,-9999
6487,2017,9,28,8,243,-9999,-9999,-9999,40,-9999,0,-9999
6488,2017,9,28,9,236,-9999,-9999,-9999,38,-9999,0,-9999
6489,2017,9,28,10,235,-9999,-9999,-9999,35,-9999,0,-9999
6490,2017,9,28,11,233,-9999,-9999,-9999,38,-9999,0,-9999
6491,2017,9,28,12,244,-9999,-9999,-9999,40,-9999,0,-9999
6492,2017,9,28,13,252,-9999,-9999,-9999,52,-9999,0,-9999
6493,2017,9,28,14,255,-9999,-9999,-9999,55,-9999,0,-9999
6494,2017,9,28,15,262,-9999,-9999,-9999,56,-9999,0,-9999
6495,2017,9,28,16,265,-9999,-9999,-9999,60,-9999,0,-9999
6496,2017,9,28,17,266,-9999,-9999,-9999,58,-9999,0,-9999
6497,2017,9,28,18,270,-9999,-9999,-9999,52,-9999,0,-9999
6498,2017,9,28,19,273,-9999,-9999,-9999,46,-9999,0,-9999
6499,2017,9,28,20,269,-9999,-9999,-9999,49,-9999,0,-9999
6500,2017,9,28,21,262,-9999,-9999,-9999,50,-9999,0,-9999
6501,2017,9,28,22,249,-9999,-9999,-9999,44,-9999,0,-9999
6502,2017,9,28,23,236,-9999,-9999,-9999,40,-9999,0,-9999
6503,2017,9,29,0,225,-9999,-9999,-9999,32,-9999,0,-9999
6504,2017,9,29,1,223,-9999,-9999,-9999,29,-9999,0,-9999
6505,2017,9,29,2,217,-9999,-9999,-9999,24,-9999,0,-9999
6506,2017,9,29,3,210,-9999,-9999,-9999,29,-9999,0,-9999
6507,2017,9,29,4,201,-9999,-9999,-9999,30,-9999,0,-9999
6508,2017,9,29,5,189,-9999,-9999,-9999,21,-9999,0,-9999
6509,2017,9,29,6,184,-9999,-9999,-9999,27,-9999,0,-9999
6510,2017,9,29,7,175,-9999,-9999,-9999,21,-9999,0,-9999
6511,2017,9,29,8,170,-9999,-9999,-9999,25,-9999,0,-9999
6512,2017,9,29,9,153,-9999,-9999,-9999,24,-9999,0,-9999
6513,2017,9,29,10,150,-9999,-9999,-9999,20,-9999,0,-9999
6514,2017,9,29,11,142,-9999,-9999,-9999,22,-9999,0,-9999
6515,2017,9,29,12,154,-9999,-9999,-9999,19,-9999,0,-9999
6516,2017,9,29,13,176,-9999,-9999,-9999,26,-9999,0,-9999
6517,2017,9,29,14,189,-9999,-9999,-9999,26,-9999,0,-9999
6518,2017,9,29,15,198,-9999,-9999,-9999,26,-9999,0,-9999
6519,2017,9,29,16,202,-9999,-9999,-9999,32,-9999,0,-9999
6520,2017,9,29,17,205,-9999,-9999,-9999,33,-9999,0,-9999
6521,2017,9,29,18,205,-9999,-9999,-9999,33,-9999,0,-9999
6522,2017,9,29,19,209,-9999,-9999,-9999,27,-9999,0,-9999
6523,2017,9,29,20,209,-9999,-9999,-9999,24,-9999,0,-9999
6524,2017,9,29,21,207,-9999,-9999,-9999,15,-9999,0,-9999
6525,2017,9,29,22,198,-9999,-9999,-9999,14,-9999,0,-9999
6526,2017,9,29,23,170,-9999,-9999,-9999,7,-9999,0,-9999
6527,2017,9,30,0,156,-9999,-9999,-9999,3,-9999,0,-9999
6528,2017,9,30,1,145,-9999,-9999,-9999,3,-9999,0,-9999
6529,2017,9,30,2,142,-9999,-9999,-9999,0,-9999,0,-9999
6530,2017,9,30,3,139,-9999,-9999,-9999,0,-9999,0,-9999
6531,2017,9,30,4,136,-9999,-9999,-9999,0,-9999,0,-9999
6532,2017,9,30,5,135,-9999,-9999,-9999,0,-9999,0,-9999
6533,2017,9,30,6,125,-9999,-9999,-9999,0,-9999,0,-9999
6534,2017,9,30,7,136,-9999,-9999,-9999,0,-9999,0,-9999
6535,2017,9,30,8,138,-9999,-9999,-9999,0,-9999,0,-9999
6536,2017,9,30,9,168,-9999,-9999,-9999,3,-9999,0,-9999
6537,2017,9,30,10,174,-9999,-9999,-9999,8,-9999,0,-9999
6538,2017,9,30,11,167,-9999,-9999,-9999,10,-9999,0,-9999
6539,2017,9,30,12,179,-9999,-9999,-9999,17,-9999,0,-9999
6540,2017,9,30,13,193,-9999,-9999,-9999,38,-9999,0,-9999
6541,2017,9,30,14,196,-9999,-9999,-9999,54,-9999,0,-9999
6542,2017,9,30,15,195,-9999,-9999,-9999,63,-9999,0,-9999
6543,2017,9,30,16,197,-9999,-9999,-9999,64,-9999,0,-9999
6544,2017,9,30,17,199,-9999,-9999,-9999,72,-9999,0,-9999
6545,2017,9,30,18,197,-9999,-9999,-9999,72,-9999,0,-9999
6546,2017,9,30,19,200,-9999,-9999,-9999,70,-9999,0,-9999
6547,2017,9,30,20,191,-9999,-9999,-9999,61,-9999,0,-9999
6548,2017,9,30,21,183,-9999,-9999,-9999,48,-9999,0,-9999
6549,2017,9,30,22,180,-9999,-9999,-9999,45,-9999,0,-9999
6550,2017,9,30,23,165,-9999,-9999,-9999,39,-9999,0,-9999
6551,2017,10,1,0,162,-9999,-9999,-9999,36,-9999,0,-9999
6552,2017,10,1,1,155,-9999,-9999,-9999,30,-9999,0,-9999
6553,2017,10,1,2,148,-9999,-9999,-9999,24,-9999,0,-9999
6554,2017,10,1,3,141,-9999,-9999,-9999,20,-9999,0,-9999
6555,2017,10,1,4,143,-9999,-9999,-9999,30,-9999,0,-9999
6556,2017,10,1,5,137,-9999,-9999,-9999,34,-9999,0,-9999
6557,2017,10,1,6,132,-9999,-9999,-9999,34,-9999,0,-9999
6558,2017,10,1,7,129,-9999,-9999,-9999,32,-9999,0,-9999
6559,2017,10,1,8,125,-9999,-9999,-9999,32,-9999,0,-9999
6560,2017,10,1,9,122,-9999,-9999,-9999,31,-9999,0,-9999
6561,2017,10,1,10,121,-9999,-9999,-9999,28,-9999,0,-9999
6562,2017,10,1,11,118,-9999,-9999,-9999,23,-9999,0,-9999
6563,2017,10,1,12,133,-9999,-9999,-9999,25,-9999,0,-9999
6564,2017,10,1,13,156,-9999,-9999,-9999,31,-9999,0,-9999
6565,2017,10,1,14,178,-9999,-9999,-9999,37,-9999,0,-9999
6566,2017,10,1,15,190,-9999,-9999,-9999,40,-9999,0,-9999
6567,2017,10,1,16,200,-9999,-9999,-9999,41,-9999,0,-9999
6568,2017,10,1,17,202,-9999,-9999,-9999,44,-9999,0,-9999
6569,2017,10,1,18,203,-9999,-9999,-9999,43,-9999,0,-9999
6570,2017,10,1,19,196,-9999,-9999,-9999,42,-9999,0,-9999
6571,2017,10,1,20,189,-9999,-9999,-9999,39,-9999,0,-9999
6572,2017,10,1,21,190,-9999,-9999,-9999,38,-9999,0,-9999
6573,2017,10,1,22,183,-9999,-9999,-9999,34,-9999,0,-9999
6574,2017,10,1,23,176,-9999,-9999,-9999,29,-9999,0,-9999
6575,2017,10,2,0,173,-9999,-9999,-9999,23,-9999,0,-9999
6576,2017,10,2,1,169,-9999,-9999,-9999,16,-9999,0,-9999
6577,2017,10,2,2,159,-9999,-9999,-9999,6,-9999,0,-9999
6578,2017,10,2,3,138,-9999,-9999,-9999,0,-9999,0,-9999
6579,2017,10,2,4,132,-9999,-9999,-9999,0,-9999,0,-9999
6580,2017,10,2,5,120,-9999,-9999,-9999,0,-9999,0,-9999
6581,2017,10,2,6,113,-9999,-9999,-9999,0,-9999,0,-9999
6582,2017,10,2,7,118,-9999,-9999,-9999,0,-9999,0,-9999
6583,2017,10,2,8,120,-9999,-9999,-9999,0,-9999,0,-9999
6584,2017,10,2,9,113,-9999,-9999,-9999,0,-9999,0,-9999
6585,2017,10,2,10,113,-9999,-9999,-9999,0,-9999,0,-9999
6586,2017,10,2,11,114,-9999,-9999,-9999,0,-9999,0,-9999
6587,2017,10,2,12,139,-9999,-9999,-9999,0,-9999,0,-9999
6588,2017,10,2,13,177,-9999,-9999,-9999,6,-9999,0,-9999
6589,2017,10,2,14,191,-9999,-9999,-9999,23,-9999,0,-9999
6590,2017,10,2,15,197,-9999,-9999,-9999,30,-9999,0,-9999
6591,2017,10,2,16,202,-9999,-9999,-9999,28,-9999,0,-9999
6592,2017,10,2,17,204,-9999,-9999,-9999,26,-9999,0,-9999
6593,2017,10,2,18,210,-9999,-9999,-9999,26,-9999,0,-9999
6594,2017,10,2,19,197,-9999,-9999,-9999,17,-9999,0,-9999
6595,2017,10,2,20,196,-9999,-9999,-9999,15,-9999,0,-9999
6596,2017,10,2,21,194,-9999,-9999,-9999,13,-9999,0,-9999
6597,2017,10,2,22,191,-9999,-9999,-9999,10,-9999,0,-9999
6598,2017,10,2,23,157,-9999,-9999,-9999,4,-9999,0,-9999
6599,2017,10,3,0,138,-9999,-9999,-9999,0,-9999,0,-9999
6600,2017,10,3,1,128,-9999,-9999,-9999,0,-9999,0,-9999
6601,2017,10,3,2,129,-9999,-9999,-9999,0,-9999,0,-9999
6602,2017,10,3,3,125,-9999,-9999,-9999,0,-9999,0,-9999
6603,2017,10,3,4,130,-9999,-9999,-9999,0,-9999,0,-9999
6604,2017,10,3,5,118,-9999,-9999,-9999,0,-9999,0,-9999
6605,2017,10,3,6,118,-9999,-9999,-9999,0,-9999,0,-9999
6606,2017,10,3,7,126,-9999,-9999,-9999,3,-9999,0,-9999
6607,2017,10,3,8,117,-9999,-9999,-9999,1,-9999,0,-9999
6608,2017,10,3,9,127,-9999,-9999,-9999,7,-9999,0,-9999
6609,2017,10,3,10,128,-9999,-9999,-9999,10,-9999,0,-9999
6610,2017,10,3,11,128,-9999,-9999,-9999,14,-9999,0,-9999
6611,2017,10,3,12,144,-9999,-9999,-9999,14,-9999,0,-9999
6612,2017,10,3,13,174,-9999,-9999,-9999,15,-9999,0,-9999
6613,2017,10,3,14,195,-9999,-9999,-9999,20,-9999,0,-9999
6614,2017,10,3,15,207,-9999,-9999,-9999,30,-9999,0,-9999
6615,2017,10,3,16,215,-9999,-9999,-9999,33,-9999,0,-9999
6616,2017,10,3,17,215,-9999,-9999,-9999,32,-9999,0,-9999
6617,2017,10,3,18,213,-9999,-9999,-9999,30,-9999,0,-9999
6618,2017,10,3,19,205,-9999,-9999,-9999,32,-9999,0,-9999
6619,2017,10,3,20,205,-9999,-9999,-9999,35,-9999,0,-9999
6620,2017,10,3,21,201,-9999,-9999,-9999,31,-9999,0,-9999
6621,2017,10,3,22,193,-9999,-9999,-9999,26,-9999,0,-9999
6622,2017,10,3,23,187,-9999,-9999,-9999,22,-9999,0,-9999
6623,2017,10,4,0,189,-9999,-9999,-9999,21,-9999,0,-9999
6624,2017,10,4,1,187,-9999,-9999,-9999,21,-9999,0,-9999
6625,2017,10,4,2,181,-9999,-9999,-9999,19,-9999,0,-9999
6626,2017,10,4,3,173,-9999,-9999,-9999,12,-9999,0,-9999
6627,2017,10,4,4,171,-9999,-9999,-9999,9,-9999,0,-9999
6628,2017,10,4,5,167,-9999,-9999,-9999,4,-9999,0,-9999
6629,2017,10,4,6,141,-9999,-9999,-9999,2,-9999,0,-9999
6630,2017,10,4,7,127,-9999,-9999,-9999,2,-9999,0,-9999
6631,2017,10,4,8,131,-9999,-9999,-9999,8,-9999,0,-9999
6632,2017,10,4,9,133,-9999,-9999,-9999,11,-9999,0,-9999
6633,2017,10,4,10,132,-9999,-9999,-9999,7,-9999,0,-9999
6634,2017,10,4,11,126,-9999,-9999,-9999,3,-9999,0,-9999
6635,2017,10,4,12,143,-9999,-9999,-9999,8,-9999,0,-9999
6636,2017,10,4,13,177,-9999,-9999,-9999,12,-9999,0,-9999
6637,2017,10,4,14,194,-9999,-9999,-9999,19,-9999,0,-9999
6638,2017,10,4,15,198,-9999,-9999,-9999,18,-9999,0,-9999
6639,2017,10,4,16,202,-9999,-9999,-9999,21,-9999,0,-9999
6640,2017,10,4,17,207,-9999,-9999,-9999,21,-9999,0,-9999
6641,2017,10,4,18,213,-9999,-9999,-9999,22,-9999,0,-9999
6642,2017,10,4,19,214,-9999,-9999,-9999,23,-9999,0,-9999
6643,2017,10,4,20,216,-9999,-9999,-9999,25,-9999,0,-9999
6644,2017,10,4,21,213,-9999,-9999,-9999,26,-9999,0,-9999
6645,2017,10,4,22,205,-9999,-9999,-9999,25,-9999,0,-9999
6646,2017,10,4,23,195,-9999,-9999,-9999,17,-9999,0,-9999
6647,2017,10,5,0,192,-9999,-9999,-9999,7,-9999,0,-9999
6648,2017,10,5,1,197,-9999,-9999,-9999,10,-9999,0,-9999
6649,2017,10,5,2,195,-9999,-9999,-9999,9,-9999,0,-9999
6650,2017,10,5,3,189,-9999,-9999,-9999,3,-9999,0,-9999
6651,2017,10,5,4,190,-9999,-9999,-9999,6,-9999,0,-9999
6652,2017,10,5,5,176,-9999,-9999,-9999,5,-9999,0,-9999
6653,2017,10,5,6,176,-9999,-9999,-9999,4,-9999,0,-9999
6654,2017,10,5,7,171,-9999,-9999,-9999,2,-9999,0,-9999
6655,2017,10,5,8,177,-9999,-9999,-9999,5,-9999,0,-9999
6656,2017,10,5,9,168,-9999,-9999,-9999,5,-9999,0,-9999
6657,2017,10,5,10,156,-9999,-9999,-9999,0,-9999,0,-9999
6658,2017,10,5,11,155,-9999,-9999,-9999,0,-9999,0,-9999
6659,2017,10,5,12,177,-9999,-9999,-9999,1,-9999,0,-9999
6660,2017,10,5,13,211,-9999,-9999,-9999,9,-9999,0,-9999
6661,2017,10,5,14,229,-9999,-9999,-9999,18,-9999,0,-9999
6662,2017,10,5,15,240,-9999,-9999,-9999,28,-9999,0,-9999
6663,2017,10,5,16,244,-9999,-9999,-9999,31,-9999,0,-9999
6664,2017,10,5,17,253,-9999,-9999,-9999,30,-9999,0,-9999
6665,2017,10,5,18,258,-9999,-9999,-9999,29,-9999,0,-9999
6666,2017,10,5,19,253,-9999,-9999,-9999,25,-9999,0,-9999
6667,2017,10,5,20,251,-9999,-9999,-9999,21,-9999,0,-9999
6668,2017,10,5,21,250,-9999,-9999,-9999,24,-9999,0,-9999
6669,2017,10,5,22,235,-9999,-9999,-9999,19,-9999,0,-9999
6670,2017,10,5,23,222,-9999,-9999,-9999,15,-9999,0,-9999
6671,2017,10,6,0,216,-9999,-9999,-9999,18,-9999,0,-9999
6672,2017,10,6,1,212,-9999,-9999,-9999,13,-9999,0,-9999
6673,2017,10,6,2,207,-9999,-9999,-9999,11,-9999,0,-9999
6674,2017,10,6,3,201,-9999,-9999,-9999,8,-9999,0,-9999
6675,2017,10,6,4,203,-9999,-9999,-9999,7,-9999,0,-9999
6676,2017,10,6,5,205,-9999,-9999,-9999,16,-9999,0,-9999
6677,2017,10,6,6,197,-9999,-9999,-9999,14,-9999,0,-9999
6678,2017,10,6,7,196,-9999,-9999,-9999,13,-9999,0,-9999
6679,2017,10,6,8,194,-9999,-9999,-9999,9,-9999,0,-9999
6680,2017,10,6,9,187,-9999,-9999,-9999,7,-9999,0,-9999
6681,2017,10,6,10,189,-9999,-9999,-9999,5,-9999,0,-9999
6682,2017,10,6,11,189,-9999,-9999,-9999,4,-9999,0,-9999
6683,2017,10,6,12,199,-9999,-9999,-9999,4,-9999,0,-9999
6684,2017,10,6,13,217,-9999,-9999,-9999,8,-9999,0,-9999
6685,2017,10,6,14,235,-9999,-9999,-9999,18,-9999,0,-9999
6686,2017,10,6,15,246,-9999,-9999,-9999,20,-9999,0,-9999
6687,2017,10,6,16,252,-9999,-9999,-9999,24,-9999,0,-9999
6688,2017,10,6,17,263,-9999,-9999,-9999,22,-9999,0,-9999
6689,2017,10,6,18,260,-9999,-9999,-9999,24,-9999,0,-9999
6690,2017,10,6,19,262,-9999,-9999,-9999,20,-9999,0,-9999
6691,2017,10,6,20,260,-9999,-9999,-9999,25,-9999,0,-9999
6692,2017,10,6,21,250,-9999,-9999,-9999,21,-9999,0,-9999
6693,2017,10,6,22,238,-9999,-9999,-9999,21,-9999,0,-9999
6694,2017,10,6,23,225,-9999,-9999,-9999,20,-9999,0,-9999
6695,2017,10,7,0,218,-9999,-9999,-9999,12,-9999,0,-9999
6696,2017,10,7,1,218,-9999,-9999,-9999,7,-9999,0,-9999
6697,2017,10,7,2,213,-9999,-9999,-9999,4,-9999,0,-9999
6698,2017,10,7,3,215,-9999,-9999,-9999,7,-9999,0,-9999
6699,2017,10,7,4,217,-9999,-9999,-9999,7,-9999,0,-9999
6700,2017,10,7,5,214,-9999,-9999,-9999,7,-9999,0,-9999
6701,2017,10,7,6,207,-9999,-9999,-9999,4,-9999,0,-9999
6702,2017,10,7,7,201,-9999,-9999,-9999,1,-9999,0,-9999
6703,2017,10,7,8,201,-9999,-9999,-9999,1,-9999,0,-9999
6704,2017,10,7,9,202,-9999,-9999,-9999,1,-9999,0,-9999
6705,2017,10,7,10,193,-9999,-9999,-9999,0,-9999,0,-9999
6706,2017,10,7,11,194,-9999,-9999,-9999,0,-9999,0,-9999
6707,2017,10,7,12,201,-9999,-9999,-9999,0,-9999,0,-9999
6708,2017,10,7,13,226,-9999,-9999,-9999,8,-9999,0,-9999
6709,2017,10,7,14,239,-9999,-9999,-9999,19,-9999,0,-9999
6710,2017,10,7,15,247,-9999,-9999,-9999,25,-9999,0,-9999
6711,2017,10,7,16,255,-9999,-9999,-9999,27,-9999,0,-9999
6712,2017,10,7,17,261,-9999,-9999,-9999,31,-9999,0,-9999
6713,2017,10,7,18,257,-9999,-9999,-9999,35,-9999,0,-9999
6714,2017,10,7,19,258,-9999,-9999,-9999,38,-9999,0,-9999
6715,2017,10,7,20,259,-9999,-9999,-9999,39,-9999,0,-9999
6716,2017,10,7,21,248,-9999,-9999,-9999,36,-9999,0,-9999
6717,2017,10,7,22,245,-9999,-9999,-9999,31,-9999,0,-9999
6718,2017,10,7,23,241,-9999,-9999,-9999,28,-9999,0,-9999
6719,2017,10,8,0,239,-9999,-9999,-9999,26,-9999,0,-9999
6720,2017,10,8,1,237,-9999,-9999,-9999,28,-9999,0,-9999
6721,2017,10,8,2,236,-9999,-9999,-9999,25,-9999,0,-9999
6722,2017,10,8,3,234,-9999,-9999,-9999,26,-9999,0,-9999
6723,2017,10,8,4,233,-9999,-9999,-9999,25,-9999,0,-9999
6724,2017,10,8,5,231,-9999,-9999,-9999,22,-9999,0,-9999
6725,2017,10,8,6,231,-9999,-9999,-9999,23,-9999,0,-9999
6726,2017,10,8,7,229,-9999,-9999,-9999,21,-9999,0,-9999
6727,2017,10,8,8,228,-9999,-9999,-9999,18,-9999,0,-9999
6728,2017,10,8,9,229,-9999,-9999,-9999,19,-9999,0,-9999
6729,2017,10,8,10,233,-9999,-9999,-9999,17,-9999,0,-9999
6730,2017,10,8,11,232,-9999,-9999,-9999,18,-9999,0,-9999
6731,2017,10,8,12,237,-9999,-9999,-9999,15,-9999,0,-9999
6732,2017,10,8,13,244,-9999,-9999,-9999,19,-9999,0,-9999
6733,2017,10,8,14,256,-9999,-9999,-9999,24,-9999,0,-9999
6734,2017,10,8,15,272,-9999,-9999,-9999,33,-9999,0,-9999
6735,2017,10,8,16,262,-9999,-9999,-9999,28,-9999,0,-9999
6736,2017,10,8,17,269,-9999,-9999,-9999,29,-9999,0,-9999
6737,2017,10,8,18,260,-9999,-9999,-9999,26,-9999,0,-9999
6738,2017,10,8,19,260,-9999,-9999,-9999,23,-9999,0,-9999
6739,2017,10,8,20,255,-9999,-9999,-9999,14,-9999,2,-9999
6740,2017,10,8,21,250,-9999,-9999,-9999,13,-9999,0,-9999
6741,2017,10,8,22,251,-9999,-9999,-9999,18,-9999,0,-9999
6742,2017,10,8,23,246,-9999,-9999,-9999,25,-9999,0,-9999
6743,2017,10,9,0,242,-9999,-9999,-9999,23,-9999,0,-9999
6744,2017,10,9,1,241,-9999,-9999,-9999,21,-9999,0,-9999
6745,2017,10,9,2,239,-9999,-9999,-9999,22,-9999,0,-9999
6746,2017,10,9,3,237,-9999,-9999,-9999,22,-9999,0,-9999
6747,2017,10,9,4,238,-9999,-9999,-9999,24,-9999,0,-9999
6748,2017,10,9,5,236,-9999,-9999,-9999,22,-9999,0,-9999
6749,2017,10,9,6,236,-9999,-9999,-9999,22,-9999,0,-9999
6750,2017,10,9,7,235,-9999,-9999,-9999,20,-9999,0,-9999
6751,2017,10,9,8,234,-9999,-9999,-9999,18,-9999,0,-9999
6752,2017,10,9,9,235,-9999,-9999,-9999,21,-9999,0,-9999
6753,2017,10,9,10,235,-9999,-9999,-9999,24,-9999,0,-9999
6754,2017,10,9,11,234,-9999,-9999,-9999,22,-9999,0,-9999
6755,2017,10,9,12,237,-9999,-9999,-9999,22,-9999,0,-9999
6756,2017,10,9,13,241,-9999,-9999,-9999,28,-9999,0,-9999
6757,2017,10,9,14,246,-9999,-9999,-9999,28,-9999,0,-9999
6758,2017,10,9,15,266,-9999,-9999,-9999,28,-9999,0,-9999
6759,2017,10,9,16,267,-9999,-9999,-9999,36,-9999,0,-9999
6760,2017,10,9,17,275,-9999,-9999,-9999,33,-9999,0,-9999
6761,2017,10,9,18,292,-9999,-9999,-9999,41,-9999,0,-9999
6762,2017,10,9,19,293,-9999,-9999,-9999,43,-9999,0,-9999
6763,2017,10,9,20,291,-9999,-9999,-9999,42,-9999,0,-9999
6764,2017,10,9,21,274,-9999,-9999,-9999,32,-9999,0,-9999
6765,2017,10,9,22,266,-9999,-9999,-9999,22,-9999,0,-9999
6766,2017,10,9,23,269,-9999,-9999,-9999,17,-9999,0,-9999
6767,2017,10,10,0,260,-9999,-9999,-9999,26,-9999,0,-9999
6768,2017,10,10,1,254,-9999,-9999,-9999,24,-9999,0,-9999
6769,2017,10,10,2,252,-9999,-9999,-9999,27,-9999,0,-9999
6770,2017,10,10,3,251,-9999,-9999,-9999,28,-9999,0,-9999
6771,2017,10,10,4,250,-9999,-9999,-9999,25,-9999,0,-9999
6772,2017,10,10,5,250,-9999,-9999,-9999,20,-9999,0,-9999
6773,2017,10,10,6,247,-9999,-9999,-9999,19,-9999,0,-9999
6774,2017,10,10,7,248,-9999,-9999,-9999,22,-9999,0,-9999
6775,2017,10,10,8,247,-9999,-9999,-9999,20,-9999,0,-9999
6776,2017,10,10,9,246,-9999,-9999,-9999,16,-9999,0,-9999
6777,2017,10,10,10,244,-9999,-9999,-9999,15,-9999,0,-9999
6778,2017,10,10,11,242,-9999,-9999,-9999,14,-9999,0,-9999
6779,2017,10,10,12,246,-9999,-9999,-9999,9,-9999,0,-9999
6780,2017,10,10,13,249,-9999,-9999,-9999,7,-9999,0,-9999
6781,2017,10,10,14,252,-9999,-9999,-9999,8,-9999,0,-9999
6782,2017,10,10,15,259,-9999,-9999,-9999,12,-9999,0,-9999
6783,2017,10,10,16,265,-9999,-9999,-9999,13,-9999,0,-9999
6784,2017,10,10,17,270,-9999,-9999,-9999,14,-9999,0,-9999
6785,2017,10,10,18,274,-9999,-9999,-9999,11,-9999,0,-9999
6786,2017,10,10,19,267,-9999,-9999,-9999,14,-9999,0,-9999
6787,2017,10,10,20,258,-9999,-9999,-9999,18,-9999,0,-9999
6788,2017,10,10,21,256,-9999,-9999,-9999,20,-9999,0,-9999
6789,2017,10,10,22,251,-9999,-9999,-9999,13,-9999,0,-9999
6790,2017,10,10,23,247,-9999,-9999,-9999,12,-9999,0,-9999
6791,2017,10,11,0,246,-9999,-9999,-9999,11,-9999,0,-9999
6792,2017,10,11,1,247,-9999,-9999,-9999,7,-9999,0,-9999
6793,2017,10,11,2,245,-9999,-9999,-9999,5,-9999,0,-9999
6794,2017,10,11,3,243,-9999,-9999,-9999,6,-9999,0,-9999
6795,2017,10,11,4,243,-9999,-9999,-9999,8,-9999,0,-9999
6796,2017,10,11,5,244,-9999,-9999,-9999,10,-9999,0,-9999
6797,2017,10,11,6,240,-9999,-9999,-9999,7,-9999,0,-9999
6798,2017,10,11,7,242,-9999,-9999,-9999,0,-9999,0,-9999
6799,2017,10,11,8,242,-9999,-9999,-9999,4,-9999,0,-9999
6800,2017,10,11,9,242,-9999,-9999,-9999,8,-9999,0,-9999
6801,2017,10,11,10,242,-9999,-9999,-9999,8,-9999,0,-9999
6802,2017,10,11,11,242,-9999,-9999,-9999,6,-9999,0,-9999
6803,2017,10,11,12,226,-9999,-9999,-9999,7,-9999,21,-9999
6804,2017,10,11,13,226,-9999,-9999,-9999,29,-9999,11,-9999
6805,2017,10,11,14,225,-9999,-9999,-9999,28,-9999,0,-9999
6806,2017,10,11,15,226,-9999,-9999,-9999,30,-9999,0,-9999
6807,2017,10,11,16,234,-9999,-9999,-9999,23,-9999,0,-9999
6808,2017,10,11,17,237,-9999,-9999,-9999,19,-9999,0,-9999
6809,2017,10,11,18,240,-9999,-9999,-9999,17,-9999,0,-9999
6810,2017,10,11,19,242,-9999,-9999,-9999,17,-9999,0,-9999
6811,2017,10,11,20,242,-9999,-9999,-9999,22,-9999,0,-9999
6812,2017,10,11,21,231,-9999,-9999,-9999,21,-9999,0,-9999
6813,2017,10,11,22,229,-9999,-9999,-9999,23,-9999,0,-9999
6814,2017,10,11,23,231,-9999,-9999,-9999,19,-9999,0,-9999
6815,2017,10,12,0,230,-9999,-9999,-9999,17,-9999,13,-9999
6816,2017,10,12,1,230,-9999,-9999,-9999,15,-9999,0,-9999
6817,2017,10,12,2,228,-9999,-9999,-9999,15,-9999,0,-9999
6818,2017,10,12,3,225,-9999,-9999,-9999,20,-9999,0,-9999
6819,2017,10,12,4,220,-9999,-9999,-9999,25,-9999,0,-9999
6820,2017,10,12,5,217,-9999,-9999,-9999,28,-9999,0,-9999
6821,2017,10,12,6,214,-9999,-9999,-9999,34,-9999,0,-9999
6822,2017,10,12,7,211,-9999,-9999,-9999,34,-9999,0,-9999
6823,2017,10,12,8,211,-9999,-9999,-9999,37,-9999,0,-9999
6824,2017,10,12,9,212,-9999,-9999,-9999,36,-9999,0,-9999
6825,2017,10,12,10,213,-9999,-9999,-9999,34,-9999,0,-9999
6826,2017,10,12,11,212,-9999,-9999,-9999,32,-9999,33,-9999
6827,2017,10,12,12,212,-9999,-9999,-9999,34,-9999,11,-9999
6828,2017,10,12,13,213,-9999,-9999,-9999,37,-9999,0,-9999
6829,2017,10,12,14,212,-9999,-9999,-9999,35,-9999,5,-9999
6830,2017,10,12,15,206,-9999,-9999,-9999,49,-9999,2,-9999
6831,2017,10,12,16,202,-9999,-9999,-9999,58,-9999,0,-9999
6832,2017,10,12,17,199,-9999,-9999,-9999,65,-9999,0,-9999
6833,2017,10,12,18,199,-9999,-9999,-9999,70,-9999,0,-9999
6834,2017,10,12,19,198,-9999,-9999,-9999,69,-9999,0,-9999
6835,2017,10,12,20,195,-9999,-9999,-9999,71,-9999,0,-9999
6836,2017,10,12,21,188,-9999,-9999,-9999,71,-9999,0,-9999
6837,2017,10,12,22,191,-9999,-9999,-9999,77,-9999,0,-9999
6838,2017,10,12,23,190,-9999,-9999,-9999,71,-9999,0,-9999
6839,2017,10,13,0,188,-9999,-9999,-9999,64,-9999,0,-9999
6840,2017,10,13,1,186,-9999,-9999,-9999,65,-9999,0,-9999
6841,2017,10,13,2,187,-9999,-9999,-9999,63,-9999,0,-9999
6842,2017,10,13,3,188,-9999,-9999,-9999,56,-9999,0,-9999
6843,2017,10,13,4,189,-9999,-9999,-9999,55,-9999,0,-9999
6844,2017,10,13,5,192,-9999,-9999,-9999,54,-9999,0,-9999
6845,2017,10,13,6,192,-9999,-9999,-9999,50,-9999,0,-9999
6846,2017,10,13,7,193,-9999,-9999,-9999,49,-9999,0,-9999
6847,2017,10,13,8,189,-9999,-9999,-9999,43,-9999,0,-9999
6848,2017,10,13,9,194,-9999,-9999,-9999,44,-9999,0,-9999
6849,2017,10,13,10,192,-9999,-9999,-9999,41,-9999,2,-9999
6850,2017,10,13,11,184,-9999,-9999,-9999,35,-9999,0,-9999
6851,2017,10,13,12,185,-9999,-9999,-9999,33,-9999,3,-9999
6852,2017,10,13,13,185,-9999,-9999,-9999,31,-9999,3,-9999
6853,2017,10,13,14,192,-9999,-9999,-9999,35,-9999,3,-9999
6854,2017,10,13,15,195,-9999,-9999,-9999,38,-9999,0,-9999
6855,2017,10,13,16,195,-9999,-9999,-9999,41,-9999,3,-9999
6856,2017,10,13,17,195,-9999,-9999,-9999,41,-9999,0,-9999
6857,2017,10,13,18,191,-9999,-9999,-9999,46,-9999,0,-9999
6858,2017,10,13,19,190,-9999,-9999,-9999,45,-9999,15,-9999
6859,2017,10,13,20,187,-9999,-9999,-9999,42,-9999,33,-9999
6860,2017,10,13,21,186,-9999,-9999,-9999,40,-9999,20,-9999
6861,2017,10,13,22,191,-9999,-9999,-9999,41,-9999,7,-9999
6862,2017,10,13,23,193,-9999,-9999,-9999,49,-9999,0,-9999
6863,2017,10,14,0,191,-9999,-9999,-9999,42,-9999,0,-9999
6864,2017,10,14,1,189,-9999,-9999,-9999,41,-9999,8,-9999
6865,2017,10,14,2,190,-9999,-9999,-9999,38,-9999,0,-9999
6866,2017,10,14,3,192,-9999,-9999,-9999,38,-9999,0,-9999
6867,2017,10,14,4,191,-9999,-9999,-9999,33,-9999,2,-9999
6868,2017,10,14,5,193,-9999,-9999,-9999,30,-9999,0,-9999
6869,2017,10,14,6,191,-9999,-9999,-9999,26,-9999,0,-9999
6870,2017,10,14,7,193,-9999,-9999,-9999,29,-9999,15,-9999
6871,2017,10,14,8,192,-9999,-9999,-9999,32,-9999,2,-9999
6872,2017,10,14,9,192,-9999,-9999,-9999,33,-9999,0,-9999
6873,2017,10,14,10,192,-9999,-9999,-9999,36,-9999,11,-9999
6874,2017,10,14,11,191,-9999,-9999,-9999,31,-9999,3,-9999
6875,2017,10,14,12,192,-9999,-9999,-9999,25,-9999,0,-9999
6876,2017,10,14,13,193,-9999,-9999,-9999,19,-9999,0,-9999
6877,2017,10,14,14,200,-9999,-9999,-9999,25,-9999,6,-9999
6878,2017,10,14,15,204,-9999,-9999,-9999,23,-9999,0,-9999
6879,2017,10,14,16,207,-9999,-9999,-9999,22,-9999,0,-9999
6880,2017,10,14,17,211,-9999,-9999,-9999,17,-9999,0,-9999
6881,2017,10,14,18,209,-9999,-9999,-9999,20,-9999,0,-9999
6882,2017,10,14,19,207,-9999,-9999,-9999,26,-9999,0,-9999
6883,2017,10,14,20,206,-9999,-9999,-9999,22,-9999,0,-9999
6884,2017,10,14,21,201,-9999,-9999,-9999,20,-9999,0,-9999
6885,2017,10,14,22,197,-9999,-9999,-9999,22,-9999,0,-9999
6886,2017,10,14,23,197,-9999,-9999,-9999,21,-9999,0,-9999
6887,2017,10,15,0,197,-9999,-9999,-9999,13,-9999,0,-9999
6888,2017,10,15,1,197,-9999,-9999,-9999,13,-9999,0,-9999
6889,2017,10,15,2,197,-9999,-9999,-9999,12,-9999,0,-9999
6890,2017,10,15,3,198,-9999,-9999,-9999,13,-9999,0,-9999
6891,2017,10,15,4,197,-9999,-9999,-9999,10,-9999,0,-9999
6892,2017,10,15,5,196,-9999,-9999,-9999,10,-9999,0,-9999
6893,2017,10,15,6,196,-9999,-9999,-9999,5,-9999,0,-9999
6894,2017,10,15,7,196,-9999,-9999,-9999,4,-9999,0,-9999
6895,2017,10,15,8,199,-9999,-9999,-9999,2,-9999,0,-9999
6896,2017,10,15,9,198,-9999,-9999,-9999,7,-9999,0,-9999
6897,2017,10,15,10,197,-9999,-9999,-9999,8,-9999,0,-9999
6898,2017,10,15,11,196,-9999,-9999,-9999,12,-9999,0,-9999
6899,2017,10,15,12,196,-9999,-9999,-9999,12,-9999,0,-9999
6900,2017,10,15,13,197,-9999,-9999,-9999,17,-9999,0,-9999
6901,2017,10,15,14,198,-9999,-9999,-9999,19,-9999,0,-9999
6902,2017,10,15,15,204,-9999,-9999,-9999,25,-9999,0,-9999
6903,2017,10,15,16,207,-9999,-9999,-9999,25,-9999,0,-9999
6904,2017,10,15,17,218,-9999,-9999,-9999,30,-9999,0,-9999
6905,2017,10,15,18,235,-9999,-9999,-9999,28,-9999,0,-9999
6906,2017,10,15,19,233,-9999,-9999,-9999,29,-9999,0,-9999
6907,2017,10,15,20,243,-9999,-9999,-9999,26,-9999,0,-9999
6908,2017,10,15,21,252,-9999,-9999,-9999,25,-9999,0,-9999
6909,2017,10,15,22,240,-9999,-9999,-9999,20,-9999,0,-9999
6910,2017,10,15,23,228,-9999,-9999,-9999,8,-9999,0,-9999
6911,2017,10,16,0,232,-9999,-9999,-9999,18,-9999,0,-9999
6912,2017,10,16,1,231,-9999,-9999,-9999,20,-9999,0,-9999
6913,2017,10,16,2,231,-9999,-9999,-9999,27,-9999,0,-9999
6914,2017,10,16,3,232,-9999,-9999,-9999,29,-9999,0,-9999
6915,2017,10,16,4,229,-9999,-9999,-9999,32,-9999,0,-9999
6916,2017,10,16,5,225,-9999,-9999,-9999,33,-9999,0,-9999
6917,2017,10,16,6,220,-9999,-9999,-9999,29,-9999,0,-9999
6918,2017,10,16,7,223,-9999,-9999,-9999,27,-9999,0,-9999
6919,2017,10,16,8,221,-9999,-9999,-9999,26,-9999,0,-9999
6920,2017,10,16,9,217,-9999,-9999,-9999,23,-9999,0,-9999
6921,2017,10,16,10,215,-9999,-9999,-9999,20,-9999,0,-9999
6922,2017,10,16,11,190,-9999,-9999,-9999,25,-9999,0,-9999
6923,2017,10,16,12,184,-9999,-9999,-9999,37,-9999,0,-9999
6924,2017,10,16,13,179,-9999,-9999,-9999,40,-9999,0,-9999
6925,2017,10,16,14,164,-9999,-9999,-9999,42,-9999,7,-9999
6926,2017,10,16,15,158,-9999,-9999,-9999,38,-9999,0,-9999
6927,2017,10,16,16,168,-9999,-9999,-9999,28,-9999,0,-9999
6928,2017,10,16,17,174,-9999,-9999,-9999,24,-9999,0,-9999
6929,2017,10,16,18,160,-9999,-9999,-9999,42,-9999,0,-9999
6930,2017,10,16,19,156,-9999,-9999,-9999,29,-9999,0,-9999
6931,2017,10,16,20,159,-9999,-9999,-9999,35,-9999,0,-9999
6932,2017,10,16,21,160,-9999,-9999,-9999,42,-9999,0,-9999
6933,2017,10,16,22,157,-9999,-9999,-9999,34,-9999,0,-9999
6934,2017,10,16,23,144,-9999,-9999,-9999,42,-9999,0,-9999
6935,2017,10,17,0,142,-9999,-9999,-9999,31,-9999,0,-9999
6936,2017,10,17,1,136,-9999,-9999,-9999,21,-9999,0,-9999
6937,2017,10,17,2,131,-9999,-9999,-9999,22,-9999,0,-9999
6938,2017,10,17,3,126,-9999,-9999,-9999,26,-9999,0,-9999
6939,2017,10,17,4,127,-9999,-9999,-9999,29,-9999,0,-9999
6940,2017,10,17,5,125,-9999,-9999,-9999,32,-9999,0,-9999
6941,2017,10,17,6,120,-9999,-9999,-9999,26,-9999,0,-9999
6942,2017,10,17,7,118,-9999,-9999,-9999,27,-9999,0,-9999
6943,2017,10,17,8,106,-9999,-9999,-9999,28,-9999,0,-9999
6944,2017,10,17,9,98,-9999,-9999,-9999,29,-9999,0,-9999
6945,2017,10,17,10,91,-9999,-9999,-9999,31,-9999,0,-9999
6946,2017,10,17,11,89,-9999,-9999,-9999,38,-9999,0,-9999
6947,2017,10,17,12,85,-9999,-9999,-9999,34,-9999,0,-9999
6948,2017,10,17,13,99,-9999,-9999,-9999,35,-9999,0,-9999
6949,2017,10,17,14,111,-9999,-9999,-9999,39,-9999,0,-9999
6950,2017,10,17,15,122,-9999,-9999,-9999,40,-9999,0,-9999
6951,2017,10,17,16,133,-9999,-9999,-9999,35,-9999,0,-9999
6952,2017,10,17,17,140,-9999,-9999,-9999,31,-9999,0,-9999
6953,2017,10,17,18,139,-9999,-9999,-9999,29,-9999,0,-9999
6954,2017,10,17,19,140,-9999,-9999,-9999,23,-9999,0,-9999
6955,2017,10,17,20,142,-9999,-9999,-9999,26,-9999,0,-9999
6956,2017,10,17,21,138,-9999,-9999,-9999,21,-9999,0,-9999
6957,2017,10,17,22,121,-9999,-9999,-9999,21,-9999,0,-9999
6958,2017,10,17,23,95,-9999,-9999,-9999,10,-9999,0,-9999
6959,2017,10,18,0,91,-9999,-9999,-9999,7,-9999,0,-9999
6960,2017,10,18,1,78,-9999,-9999,-9999,1,-9999,0,-9999
6961,2017,10,18,2,76,-9999,-9999,-9999,3,-9999,0,-9999
6962,2017,10,18,3,76,-9999,-9999,-9999,0,-9999,0,-9999
6963,2017,10,18,4,76,-9999,-9999,-9999,1,-9999,0,-9999
6964,2017,10,18,5,73,-9999,-9999,-9999,1,-9999,0,-9999
6965,2017,10,18,6,72,-9999,-9999,-9999,0,-9999,0,-9999
6966,2017,10,18,7,76,-9999,-9999,-9999,3,-9999,0,-9999
6967,2017,10,18,8,70,-9999,-9999,-9999,6,-9999,0,-9999
6968,2017,10,18,9,72,-9999,-9999,-9999,9,-9999,0,-9999
6969,2017,10,18,10,68,-9999,-9999,-9999,5,-9999,0,-9999
6970,2017,10,18,11,66,-9999,-9999,-9999,4,-9999,0,-9999
6971,2017,10,18,12,84,-9999,-9999,-9999,5,-9999,0,-9999
6972,2017,10,18,13,127,-9999,-9999,-9999,11,-9999,0,-9999
6973,2017,10,18,14,152,-9999,-9999,-9999,21,-9999,0,-9999
6974,2017,10,18,15,167,-9999,-9999,-9999,19,-9999,0,-9999
6975,2017,10,18,16,170,-9999,-9999,-9999,21,-9999,0,-9999
6976,2017,10,18,17,176,-9999,-9999,-9999,21,-9999,0,-9999
6977,2017,10,18,18,176,-9999,-9999,-9999,17,-9999,0,-9999
6978,2017,10,18,19,180,-9999,-9999,-9999,16,-9999,0,-9999
6979,2017,10,18,20,180,-9999,-9999,-9999,18,-9999,0,-9999
6980,2017,10,18,21,176,-9999,-9999,-9999,18,-9999,0,-9999
6981,2017,10,18,22,146,-9999,-9999,-9999,7,-9999,0,-9999
6982,2017,10,18,23,114,-9999,-9999,-9999,2,-9999,0,-9999
6983,2017,10,19,0,102,-9999,-9999,-9999,1,-9999,0,-9999
6984,2017,10,19,1,99,-9999,-9999,-9999,3,-9999,0,-9999
6985,2017,10,19,2,96,-9999,-9999,-9999,1,-9999,0,-9999
6986,2017,10,19,3,93,-9999,-9999,-9999,0,-9999,0,-9999
6987,2017,10,19,4,93,-9999,-9999,-9999,0,-9999,0,-9999
6988,2017,10,19,5,90,-9999,-9999,-9999,0,-9999,0,-9999
6989,2017,10,19,6,88,-9999,-9999,-9999,0,-9999,0,-9999
6990,2017,10,19,7,92,-9999,-9999,-9999,0,-9999,0,-9999
6991,2017,10,19,8,96,-9999,-9999,-9999,0,-9999,0,-9999
6992,2017,10,19,9,92,-9999,-9999,-9999,0,-9999,0,-9999
6993,2017,10,19,10,97,-9999,-9999,-9999,0,-9999,0,-9999
6994,2017,10,19,11,95,-9999,-9999,-9999,0,-9999,0,-9999
6995,2017,10,19,12,106,-9999,-9999,-9999,0,-9999,0,-9999
6996,2017,10,19,13,148,-9999,-9999,-9999,0,-9999,0,-9999
6997,2017,10,19,14,184,-9999,-9999,-9999,3,-9999,0,-9999
6998,2017,10,19,15,195,-9999,-9999,-9999,16,-9999,0,-9999
6999,2017,10,19,16,209,-9999,-9999,-9999,19,-9999,0,-9999
7000,2017,10,19,17,213,-9999,-9999,-9999,19,-9999,0,-9999
7001,2017,10,19,18,216,-9999,-9999,-9999,23,-9999,0,-9999
7002,2017,10,19,19,218,-9999,-9999,-9999,20,-9999,0,-9999
7003,2017,10,19,20,216,-9999,-9999,-9999,19,-9999,0,-9999
7004,2017,10,19,21,210,-9999,-9999,-9999,16,-9999,0,-9999
7005,2017,10,19,22,183,-9999,-9999,-9999,7,-9999,0,-9999
7006,2017,10,19,23,169,-9999,-9999,-9999,2,-9999,0,-9999
7007,2017,10,20,0,154,-9999,-9999,-9999,0,-9999,0,-9999
7008,2017,10,20,1,158,-9999,-9999,-9999,2,-9999,0,-9999
7009,2017,10,20,2,163,-9999,-9999,-9999,5,-9999,0,-9999
7010,2017,10,20,3,148,-9999,-9999,-9999,4,-9999,0,-9999
7011,2017,10,20,4,151,-9999,-9999,-9999,3,-9999,0,-9999
7012,2017,10,20,5,156,-9999,-9999,-9999,9,-9999,0,-9999
7013,2017,10,20,6,123,-9999,-9999,-9999,2,-9999,0,-9999
7014,2017,10,20,7,128,-9999,-9999,-9999,1,-9999,0,-9999
7015,2017,10,20,8,117,-9999,-9999,-9999,2,-9999,0,-9999
7016,2017,10,20,9,116,-9999,-9999,-9999,3,-9999,0,-9999
7017,2017,10,20,10,122,-9999,-9999,-9999,4,-9999,0,-9999
7018,2017,10,20,11,121,-9999,-9999,-9999,4,-9999,0,-9999
7019,2017,10,20,12,130,-9999,-9999,-9999,9,-9999,0,-9999
7020,2017,10,20,13,169,-9999,-9999,-9999,9,-9999,0,-9999
7021,2017,10,20,14,204,-9999,-9999,-9999,16,-9999,0,-9999
7022,2017,10,20,15,222,-9999,-9999,-9999,24,-9999,0,-9999
7023,2017,10,20,16,232,-9999,-9999,-9999,30,-9999,0,-9999
7024,2017,10,20,17,233,-9999,-9999,-9999,22,-9999,0,-9999
7025,2017,10,20,18,230,-9999,-9999,-9999,25,-9999,0,-9999
7026,2017,10,20,19,227,-9999,-9999,-9999,23,-9999,0,-9999
7027,2017,10,20,20,223,-9999,-9999,-9999,24,-9999,0,-9999
7028,2017,10,20,21,216,-9999,-9999,-9999,25,-9999,0,-9999
7029,2017,10,20,22,181,-9999,-9999,-9999,13,-9999,0,-9999
7030,2017,10,20,23,159,-9999,-9999,-9999,0,-9999,0,-9999
7031,2017,10,21,0,151,-9999,-9999,-9999,0,-9999,0,-9999
7032,2017,10,21,1,140,-9999,-9999,-9999,0,-9999,0,-9999
7033,2017,10,21,2,126,-9999,-9999,-9999,0,-9999,0,-9999
7034,2017,10,21,3,126,-9999,-9999,-9999,2,-9999,0,-9999
7035,2017,10,21,4,121,-9999,-9999,-9999,1,-9999,0,-9999
7036,2017,10,21,5,122,-9999,-9999,-9999,0,-9999,0,-9999
7037,2017,10,21,6,121,-9999,-9999,-9999,0,-9999,0,-9999
7038,2017,10,21,7,107,-9999,-9999,-9999,0,-9999,0,-9999
7039,2017,10,21,8,113,-9999,-9999,-9999,0,-9999,0,-9999
7040,2017,10,21,9,119,-9999,-9999,-9999,0,-9999,0,-9999
7041,2017,10,21,10,114,-9999,-9999,-9999,4,-9999,0,-9999
7042,2017,10,21,11,119,-9999,-9999,-9999,0,-9999,0,-9999
7043,2017,10,21,12,118,-9999,-9999,-9999,2,-9999,0,-9999
7044,2017,10,21,13,179,-9999,-9999,-9999,0,-9999,0,-9999
7045,2017,10,21,14,202,-9999,-9999,-9999,15,-9999,0,-9999
7046,2017,10,21,15,215,-9999,-9999,-9999,14,-9999,0,-9999
7047,2017,10,21,16,222,-9999,-9999,-9999,21,-9999,0,-9999
7048,2017,10,21,17,223,-9999,-9999,-9999,23,-9999,0,-9999
7049,2017,10,21,18,225,-9999,-9999,-9999,22,-9999,0,-9999
7050,2017,10,21,19,225,-9999,-9999,-9999,21,-9999,0,-9999
7051,2017,10,21,20,223,-9999,-9999,-9999,20,-9999,0,-9999
7052,2017,10,21,21,213,-9999,-9999,-9999,17,-9999,0,-9999
7053,2017,10,21,22,191,-9999,-9999,-9999,10,-9999,0,-9999
7054,2017,10,21,23,155,-9999,-9999,-9999,1,-9999,0,-9999
7055,2017,10,22,0,146,-9999,-9999,-9999,2,-9999,0,-9999
7056,2017,10,22,1,143,-9999,-9999,-9999,0,-9999,0,-9999
7057,2017,10,22,2,139,-9999,-9999,-9999,0,-9999,0,-9999
7058,2017,10,22,3,137,-9999,-9999,-9999,0,-9999,0,-9999
7059,2017,10,22,4,134,-9999,-9999,-9999,0,-9999,0,-9999
7060,2017,10,22,5,131,-9999,-9999,-9999,0,-9999,0,-9999
7061,2017,10,22,6,128,-9999,-9999,-9999,0,-9999,0,-9999
7062,2017,10,22,7,120,-9999,-9999,-9999,0,-9999,0,-9999
7063,2017,10,22,8,126,-9999,-9999,-9999,0,-9999,0,-9999
7064,2017,10,22,9,121,-9999,-9999,-9999,0,-9999,0,-9999
7065,2017,10,22,10,120,-9999,-9999,-9999,0,-9999,0,-9999
7066,2017,10,22,11,112,-9999,-9999,-9999,0,-9999,0,-9999
7067,2017,10,22,12,128,-9999,-9999,-9999,1,-9999,0,-9999
7068,2017,10,22,13,170,-9999,-9999,-9999,0,-9999,0,-9999
7069,2017,10,22,14,202,-9999,-9999,-9999,5,-9999,0,-9999
7070,2017,10,22,15,215,-9999,-9999,-9999,23,-9999,0,-9999
7071,2017,10,22,16,219,-9999,-9999,-9999,26,-9999,0,-9999
7072,2017,10,22,17,220,-9999,-9999,-9999,24,-9999,0,-9999
7073,2017,10,22,18,221,-9999,-9999,-9999,22,-9999,0,-9999
7074,2017,10,22,19,224,-9999,-9999,-9999,21,-9999,0,-9999
7075,2017,10,22,20,223,-9999,-9999,-9999,22,-9999,0,-9999
7076,2017,10,22,21,211,-9999,-9999,-9999,24,-9999,0,-9999
7077,2017,10,22,22,202,-9999,-9999,-9999,20,-9999,0,-9999
7078,2017,10,22,23,196,-9999,-9999,-9999,12,-9999,0,-9999
7079,2017,10,23,0,200,-9999,-9999,-9999,16,-9999,0,-9999
7080,2017,10,23,1,189,-9999,-9999,-9999,7,-9999,0,-9999
7081,2017,10,23,2,191,-9999,-9999,-9999,1,-9999,0,-9999
7082,2017,10,23,3,201,-9999,-9999,-9999,15,-9999,0,-9999
7083,2017,10,23,4,195,-9999,-9999,-9999,10,-9999,0,-9999
7084,2017,10,23,5,185,-9999,-9999,-9999,3,-9999,0,-9999
7085,2017,10,23,6,196,-9999,-9999,-9999,1,-9999,0,-9999
7086,2017,10,23,7,184,-9999,-9999,-9999,0,-9999,0,-9999
7087,2017,10,23,8,181,-9999,-9999,-9999,0,-9999,0,-9999
7088,2017,10,23,9,187,-9999,-9999,-9999,0,-9999,0,-9999
7089,2017,10,23,10,187,-9999,-9999,-9999,0,-9999,0,-9999
7090,2017,10,23,11,170,-9999,-9999,-9999,0,-9999,0,-9999
7091,2017,10,23,12,187,-9999,-9999,-9999,0,-9999,0,-9999
7092,2017,10,23,13,204,-9999,-9999,-9999,9,-9999,0,-9999
7093,2017,10,23,14,220,-9999,-9999,-9999,20,-9999,0,-9999
7094,2017,10,23,15,226,-9999,-9999,-9999,26,-9999,0,-9999
7095,2017,10,23,16,233,-9999,-9999,-9999,34,-9999,0,-9999
7096,2017,10,23,17,234,-9999,-9999,-9999,42,-9999,0,-9999
7097,2017,10,23,18,235,-9999,-9999,-9999,40,-9999,0,-9999
7098,2017,10,23,19,232,-9999,-9999,-9999,40,-9999,0,-9999
7099,2017,10,23,20,229,-9999,-9999,-9999,41,-9999,0,-9999
7100,2017,10,23,21,226,-9999,-9999,-9999,43,-9999,0,-9999
7101,2017,10,23,22,220,-9999,-9999,-9999,50,-9999,0,-9999
7102,2017,10,23,23,214,-9999,-9999,-9999,55,-9999,0,-9999
7103,2017,10,24,0,218,-9999,-9999,-9999,47,-9999,0,-9999
7104,2017,10,24,1,222,-9999,-9999,-9999,42,-9999,0,-9999
7105,2017,10,24,2,223,-9999,-9999,-9999,53,-9999,0,-9999
7106,2017,10,24,3,225,-9999,-9999,-9999,60,-9999,0,-9999
7107,2017,10,24,4,226,-9999,-9999,-9999,51,-9999,0,-9999
7108,2017,10,24,5,223,-9999,-9999,-9999,36,-9999,0,-9999
7109,2017,10,24,6,223,-9999,-9999,-9999,38,-9999,0,-9999
7110,2017,10,24,7,221,-9999,-9999,-9999,42,-9999,7,-9999
7111,2017,10,24,8,223,-9999,-9999,-9999,43,-9999,2,-9999
7112,2017,10,24,9,221,-9999,-9999,-9999,36,-9999,0,-9999
7113,2017,10,24,10,219,-9999,-9999,-9999,29,-9999,0,-9999
7114,2017,10,24,11,198,-9999,-9999,-9999,25,-9999,5,-9999
7115,2017,10,24,12,194,-9999,-9999,-9999,27,-9999,20,-9999
7116,2017,10,24,13,190,-9999,-9999,-9999,20,-9999,0,-9999
7117,2017,10,24,14,193,-9999,-9999,-9999,22,-9999,0,-9999
7118,2017,10,24,15,200,-9999,-9999,-9999,22,-9999,0,-9999
7119,2017,10,24,16,203,-9999,-9999,-9999,21,-9999,0,-9999
7120,2017,10,24,17,222,-9999,-9999,-9999,22,-9999,0,-9999
7121,2017,10,24,18,230,-9999,-9999,-9999,24,-9999,0,-9999
7122,2017,10,24,19,242,-9999,-9999,-9999,15,-9999,0,-9999
7123,2017,10,24,20,232,-9999,-9999,-9999,19,-9999,0,-9999
7124,2017,10,24,21,233,-9999,-9999,-9999,11,-9999,0,-9999
7125,2017,10,24,22,223,-9999,-9999,-9999,1,-9999,0,-9999
7126,2017,10,24,23,205,-9999,-9999,-9999,2,-9999,0,-9999
7127,2017,10,25,0,187,-9999,-9999,-9999,1,-9999,0,-9999
7128,2017,10,25,1,189,-9999,-9999,-9999,1,-9999,0,-9999
7129,2017,10,25,2,170,-9999,-9999,-9999,1,-9999,0,-9999
7130,2017,10,25,3,172,-9999,-9999,-9999,2,-9999,0,-9999
7131,2017,10,25,4,160,-9999,-9999,-9999,1,-9999,0,-9999
7132,2017,10,25,5,153,-9999,-9999,-9999,2,-9999,0,-9999
7133,2017,10,25,6,150,-9999,-9999,-9999,3,-9999,0,-9999
7134,2017,10,25,7,136,-9999,-9999,-9999,1,-9999,0,-9999
7135,2017,10,25,8,139,-9999,-9999,-9999,4,-9999,0,-9999
7136,2017,10,25,9,145,-9999,-9999,-9999,7,-9999,0,-9999
7137,2017,10,25,10,147,-9999,-9999,-9999,10,-9999,0,-9999
7138,2017,10,25,11,142,-9999,-9999,-9999,4,-9999,0,-9999
7139,2017,10,25,12,143,-9999,-9999,-9999,9,-9999,0,-9999
7140,2017,10,25,13,154,-9999,-9999,-9999,20,-9999,0,-9999
7141,2017,10,25,14,159,-9999,-9999,-9999,26,-9999,0,-9999
7142,2017,10,25,15,169,-9999,-9999,-9999,35,-9999,0,-9999
7143,2017,10,25,16,172,-9999,-9999,-9999,38,-9999,0,-9999
7144,2017,10,25,17,172,-9999,-9999,-9999,32,-9999,0,-9999
7145,2017,10,25,18,178,-9999,-9999,-9999,31,-9999,0,-9999
7146,2017,10,25,19,179,-9999,-9999,-9999,45,-9999,0,-9999
7147,2017,10,25,20,175,-9999,-9999,-9999,46,-9999,0,-9999
7148,2017,10,25,21,169,-9999,-9999,-9999,32,-9999,0,-9999
7149,2017,10,25,22,144,-9999,-9999,-9999,21,-9999,0,-9999
7150,2017,10,25,23,118,-9999,-9999,-9999,0,-9999,0,-9999
7151,2017,10,26,0,110,-9999,-9999,-9999,1,-9999,0,-9999
7152,2017,10,26,1,102,-9999,-9999,-9999,0,-9999,0,-9999
7153,2017,10,26,2,97,-9999,-9999,-9999,2,-9999,0,-9999
7154,2017,10,26,3,90,-9999,-9999,-9999,2,-9999,0,-9999
7155,2017,10,26,4,137,-9999,-9999,-9999,12,-9999,0,-9999
7156,2017,10,26,5,134,-9999,-9999,-9999,21,-9999,0,-9999
7157,2017,10,26,6,127,-9999,-9999,-9999,18,-9999,0,-9999
7158,2017,10,26,7,128,-9999,-9999,-9999,15,-9999,0,-9999
7159,2017,10,26,8,120,-9999,-9999,-9999,23,-9999,0,-9999
7160,2017,10,26,9,103,-9999,-9999,-9999,22,-9999,0,-9999
7161,2017,10,26,10,106,-9999,-9999,-9999,15,-9999,0,-9999
7162,2017,10,26,11,102,-9999,-9999,-9999,15,-9999,0,-9999
7163,2017,10,26,12,118,-9999,-9999,-9999,20,-9999,0,-9999
7164,2017,10,26,13,114,-9999,-9999,-9999,40,-9999,0,-9999
7165,2017,10,26,14,122,-9999,-9999,-9999,40,-9999,0,-9999
7166,2017,10,26,15,130,-9999,-9999,-9999,44,-9999,0,-9999
7167,2017,10,26,16,135,-9999,-9999,-9999,47,-9999,0,-9999
7168,2017,10,26,17,138,-9999,-9999,-9999,41,-9999,0,-9999
7169,2017,10,26,18,146,-9999,-9999,-9999,39,-9999,0,-9999
7170,2017,10,26,19,140,-9999,-9999,-9999,41,-9999,0,-9999
7171,2017,10,26,20,141,-9999,-9999,-9999,33,-9999,0,-9999
7172,2017,10,26,21,141,-9999,-9999,-9999,28,-9999,0,-9999
7173,2017,10,26,22,131,-9999,-9999,-9999,16,-9999,0,-9999
7174,2017,10,26,23,129,-9999,-9999,-9999,14,-9999,0,-9999
7175,2017,10,27,0,123,-9999,-9999,-9999,10,-9999,0,-9999
7176,2017,10,27,1,110,-9999,-9999,-9999,5,-9999,0,-9999
7177,2017,10,27,2,81,-9999,-9999,-9999,2,-9999,0,-9999
7178,2017,10,27,3,88,-9999,-9999,-9999,4,-9999,0,-9999
7179,2017,10,27,4,77,-9999,-9999,-9999,4,-9999,0,-9999
7180,2017,10,27,5,64,-9999,-9999,-9999,6,-9999,0,-9999
7181,2017,10,27,6,63,-9999,-9999,-9999,0,-9999,0,-9999
7182,2017,10,27,7,70,-9999,-9999,-9999,0,-9999,0,-9999
7183,2017,10,27,8,72,-9999,-9999,-9999,4,-9999,0,-9999
7184,2017,10,27,9,65,-9999,-9999,-9999,0,-9999,0,-9999
7185,2017,10,27,10,60,-9999,-9999,-9999,1,-9999,0,-9999
7186,2017,10,27,11,57,-9999,-9999,-9999,2,-9999,0,-9999
7187,2017,10,27,12,60,-9999,-9999,-9999,1,-9999,0,-9999
7188,2017,10,27,13,133,-9999,-9999,-9999,2,-9999,0,-9999
7189,2017,10,27,14,156,-9999,-9999,-9999,16,-9999,0,-9999
7190,2017,10,27,15,169,-9999,-9999,-9999,23,-9999,0,-9999
7191,2017,10,27,16,178,-9999,-9999,-9999,24,-9999,0,-9999
7192,2017,10,27,17,179,-9999,-9999,-9999,32,-9999,0,-9999
7193,2017,10,27,18,182,-9999,-9999,-9999,32,-9999,0,-9999
7194,2017,10,27,19,187,-9999,-9999,-9999,31,-9999,0,-9999
7195,2017,10,27,20,183,-9999,-9999,-9999,29,-9999,0,-9999
7196,2017,10,27,21,178,-9999,-9999,-9999,31,-9999,0,-9999
7197,2017,10,27,22,165,-9999,-9999,-9999,29,-9999,0,-9999
7198,2017,10,27,23,157,-9999,-9999,-9999,22,-9999,0,-9999
7199,2017,10,28,0,152,-9999,-9999,-9999,16,-9999,0,-9999
7200,2017,10,28,1,147,-9999,-9999,-9999,13,-9999,0,-9999
7201,2017,10,28,2,146,-9999,-9999,-9999,9,-9999,0,-9999
7202,2017,10,28,3,144,-9999,-9999,-9999,14,-9999,0,-9999
7203,2017,10,28,4,137,-9999,-9999,-9999,13,-9999,0,-9999
7204,2017,10,28,5,124,-9999,-9999,-9999,7,-9999,0,-9999
7205,2017,10,28,6,103,-9999,-9999,-9999,0,-9999,0,-9999
7206,2017,10,28,7,92,-9999,-9999,-9999,0,-9999,0,-9999
7207,2017,10,28,8,84,-9999,-9999,-9999,1,-9999,0,-9999
7208,2017,10,28,9,83,-9999,-9999,-9999,0,-9999,0,-9999
7209,2017,10,28,10,83,-9999,-9999,-9999,0,-9999,0,-9999
7210,2017,10,28,11,84,-9999,-9999,-9999,0,-9999,0,-9999
7211,2017,10,28,12,123,-9999,-9999,-9999,0,-9999,0,-9999
7212,2017,10,28,13,165,-9999,-9999,-9999,3,-9999,0,-9999
7213,2017,10,28,14,187,-9999,-9999,-9999,18,-9999,0,-9999
7214,2017,10,28,15,200,-9999,-9999,-9999,26,-9999,0,-9999
7215,2017,10,28,16,208,-9999,-9999,-9999,31,-9999,0,-9999
7216,2017,10,28,17,209,-9999,-9999,-9999,31,-9999,0,-9999
7217,2017,10,28,18,212,-9999,-9999,-9999,33,-9999,0,-9999
7218,2017,10,28,19,211,-9999,-9999,-9999,30,-9999,0,-9999
7219,2017,10,28,20,205,-9999,-9999,-9999,35,-9999,0,-9999
7220,2017,10,28,21,194,-9999,-9999,-9999,30,-9999,0,-9999
7221,2017,10,28,22,187,-9999,-9999,-9999,20,-9999,0,-9999
7222,2017,10,28,23,185,-9999,-9999,-9999,13,-9999,0,-9999
7223,2017,10,29,0,188,-9999,-9999,-9999,16,-9999,0,-9999
7224,2017,10,29,1,185,-9999,-9999,-9999,25,-9999,0,-9999
7225,2017,10,29,2,185,-9999,-9999,-9999,21,-9999,0,-9999
7226,2017,10,29,3,187,-9999,-9999,-9999,14,-9999,0,-9999
7227,2017,10,29,4,186,-9999,-9999,-9999,16,-9999,0,-9999
7228,2017,10,29,5,191,-9999,-9999,-9999,11,-9999,0,-9999
7229,2017,10,29,6,189,-9999,-9999,-9999,10,-9999,0,-9999
7230,2017,10,29,7,187,-9999,-9999,-9999,12,-9999,0,-9999
7231,2017,10,29,8,194,-9999,-9999,-9999,19,-9999,0,-9999
7232,2017,10,29,9,195,-9999,-9999,-9999,17,-9999,0,-9999
7233,2017,10,29,10,192,-9999,-9999,-9999,17,-9999,35,-9999
7234,2017,10,29,11,195,-9999,-9999,-9999,29,-9999,42,-9999
7235,2017,10,29,12,191,-9999,-9999,-9999,36,-9999,146,-9999
7236,2017,10,29,13,186,-9999,-9999,-9999,25,-9999,3,-9999
7237,2017,10,29,14,188,-9999,-9999,-9999,32,-9999,15,-9999
7238,2017,10,29,15,182,-9999,-9999,-9999,23,-9999,7,-9999
7239,2017,10,29,16,186,-9999,-9999,-9999,23,-9999,12,-9999
7240,2017,10,29,17,185,-9999,-9999,-9999,15,-9999,14,-9999
7241,2017,10,29,18,184,-9999,-9999,-9999,3,-9999,39,-9999
7242,2017,10,29,19,178,-9999,-9999,-9999,7,-9999,63,-9999
7243,2017,10,29,20,151,-9999,-9999,-9999,26,-9999,36,-9999
7244,2017,10,29,21,151,-9999,-9999,-9999,33,-9999,76,-9999
7245,2017,10,29,22,155,-9999,-9999,-9999,22,-9999,80,-9999
7246,2017,10,29,23,163,-9999,-9999,-9999,16,-9999,24,-9999
7247,2017,10,30,0,160,-9999,-9999,-9999,17,-9999,6,-9999
7248,2017,10,30,1,160,-9999,-9999,-9999,4,-9999,0,-9999
7249,2017,10,30,2,165,-9999,-9999,-9999,23,-9999,13,-9999
7250,2017,10,30,3,122,-9999,-9999,-9999,49,-9999,21,-9999
7251,2017,10,30,4,107,-9999,-9999,-9999,43,-9999,3,-9999
7252,2017,10,30,5,103,-9999,-9999,-9999,57,-9999,0,-9999
7253,2017,10,30,6,100,-9999,-9999,-9999,44,-9999,0,-9999
7254,2017,10,30,7,94,-9999,-9999,-9999,47,-9999,0,-9999
7255,2017,10,30,8,93,-9999,-9999,-9999,48,-9999,0,-9999
7256,2017,10,30,9,91,-9999,-9999,-9999,49,-9999,0,-9999
7257,2017,10,30,10,91,-9999,-9999,-9999,53,-9999,0,-9999
7258,2017,10,30,11,91,-9999,-9999,-9999,41,-9999,0,-9999
7259,2017,10,30,12,97,-9999,-9999,-9999,35,-9999,0,-9999
7260,2017,10,30,13,103,-9999,-9999,-9999,31,-9999,0,-9999
7261,2017,10,30,14,109,-9999,-9999,-9999,31,-9999,0,-9999
7262,2017,10,30,15,114,-9999,-9999,-9999,35,-9999,0,-9999
7263,2017,10,30,16,124,-9999,-9999,-9999,33,-9999,0,-9999
7264,2017,10,30,17,128,-9999,-9999,-9999,32,-9999,0,-9999
7265,2017,10,30,18,130,-9999,-9999,-9999,28,-9999,0,-9999
7266,2017,10,30,19,131,-9999,-9999,-9999,32,-9999,0,-9999
7267,2017,10,30,20,134,-9999,-9999,-9999,27,-9999,0,-9999
7268,2017,10,30,21,131,-9999,-9999,-9999,19,-9999,0,-9999
7269,2017,10,30,22,118,-9999,-9999,-9999,13,-9999,0,-9999
7270,2017,10,30,23,111,-9999,-9999,-9999,10,-9999,0,-9999
7271,2017,10,31,0,111,-9999,-9999,-9999,7,-9999,0,-9999
7272,2017,10,31,1,114,-9999,-9999,-9999,11,-9999,0,-9999
7273,2017,10,31,2,119,-9999,-9999,-9999,15,-9999,0,-9999
7274,2017,10,31,3,117,-9999,-9999,-9999,16,-9999,0,-9999
7275,2017,10,31,4,123,-9999,-9999,-9999,17,-9999,0,-9999
7276,2017,10,31,5,121,-9999,-9999,-9999,18,-9999,0,-9999
7277,2017,10,31,6,124,-9999,-9999,-9999,15,-9999,0,-9999
7278,2017,10,31,7,127,-9999,-9999,-9999,18,-9999,0,-9999
7279,2017,10,31,8,126,-9999,-9999,-9999,18,-9999,0,-9999
7280,2017,10,31,9,125,-9999,-9999,-9999,13,-9999,0,-9999
7281,2017,10,31,10,117,-9999,-9999,-9999,12,-9999,0,-9999
7282,2017,10,31,11,111,-9999,-9999,-9999,7,-9999,0,-9999
7283,2017,10,31,12,114,-9999,-9999,-9999,5,-9999,0,-9999
7284,2017,10,31,13,134,-9999,-9999,-9999,12,-9999,0,-9999
7285,2017,10,31,14,140,-9999,-9999,-9999,21,-9999,0,-9999
7286,2017,10,31,15,148,-9999,-9999,-9999,20,-9999,0,-9999
7287,2017,10,31,16,161,-9999,-9999,-9999,20,-9999,0,-9999
7288,2017,10,31,17,174,-9999,-9999,-9999,18,-9999,0,-9999
7289,2017,10,31,18,186,-9999,-9999,-9999,17,-9999,0,-9999
7290,2017,10,31,19,184,-9999,-9999,-9999,20,-9999,0,-9999
7291,2017,10,31,20,183,-9999,-9999,-9999,18,-9999,0,-9999
7292,2017,10,31,21,175,-9999,-9999,-9999,15,-9999,0,-9999
7293,2017,10,31,22,141,-9999,-9999,-9999,11,-9999,0,-9999
7294,2017,10,31,23,118,-9999,-9999,-9999,6,-9999,0,-9999
7295,2017,11,1,0,134,-9999,-9999,-9999,7,-9999,0,-9999
7296,2017,11,1,1,139,-9999,-9999,-9999,14,-9999,0,-9999
7297,2017,11,1,2,136,-9999,-9999,-9999,16,-9999,0,-9999
7298,2017,11,1,3,134,-9999,-9999,-9999,14,-9999,0,-9999
7299,2017,11,1,4,129,-9999,-9999,-9999,19,-9999,0,-9999
7300,2017,11,1,5,123,-9999,-9999,-9999,10,-9999,0,-9999
7301,2017,11,1,6,128,-9999,-9999,-9999,2,-9999,0,-9999
7302,2017,11,1,7,140,-9999,-9999,-9999,1,-9999,0,-9999
7303,2017,11,1,8,147,-9999,-9999,-9999,7,-9999,0,-9999
7304,2017,11,1,9,154,-9999,-9999,-9999,13,-9999,0,-9999
7305,2017,11,1,10,160,-9999,-9999,-9999,26,-9999,0,-9999
7306,2017,11,1,11,160,-9999,-9999,-9999,32,-9999,0,-9999
7307,2017,11,1,12,161,-9999,-9999,-9999,32,-9999,0,-9999
7308,2017,11,1,13,172,-9999,-9999,-9999,29,-9999,0,-9999
7309,2017,11,1,14,182,-9999,-9999,-9999,35,-9999,0,-9999
7310,2017,11,1,15,183,-9999,-9999,-9999,35,-9999,0,-9999
7311,2017,11,1,16,198,-9999,-9999,-9999,25,-9999,0,-9999
7312,2017,11,1,17,204,-9999,-9999,-9999,28,-9999,0,-9999
7313,2017,11,1,18,209,-9999,-9999,-9999,28,-9999,0,-9999
7314,2017,11,1,19,207,-9999,-9999,-9999,26,-9999,0,-9999
7315,2017,11,1,20,199,-9999,-9999,-9999,21,-9999,0,-9999
7316,2017,11,1,21,190,-9999,-9999,-9999,18,-9999,0,-9999
7317,2017,11,1,22,180,-9999,-9999,-9999,14,-9999,0,-9999
7318,2017,11,1,23,157,-9999,-9999,-9999,1,-9999,0,-9999
7319,2017,11,2,0,159,-9999,-9999,-9999,0,-9999,0,-9999
7320,2017,11,2,1,159,-9999,-9999,-9999,0,-9999,0,-9999
7321,2017,11,2,2,165,-9999,-9999,-9999,3,-9999,0,-9999
7322,2017,11,2,3,169,-9999,-9999,-9999,10,-9999,0,-9999
7323,2017,11,2,4,168,-9999,-9999,-9999,11,-9999,0,-9999
7324,2017,11,2,5,169,-9999,-9999,-9999,4,-9999,0,-9999
7325,2017,11,2,6,165,-9999,-9999,-9999,1,-9999,0,-9999
7326,2017,11,2,7,155,-9999,-9999,-9999,0,-9999,0,-9999
7327,2017,11,2,8,163,-9999,-9999,-9999,0,-9999,0,-9999
7328,2017,11,2,9,157,-9999,-9999,-9999,0,-9999,0,-9999
7329,2017,11,2,10,162,-9999,-9999,-9999,0,-9999,0,-9999
7330,2017,11,2,11,150,-9999,-9999,-9999,0,-9999,0,-9999
7331,2017,11,2,12,154,-9999,-9999,-9999,2,-9999,0,-9999
7332,2017,11,2,13,168,-9999,-9999,-9999,0,-9999,0,-9999
7333,2017,11,2,14,183,-9999,-9999,-9999,2,-9999,0,-9999
7334,2017,11,2,15,204,-9999,-9999,-9999,9,-9999,0,-9999
7335,2017,11,2,16,226,-9999,-9999,-9999,14,-9999,0,-9999
7336,2017,11,2,17,231,-9999,-9999,-9999,21,-9999,0,-9999
7337,2017,11,2,18,233,-9999,-9999,-9999,30,-9999,0,-9999
7338,2017,11,2,19,229,-9999,-9999,-9999,30,-9999,0,-9999
7339,2017,11,2,20,226,-9999,-9999,-9999,25,-9999,0,-9999
7340,2017,11,2,21,219,-9999,-9999,-9999,17,-9999,0,-9999
7341,2017,11,2,22,187,-9999,-9999,-9999,9,-9999,0,-9999
7342,2017,11,2,23,174,-9999,-9999,-9999,0,-9999,0,-9999
7343,2017,11,3,0,168,-9999,-9999,-9999,0,-9999,0,-9999
7344,2017,11,3,1,170,-9999,-9999,-9999,0,-9999,0,-9999
7345,2017,11,3,2,170,-9999,-9999,-9999,0,-9999,0,-9999
7346,2017,11,3,3,162,-9999,-9999,-9999,0,-9999,0,-9999
7347,2017,11,3,4,155,-9999,-9999,-9999,2,-9999,0,-9999
7348,2017,11,3,5,147,-9999,-9999,-9999,0,-9999,0,-9999
7349,2017,11,3,6,143,-9999,-9999,-9999,0,-9999,0,-9999
7350,2017,11,3,7,138,-9999,-9999,-9999,1,-9999,0,-9999
7351,2017,11,3,8,138,-9999,-9999,-9999,0,-9999,0,-9999
7352,2017,11,3,9,149,-9999,-9999,-9999,2,-9999,0,-9999
7353,2017,11,3,10,154,-9999,-9999,-9999,5,-9999,0,-9999
7354,2017,11,3,11,161,-9999,-9999,-9999,5,-9999,0,-9999
7355,2017,11,3,12,166,-9999,-9999,-9999,6,-9999,0,-9999
7356,2017,11,3,13,182,-9999,-9999,-9999,2,-9999,0,-9999
7357,2017,11,3,14,206,-9999,-9999,-9999,7,-9999,0,-9999
7358,2017,11,3,15,223,-9999,-9999,-9999,14,-9999,0,-9999
7359,2017,11,3,16,239,-9999,-9999,-9999,15,-9999,0,-9999
7360,2017,11,3,17,241,-9999,-9999,-9999,21,-9999,0,-9999
7361,2017,11,3,18,248,-9999,-9999,-9999,22,-9999,0,-9999
7362,2017,11,3,19,243,-9999,-9999,-9999,25,-9999,0,-9999
7363,2017,11,3,20,237,-9999,-9999,-9999,18,-9999,0,-9999
7364,2017,11,3,21,223,-9999,-9999,-9999,15,-9999,0,-9999
7365,2017,11,3,22,204,-9999,-9999,-9999,6,-9999,0,-9999
7366,2017,11,3,23,194,-9999,-9999,-9999,5,-9999,0,-9999
7367,2017,11,4,0,189,-9999,-9999,-9999,2,-9999,0,-9999
7368,2017,11,4,1,178,-9999,-9999,-9999,1,-9999,0,-9999
7369,2017,11,4,2,170,-9999,-9999,-9999,1,-9999,0,-9999
7370,2017,11,4,3,167,-9999,-9999,-9999,1,-9999,0,-9999
7371,2017,11,4,4,192,-9999,-9999,-9999,13,-9999,0,-9999
7372,2017,11,4,5,200,-9999,-9999,-9999,23,-9999,0,-9999
7373,2017,11,4,6,189,-9999,-9999,-9999,25,-9999,0,-9999
7374,2017,11,4,7,179,-9999,-9999,-9999,26,-9999,0,-9999
7375,2017,11,4,8,162,-9999,-9999,-9999,37,-9999,0,-9999
7376,2017,11,4,9,145,-9999,-9999,-9999,39,-9999,0,-9999
7377,2017,11,4,10,139,-9999,-9999,-9999,30,-9999,0,-9999
7378,2017,11,4,11,132,-9999,-9999,-9999,29,-9999,0,-9999
7379,2017,11,4,12,130,-9999,-9999,-9999,25,-9999,0,-9999
7380,2017,11,4,13,130,-9999,-9999,-9999,27,-9999,0,-9999
7381,2017,11,4,14,140,-9999,-9999,-9999,28,-9999,0,-9999
7382,2017,11,4,15,157,-9999,-9999,-9999,34,-9999,0,-9999
7383,2017,11,4,16,171,-9999,-9999,-9999,40,-9999,0,-9999
7384,2017,11,4,17,168,-9999,-9999,-9999,41,-9999,0,-9999
7385,2017,11,4,18,169,-9999,-9999,-9999,37,-9999,0,-9999
7386,2017,11,4,19,167,-9999,-9999,-9999,32,-9999,0,-9999
7387,2017,11,4,20,165,-9999,-9999,-9999,28,-9999,0,-9999
7388,2017,11,4,21,166,-9999,-9999,-9999,31,-9999,0,-9999
7389,2017,11,4,22,166,-9999,-9999,-9999,34,-9999,0,-9999
7390,2017,11,4,23,167,-9999,-9999,-9999,36,-9999,0,-9999
7391,2017,11,5,0,170,-9999,-9999,-9999,37,-9999,0,-9999
7392,2017,11,5,1,170,-9999,-9999,-9999,38,-9999,0,-9999
7393,2017,11,5,2,173,-9999,-9999,-9999,39,-9999,0,-9999
7394,2017,11,5,3,173,-9999,-9999,-9999,28,-9999,0,-9999
7395,2017,11,5,4,172,-9999,-9999,-9999,23,-9999,0,-9999
7396,2017,11,5,5,172,-9999,-9999,-9999,21,-9999,0,-9999
7397,2017,11,5,6,171,-9999,-9999,-9999,15,-9999,0,-9999
7398,2017,11,5,7,169,-9999,-9999,-9999,9,-9999,0,-9999
7399,2017,11,5,8,167,-9999,-9999,-9999,10,-9999,0,-9999
7400,2017,11,5,9,169,-9999,-9999,-9999,11,-9999,0,-9999
7401,2017,11,5,10,170,-9999,-9999,-9999,11,-9999,0,-9999
7402,2017,11,5,11,170,-9999,-9999,-9999,12,-9999,0,-9999
7403,2017,11,5,12,170,-9999,-9999,-9999,13,-9999,0,-9999
7404,2017,11,5,13,182,-9999,-9999,-9999,17,-9999,0,-9999
7405,2017,11,5,14,186,-9999,-9999,-9999,19,-9999,0,-9999
7406,2017,11,5,15,194,-9999,-9999,-9999,18,-9999,0,-9999
7407,2017,11,5,16,193,-9999,-9999,-9999,21,-9999,0,-9999
7408,2017,11,5,17,199,-9999,-9999,-9999,20,-9999,0,-9999
7409,2017,11,5,18,200,-9999,-9999,-9999,21,-9999,0,-9999
7410,2017,11,5,19,199,-9999,-9999,-9999,21,-9999,0,-9999
7411,2017,11,5,20,194,-9999,-9999,-9999,16,-9999,0,-9999
7412,2017,11,5,21,189,-9999,-9999,-9999,10,-9999,0,-9999
7413,2017,11,5,22,183,-9999,-9999,-9999,11,-9999,0,-9999
7414,2017,11,5,23,168,-9999,-9999,-9999,0,-9999,0,-9999
7415,2017,11,6,0,172,-9999,-9999,-9999,2,-9999,0,-9999
7416,2017,11,6,1,176,-9999,-9999,-9999,12,-9999,0,-9999
7417,2017,11,6,2,171,-9999,-9999,-9999,4,-9999,0,-9999
7418,2017,11,6,3,178,-9999,-9999,-9999,9,-9999,0,-9999
7419,2017,11,6,4,175,-9999,-9999,-9999,11,-9999,0,-9999
7420,2017,11,6,5,158,-9999,-9999,-9999,0,-9999,0,-9999
7421,2017,11,6,6,164,-9999,-9999,-9999,1,-9999,0,-9999
7422,2017,11,6,7,152,-9999,-9999,-9999,1,-9999,0,-9999
7423,2017,11,6,8,168,-9999,-9999,-9999,3,-9999,0,-9999
7424,2017,11,6,9,170,-9999,-9999,-9999,2,-9999,0,-9999
7425,2017,11,6,10,171,-9999,-9999,-9999,11,-9999,0,-9999
7426,2017,11,6,11,171,-9999,-9999,-9999,4,-9999,0,-9999
7427,2017,11,6,12,171,-9999,-9999,-9999,9,-9999,0,-9999
7428,2017,11,6,13,179,-9999,-9999,-9999,16,-9999,0,-9999
7429,2017,11,6,14,184,-9999,-9999,-9999,21,-9999,0,-9999
7430,2017,11,6,15,192,-9999,-9999,-9999,32,-9999,0,-9999
7431,2017,11,6,16,201,-9999,-9999,-9999,33,-9999,0,-9999
7432,2017,11,6,17,214,-9999,-9999,-9999,32,-9999,0,-9999
7433,2017,11,6,18,220,-9999,-9999,-9999,30,-9999,0,-9999
7434,2017,11,6,19,224,-9999,-9999,-9999,24,-9999,0,-9999
7435,2017,11,6,20,233,-9999,-9999,-9999,25,-9999,0,-9999
7436,2017,11,6,21,224,-9999,-9999,-9999,21,-9999,0,-9999
7437,2017,11,6,22,218,-9999,-9999,-9999,13,-9999,0,-9999
7438,2017,11,6,23,216,-9999,-9999,-9999,7,-9999,0,-9999
7439,2017,11,7,0,203,-9999,-9999,-9999,3,-9999,0,-9999
7440,2017,11,7,1,188,-9999,-9999,-9999,3,-9999,0,-9999
7441,2017,11,7,2,181,-9999,-9999,-9999,2,-9999,0,-9999
7442,2017,11,7,3,184,-9999,-9999,-9999,2,-9999,0,-9999
7443,2017,11,7,4,192,-9999,-9999,-9999,13,-9999,0,-9999
7444,2017,11,7,5,184,-9999,-9999,-9999,23,-9999,0,-9999
7445,2017,11,7,6,176,-9999,-9999,-9999,25,-9999,0,-9999
7446,2017,11,7,7,168,-9999,-9999,-9999,24,-9999,0,-9999
7447,2017,11,7,8,168,-9999,-9999,-9999,25,-9999,0,-9999
7448,2017,11,7,9,158,-9999,-9999,-9999,23,-9999,0,-9999
7449,2017,11,7,10,146,-9999,-9999,-9999,31,-9999,0,-9999
7450,2017,11,7,11,135,-9999,-9999,-9999,32,-9999,0,-9999
7451,2017,11,7,12,119,-9999,-9999,-9999,31,-9999,0,-9999
7452,2017,11,7,13,118,-9999,-9999,-9999,24,-9999,0,-9999
7453,2017,11,7,14,116,-9999,-9999,-9999,27,-9999,0,-9999
7454,2017,11,7,15,120,-9999,-9999,-9999,25,-9999,0,-9999
7455,2017,11,7,16,129,-9999,-9999,-9999,21,-9999,0,-9999
7456,2017,11,7,17,125,-9999,-9999,-9999,23,-9999,0,-9999
7457,2017,11,7,18,123,-9999,-9999,-9999,24,-9999,0,-9999
7458,2017,11,7,19,132,-9999,-9999,-9999,23,-9999,0,-9999
7459,2017,11,7,20,124,-9999,-9999,-9999,27,-9999,0,-9999
7460,2017,11,7,21,113,-9999,-9999,-9999,25,-9999,0,-9999
7461,2017,11,7,22,107,-9999,-9999,-9999,31,-9999,0,-9999
7462,2017,11,7,23,105,-9999,-9999,-9999,37,-9999,0,-9999
7463,2017,11,8,0,100,-9999,-9999,-9999,43,-9999,3,-9999
7464,2017,11,8,1,98,-9999,-9999,-9999,39,-9999,0,-9999
7465,2017,11,8,2,96,-9999,-9999,-9999,45,-9999,0,-9999
7466,2017,11,8,3,95,-9999,-9999,-9999,45,-9999,0,-9999
7467,2017,11,8,4,92,-9999,-9999,-9999,38,-9999,0,-9999
7468,2017,11,8,5,94,-9999,-9999,-9999,32,-9999,3,-9999
7469,2017,11,8,6,93,-9999,-9999,-9999,41,-9999,4,-9999
7470,2017,11,8,7,88,-9999,-9999,-9999,41,-9999,0,-9999
7471,2017,11,8,8,89,-9999,-9999,-9999,40,-9999,0,-9999
7472,2017,11,8,9,89,-9999,-9999,-9999,31,-9999,0,-9999
7473,2017,11,8,10,89,-9999,-9999,-9999,29,-9999,0,-9999
7474,2017,11,8,11,92,-9999,-9999,-9999,30,-9999,0,-9999
7475,2017,11,8,12,93,-9999,-9999,-9999,38,-9999,0,-9999
7476,2017,11,8,13,91,-9999,-9999,-9999,41,-9999,0,-9999
7477,2017,11,8,14,90,-9999,-9999,-9999,34,-9999,0,-9999
7478,2017,11,8,15,89,-9999,-9999,-9999,36,-9999,0,-9999
7479,2017,11,8,16,87,-9999,-9999,-9999,34,-9999,6,-9999
7480,2017,11,8,17,89,-9999,-9999,-9999,32,-9999,10,-9999
7481,2017,11,8,18,95,-9999,-9999,-9999,29,-9999,12,-9999
7482,2017,11,8,19,100,-9999,-9999,-9999,34,-9999,3,-9999
7483,2017,11,8,20,102,-9999,-9999,-9999,34,-9999,2,-9999
7484,2017,11,8,21,102,-9999,-9999,-9999,34,-9999,0,-9999
7485,2017,11,8,22,101,-9999,-9999,-9999,30,-9999,0,-9999
7486,2017,11,8,23,102,-9999,-9999,-9999,35,-9999,0,-9999
7487,2017,11,9,0,101,-9999,-9999,-9999,33,-9999,0,-9999
7488,2017,11,9,1,103,-9999,-9999,-9999,31,-9999,0,-9999
7489,2017,11,9,2,101,-9999,-9999,-9999,31,-9999,0,-9999
7490,2017,11,9,3,102,-9999,-9999,-9999,31,-9999,0,-9999
7491,2017,11,9,4,103,-9999,-9999,-9999,26,-9999,0,-9999
7492,2017,11,9,5,105,-9999,-9999,-9999,29,-9999,0,-9999
7493,2017,11,9,6,105,-9999,-9999,-9999,26,-9999,0,-9999
7494,2017,11,9,7,105,-9999,-9999,-9999,25,-9999,0,-9999
7495,2017,11,9,8,108,-9999,-9999,-9999,24,-9999,0,-9999
7496,2017,11,9,9,112,-9999,-9999,-9999,28,-9999,0,-9999
7497,2017,11,9,10,115,-9999,-9999,-9999,28,-9999,0,-9999
7498,2017,11,9,11,117,-9999,-9999,-9999,28,-9999,5,-9999
7499,2017,11,9,12,123,-9999,-9999,-9999,28,-9999,5,-9999
7500,2017,11,9,13,130,-9999,-9999,-9999,26,-9999,3,-9999
7501,2017,11,9,14,142,-9999,-9999,-9999,31,-9999,3,-9999
7502,2017,11,9,15,146,-9999,-9999,-9999,33,-9999,0,-9999
7503,2017,11,9,16,149,-9999,-9999,-9999,39,-9999,0,-9999
7504,2017,11,9,17,152,-9999,-9999,-9999,35,-9999,0,-9999
7505,2017,11,9,18,154,-9999,-9999,-9999,30,-9999,0,-9999
7506,2017,11,9,19,147,-9999,-9999,-9999,29,-9999,0,-9999
7507,2017,11,9,20,149,-9999,-9999,-9999,24,-9999,0,-9999
7508,2017,11,9,21,145,-9999,-9999,-9999,19,-9999,0,-9999
7509,2017,11,9,22,143,-9999,-9999,-9999,15,-9999,0,-9999
7510,2017,11,9,23,142,-9999,-9999,-9999,17,-9999,0,-9999
7511,2017,11,10,0,139,-9999,-9999,-9999,15,-9999,0,-9999
7512,2017,11,10,1,135,-9999,-9999,-9999,16,-9999,0,-9999
7513,2017,11,10,2,126,-9999,-9999,-9999,15,-9999,0,-9999
7514,2017,11,10,3,112,-9999,-9999,-9999,9,-9999,0,-9999
7515,2017,11,10,4,115,-9999,-9999,-9999,3,-9999,0,-9999
7516,2017,11,10,5,116,-9999,-9999,-9999,7,-9999,0,-9999
7517,2017,11,10,6,115,-9999,-9999,-9999,0,-9999,0,-9999
7518,2017,11,10,7,119,-9999,-9999,-9999,4,-9999,0,-9999
7519,2017,11,10,8,132,-9999,-9999,-9999,17,-9999,0,-9999
7520,2017,11,10,9,126,-9999,-9999,-9999,31,-9999,4,-9999
7521,2017,11,10,10,122,-9999,-9999,-9999,33,-9999,0,-9999
7522,2017,11,10,11,117,-9999,-9999,-9999,35,-9999,0,-9999
7523,2017,11,10,12,109,-9999,-9999,-9999,33,-9999,0,-9999
7524,2017,11,10,13,117,-9999,-9999,-9999,50,-9999,0,-9999
7525,2017,11,10,14,122,-9999,-9999,-9999,62,-9999,0,-9999
7526,2017,11,10,15,117,-9999,-9999,-9999,66,-9999,0,-9999
7527,2017,11,10,16,109,-9999,-9999,-9999,70,-9999,0,-9999
7528,2017,11,10,17,99,-9999,-9999,-9999,76,-9999,0,-9999
7529,2017,11,10,18,101,-9999,-9999,-9999,76,-9999,0,-9999
7530,2017,11,10,19,89,-9999,-9999,-9999,73,-9999,0,-9999
7531,2017,11,10,20,81,-9999,-9999,-9999,70,-9999,0,-9999
7532,2017,11,10,21,65,-9999,-9999,-9999,60,-9999,0,-9999
7533,2017,11,10,22,52,-9999,-9999,-9999,53,-9999,0,-9999
7534,2017,11,10,23,50,-9999,-9999,-9999,45,-9999,0,-9999
7535,2017,11,11,0,40,-9999,-9999,-9999,38,-9999,0,-9999
7536,2017,11,11,1,33,-9999,-9999,-9999,38,-9999,0,-9999
7537,2017,11,11,2,26,-9999,-9999,-9999,43,-9999,0,-9999
7538,2017,11,11,3,16,-9999,-9999,-9999,40,-9999,0,-9999
7539,2017,11,11,4,9,-9999,-9999,-9999,34,-9999,0,-9999
7540,2017,11,11,5,6,-9999,-9999,-9999,34,-9999,0,-9999
7541,2017,11,11,6,4,-9999,-9999,-9999,37,-9999,0,-9999
7542,2017,11,11,7,-2,-9999,-9999,-9999,36,-9999,0,-9999
7543,2017,11,11,8,-10,-9999,-9999,-9999,33,-9999,0,-9999
7544,2017,11,11,9,-17,-9999,-9999,-9999,28,-9999,0,-9999
7545,2017,11,11,10,-20,-9999,-9999,-9999,30,-9999,0,-9999
7546,2017,11,11,11,-22,-9999,-9999,-9999,28,-9999,0,-9999
7547,2017,11,11,12,-23,-9999,-9999,-9999,26,-9999,0,-9999
7548,2017,11,11,13,-10,-9999,-9999,-9999,26,-9999,0,-9999
7549,2017,11,11,14,4,-9999,-9999,-9999,32,-9999,0,-9999
7550,2017,11,11,15,18,-9999,-9999,-9999,31,-9999,0,-9999
7551,2017,11,11,16,29,-9999,-9999,-9999,27,-9999,0,-9999
7552,2017,11,11,17,32,-9999,-9999,-9999,22,-9999,0,-9999
7553,2017,11,11,18,39,-9999,-9999,-9999,23,-9999,0,-9999
7554,2017,11,11,19,37,-9999,-9999,-9999,24,-9999,0,-9999
7555,2017,11,11,20,35,-9999,-9999,-9999,21,-9999,0,-9999
7556,2017,11,11,21,28,-9999,-9999,-9999,22,-9999,0,-9999
7557,2017,11,11,22,13,-9999,-9999,-9999,20,-9999,0,-9999
7558,2017,11,11,23,8,-9999,-9999,-9999,12,-9999,0,-9999
7559,2017,11,12,0,-2,-9999,-9999,-9999,4,-9999,0,-9999
7560,2017,11,12,1,2,-9999,-9999,-9999,8,-9999,0,-9999
7561,2017,11,12,2,-5,-9999,-9999,-9999,13,-9999,0,-9999
7562,2017,11,12,3,-4,-9999,-9999,-9999,11,-9999,0,-9999
7563,2017,11,12,4,-6,-9999,-9999,-9999,10,-9999,0,-9999
7564,2017,11,12,5,5,-9999,-9999,-9999,14,-9999,0,-9999
7565,2017,11,12,6,5,-9999,-9999,-9999,14,-9999,0,-9999
7566,2017,11,12,7,6,-9999,-9999,-9999,9,-9999,0,-9999
7567,2017,11,12,8,2,-9999,-9999,-9999,5,-9999,0,-9999
7568,2017,11,12,9,8,-9999,-9999,-9999,1,-9999,0,-9999
7569,2017,11,12,10,24,-9999,-9999,-9999,5,-9999,0,-9999
7570,2017,11,12,11,31,-9999,-9999,-9999,5,-9999,0,-9999
7571,2017,11,12,12,40,-9999,-9999,-9999,6,-9999,0,-9999
7572,2017,11,12,13,52,-9999,-9999,-9999,11,-9999,0,-9999
7573,2017,11,12,14,62,-9999,-9999,-9999,19,-9999,0,-9999
7574,2017,11,12,15,74,-9999,-9999,-9999,16,-9999,0,-9999
7575,2017,11,12,16,81,-9999,-9999,-9999,20,-9999,0,-9999
7576,2017,11,12,17,88,-9999,-9999,-9999,21,-9999,0,-9999
7577,2017,11,12,18,90,-9999,-9999,-9999,19,-9999,0,-9999
7578,2017,11,12,19,90,-9999,-9999,-9999,16,-9999,0,-9999
7579,2017,11,12,20,88,-9999,-9999,-9999,13,-9999,0,-9999
7580,2017,11,12,21,87,-9999,-9999,-9999,7,-9999,0,-9999
7581,2017,11,12,22,82,-9999,-9999,-9999,11,-9999,0,-9999
7582,2017,11,12,23,76,-9999,-9999,-9999,7,-9999,0,-9999
7583,2017,11,13,0,75,-9999,-9999,-9999,4,-9999,0,-9999
7584,2017,11,13,1,71,-9999,-9999,-9999,4,-9999,0,-9999
7585,2017,11,13,2,69,-9999,-9999,-9999,9,-9999,0,-9999
7586,2017,11,13,3,73,-9999,-9999,-9999,3,-9999,0,-9999
7587,2017,11,13,4,76,-9999,-9999,-9999,1,-9999,0,-9999
7588,2017,11,13,5,86,-9999,-9999,-9999,12,-9999,0,-9999
7589,2017,11,13,6,84,-9999,-9999,-9999,12,-9999,0,-9999
7590,2017,11,13,7,86,-9999,-9999,-9999,9,-9999,0,-9999
7591,2017,11,13,8,92,-9999,-9999,-9999,15,-9999,0,-9999
7592,2017,11,13,9,87,-9999,-9999,-9999,22,-9999,0,-9999
7593,2017,11,13,10,86,-9999,-9999,-9999,34,-9999,0,-9999
7594,2017,11,13,11,83,-9999,-9999,-9999,42,-9999,12,-9999
7595,2017,11,13,12,82,-9999,-9999,-9999,33,-9999,16,-9999
7596,2017,11,13,13,85,-9999,-9999,-9999,23,-9999,38,-9999
7597,2017,11,13,14,85,-9999,-9999,-9999,18,-9999,28,-9999
7598,2017,11,13,15,93,-9999,-9999,-9999,27,-9999,9,-9999
7599,2017,11,13,16,96,-9999,-9999,-9999,31,-9999,0,-9999
7600,2017,11,13,17,92,-9999,-9999,-9999,38,-9999,0,-9999
7601,2017,11,13,18,88,-9999,-9999,-9999,43,-9999,0,-9999
7602,2017,11,13,19,88,-9999,-9999,-9999,43,-9999,0,-9999
7603,2017,11,13,20,89,-9999,-9999,-9999,43,-9999,0,-9999
7604,2017,11,13,21,85,-9999,-9999,-9999,48,-9999,0,-9999
7605,2017,11,13,22,85,-9999,-9999,-9999,44,-9999,0,-9999
7606,2017,11,13,23,86,-9999,-9999,-9999,37,-9999,0,-9999
7607,2017,11,14,0,85,-9999,-9999,-9999,33,-9999,0,-9999
7608,2017,11,14,1,79,-9999,-9999,-9999,31,-9999,0,-9999
7609,2017,11,14,2,83,-9999,-9999,-9999,29,-9999,0,-9999
7610,2017,11,14,3,87,-9999,-9999,-9999,36,-9999,0,-9999
7611,2017,11,14,4,82,-9999,-9999,-9999,32,-9999,0,-9999
7612,2017,11,14,5,81,-9999,-9999,-9999,27,-9999,0,-9999
7613,2017,11,14,6,81,-9999,-9999,-9999,27,-9999,0,-9999
7614,2017,11,14,7,82,-9999,-9999,-9999,26,-9999,0,-9999
7615,2017,11,14,8,72,-9999,-9999,-9999,26,-9999,0,-9999
7616,2017,11,14,9,75,-9999,-9999,-9999,26,-9999,0,-9999
7617,2017,11,14,10,72,-9999,-9999,-9999,32,-9999,0,-9999
7618,2017,11,14,11,63,-9999,-9999,-9999,26,-9999,0,-9999
7619,2017,11,14,12,60,-9999,-9999,-9999,28,-9999,0,-9999
7620,2017,11,14,13,68,-9999,-9999,-9999,29,-9999,0,-9999
7621,2017,11,14,14,84,-9999,-9999,-9999,32,-9999,0,-9999
7622,2017,11,14,15,90,-9999,-9999,-9999,36,-9999,0,-9999
7623,2017,11,14,16,99,-9999,-9999,-9999,33,-9999,0,-9999
7624,2017,11,14,17,104,-9999,-9999,-9999,32,-9999,0,-9999
7625,2017,11,14,18,101,-9999,-9999,-9999,34,-9999,0,-9999
7626,2017,11,14,19,99,-9999,-9999,-9999,37,-9999,0,-9999
7627,2017,11,14,20,95,-9999,-9999,-9999,45,-9999,0,-9999
7628,2017,11,14,21,90,-9999,-9999,-9999,42,-9999,0,-9999
7629,2017,11,14,22,78,-9999,-9999,-9999,31,-9999,0,-9999
7630,2017,11,14,23,68,-9999,-9999,-9999,21,-9999,0,-9999
7631,2017,11,15,0,68,-9999,-9999,-9999,19,-9999,0,-9999
7632,2017,11,15,1,62,-9999,-9999,-9999,17,-9999,0,-9999
7633,2017,11,15,2,68,-9999,-9999,-9999,21,-9999,0,-9999
7634,2017,11,15,3,65,-9999,-9999,-9999,29,-9999,0,-9999
7635,2017,11,15,4,55,-9999,-9999,-9999,24,-9999,0,-9999
7636,2017,11,15,5,53,-9999,-9999,-9999,20,-9999,0,-9999
7637,2017,11,15,6,60,-9999,-9999,-9999,21,-9999,0,-9999
7638,2017,11,15,7,68,-9999,-9999,-9999,23,-9999,0,-9999
7639,2017,11,15,8,68,-9999,-9999,-9999,27,-9999,0,-9999
7640,2017,11,15,9,70,-9999,-9999,-9999,29,-9999,0,-9999
7641,2017,11,15,10,65,-9999,-9999,-9999,27,-9999,0,-9999
7642,2017,11,15,11,63,-9999,-9999,-9999,31,-9999,0,-9999
7643,2017,11,15,12,65,-9999,-9999,-9999,28,-9999,0,-9999
7644,2017,11,15,13,78,-9999,-9999,-9999,27,-9999,0,-9999
7645,2017,11,15,14,99,-9999,-9999,-9999,29,-9999,0,-9999
7646,2017,11,15,15,110,-9999,-9999,-9999,33,-9999,0,-9999
7647,2017,11,15,16,120,-9999,-9999,-9999,33,-9999,0,-9999
7648,2017,11,15,17,135,-9999,-9999,-9999,34,-9999,0,-9999
7649,2017,11,15,18,136,-9999,-9999,-9999,33,-9999,0,-9999
7650,2017,11,15,19,139,-9999,-9999,-9999,28,-9999,0,-9999
7651,2017,11,15,20,141,-9999,-9999,-9999,26,-9999,0,-9999
7652,2017,11,15,21,130,-9999,-9999,-9999,26,-9999,0,-9999
7653,2017,11,15,22,126,-9999,-9999,-9999,22,-9999,0,-9999
7654,2017,11,15,23,121,-9999,-9999,-9999,20,-9999,0,-9999
7655,2017,11,16,0,116,-9999,-9999,-9999,10,-9999,0,-9999
7656,2017,11,16,1,119,-9999,-9999,-9999,3,-9999,0,-9999
7657,2017,11,16,2,105,-9999,-9999,-9999,1,-9999,0,-9999
7658,2017,11,16,3,115,-9999,-9999,-9999,2,-9999,0,-9999
7659,2017,11,16,4,105,-9999,-9999,-9999,3,-9999,0,-9999
7660,2017,11,16,5,119,-9999,-9999,-9999,12,-9999,0,-9999
7661,2017,11,16,6,114,-9999,-9999,-9999,25,-9999,0,-9999
7662,2017,11,16,7,112,-9999,-9999,-9999,21,-9999,0,-9999
7663,2017,11,16,8,108,-9999,-9999,-9999,39,-9999,0,-9999
7664,2017,11,16,9,107,-9999,-9999,-9999,25,-9999,0,-9999
7665,2017,11,16,10,108,-9999,-9999,-9999,18,-9999,0,-9999
7666,2017,11,16,11,103,-9999,-9999,-9999,16,-9999,0,-9999
7667,2017,11,16,12,95,-9999,-9999,-9999,12,-9999,0,-9999
7668,2017,11,16,13,106,-9999,-9999,-9999,13,-9999,0,-9999
7669,2017,11,16,14,116,-9999,-9999,-9999,22,-9999,0,-9999
7670,2017,11,16,15,123,-9999,-9999,-9999,23,-9999,0,-9999
7671,2017,11,16,16,139,-9999,-9999,-9999,26,-9999,0,-9999
7672,2017,11,16,17,150,-9999,-9999,-9999,25,-9999,0,-9999
7673,2017,11,16,18,157,-9999,-9999,-9999,25,-9999,0,-9999
7674,2017,11,16,19,164,-9999,-9999,-9999,29,-9999,0,-9999
7675,2017,11,16,20,163,-9999,-9999,-9999,24,-9999,0,-9999
7676,2017,11,16,21,157,-9999,-9999,-9999,16,-9999,0,-9999
7677,2017,11,16,22,114,-9999,-9999,-9999,6,-9999,0,-9999
7678,2017,11,16,23,96,-9999,-9999,-9999,3,-9999,0,-9999
7679,2017,11,17,0,80,-9999,-9999,-9999,2,-9999,0,-9999
7680,2017,11,17,1,66,-9999,-9999,-9999,5,-9999,0,-9999
7681,2017,11,17,2,108,-9999,-9999,-9999,25,-9999,0,-9999
7682,2017,11,17,3,103,-9999,-9999,-9999,30,-9999,0,-9999
7683,2017,11,17,4,92,-9999,-9999,-9999,43,-9999,0,-9999
7684,2017,11,17,5,85,-9999,-9999,-9999,42,-9999,0,-9999
7685,2017,11,17,6,80,-9999,-9999,-9999,40,-9999,0,-9999
7686,2017,11,17,7,75,-9999,-9999,-9999,51,-9999,0,-9999
7687,2017,11,17,8,71,-9999,-9999,-9999,52,-9999,0,-9999
7688,2017,11,17,9,67,-9999,-9999,-9999,46,-9999,0,-9999
7689,2017,11,17,10,68,-9999,-9999,-9999,47,-9999,0,-9999
7690,2017,11,17,11,65,-9999,-9999,-9999,46,-9999,0,-9999
7691,2017,11,17,12,62,-9999,-9999,-9999,41,-9999,0,-9999
7692,2017,11,17,13,74,-9999,-9999,-9999,41,-9999,0,-9999
7693,2017,11,17,14,85,-9999,-9999,-9999,43,-9999,0,-9999
7694,2017,11,17,15,90,-9999,-9999,-9999,50,-9999,0,-9999
7695,2017,11,17,16,94,-9999,-9999,-9999,55,-9999,0,-9999
7696,2017,11,17,17,97,-9999,-9999,-9999,50,-9999,0,-9999
7697,2017,11,17,18,101,-9999,-9999,-9999,52,-9999,0,-9999
7698,2017,11,17,19,102,-9999,-9999,-9999,44,-9999,0,-9999
7699,2017,11,17,20,100,-9999,-9999,-9999,34,-9999,0,-9999
7700,2017,11,17,21,97,-9999,-9999,-9999,28,-9999,0,-9999
7701,2017,11,17,22,80,-9999,-9999,-9999,20,-9999,0,-9999
7702,2017,11,17,23,55,-9999,-9999,-9999,4,-9999,0,-9999
7703,2017,11,18,0,36,-9999,-9999,-9999,6,-9999,0,-9999
7704,2017,11,18,1,30,-9999,-9999,-9999,5,-9999,0,-9999
7705,2017,11,18,2,29,-9999,-9999,-9999,6,-9999,0,-9999
7706,2017,11,18,3,26,-9999,-9999,-9999,4,-9999,0,-9999
7707,2017,11,18,4,16,-9999,-9999,-9999,2,-9999,0,-9999
7708,2017,11,18,5,8,-9999,-9999,-9999,6,-9999,0,-9999
7709,2017,11,18,6,41,-9999,-9999,-9999,6,-9999,0,-9999
7710,2017,11,18,7,31,-9999,-9999,-9999,2,-9999,0,-9999
7711,2017,11,18,8,48,-9999,-9999,-9999,9,-9999,0,-9999
7712,2017,11,18,9,52,-9999,-9999,-9999,9,-9999,0,-9999
7713,2017,11,18,10,42,-9999,-9999,-9999,6,-9999,0,-9999
7714,2017,11,18,11,58,-9999,-9999,-9999,11,-9999,0,-9999
7715,2017,11,18,12,60,-9999,-9999,-9999,10,-9999,0,-9999
7716,2017,11,18,13,84,-9999,-9999,-9999,15,-9999,0,-9999
7717,2017,11,18,14,97,-9999,-9999,-9999,27,-9999,0,-9999
7718,2017,11,18,15,115,-9999,-9999,-9999,34,-9999,0,-9999
7719,2017,11,18,16,121,-9999,-9999,-9999,41,-9999,0,-9999
7720,2017,11,18,17,135,-9999,-9999,-9999,40,-9999,0,-9999
7721,2017,11,18,18,150,-9999,-9999,-9999,35,-9999,0,-9999
7722,2017,11,18,19,145,-9999,-9999,-9999,27,-9999,0,-9999
7723,2017,11,18,20,163,-9999,-9999,-9999,29,-9999,0,-9999
7724,2017,11,18,21,162,-9999,-9999,-9999,33,-9999,0,-9999
7725,2017,11,18,22,165,-9999,-9999,-9999,32,-9999,0,-9999
7726,2017,11,18,23,163,-9999,-9999,-9999,30,-9999,0,-9999
7727,2017,11,19,0,164,-9999,-9999,-9999,33,-9999,0,-9999
7728,2017,11,19,1,168,-9999,-9999,-9999,40,-9999,0,-9999
7729,2017,11,19,2,173,-9999,-9999,-9999,41,-9999,0,-9999
7730,2017,11,19,3,169,-9999,-9999,-9999,39,-9999,0,-9999
7731,2017,11,19,4,169,-9999,-9999,-9999,39,-9999,0,-9999
7732,2017,11,19,5,176,-9999,-9999,-9999,42,-9999,0,-9999
7733,2017,11,19,6,177,-9999,-9999,-9999,42,-9999,0,-9999
7734,2017,11,19,7,179,-9999,-9999,-9999,39,-9999,0,-9999
7735,2017,11,19,8,181,-9999,-9999,-9999,42,-9999,0,-9999
7736,2017,11,19,9,180,-9999,-9999,-9999,43,-9999,0,-9999
7737,2017,11,19,10,162,-9999,-9999,-9999,38,-9999,0,-9999
7738,2017,11,19,11,151,-9999,-9999,-9999,32,-9999,12,-9999
7739,2017,11,19,12,155,-9999,-9999,-9999,34,-9999,0,-9999
7740,2017,11,19,13,151,-9999,-9999,-9999,31,-9999,0,-9999
7741,2017,11,19,14,143,-9999,-9999,-9999,57,-9999,0,-9999
7742,2017,11,19,15,142,-9999,-9999,-9999,66,-9999,0,-9999
7743,2017,11,19,16,142,-9999,-9999,-9999,65,-9999,0,-9999
7744,2017,11,19,17,135,-9999,-9999,-9999,63,-9999,0,-9999
7745,2017,11,19,18,140,-9999,-9999,-9999,56,-9999,0,-9999
7746,2017,11,19,19,140,-9999,-9999,-9999,57,-9999,0,-9999
7747,2017,11,19,20,135,-9999,-9999,-9999,54,-9999,0,-9999
7748,2017,11,19,21,125,-9999,-9999,-9999,42,-9999,0,-9999
7749,2017,11,19,22,101,-9999,-9999,-9999,33,-9999,0,-9999
7750,2017,11,19,23,99,-9999,-9999,-9999,34,-9999,0,-9999
7751,2017,11,20,0,98,-9999,-9999,-9999,50,-9999,0,-9999
7752,2017,11,20,1,89,-9999,-9999,-9999,49,-9999,0,-9999
7753,2017,11,20,2,84,-9999,-9999,-9999,46,-9999,0,-9999
7754,2017,11,20,3,80,-9999,-9999,-9999,43,-9999,0,-9999
7755,2017,11,20,4,78,-9999,-9999,-9999,39,-9999,0,-9999
7756,2017,11,20,5,75,-9999,-9999,-9999,34,-9999,0,-9999
7757,2017,11,20,6,73,-9999,-9999,-9999,26,-9999,0,-9999
7758,2017,11,20,7,74,-9999,-9999,-9999,24,-9999,0,-9999
7759,2017,11,20,8,70,-9999,-9999,-9999,23,-9999,0,-9999
7760,2017,11,20,9,61,-9999,-9999,-9999,23,-9999,0,-9999
7761,2017,11,20,10,56,-9999,-9999,-9999,17,-9999,0,-9999
7762,2017,11,20,11,52,-9999,-9999,-9999,27,-9999,0,-9999
7763,2017,11,20,12,49,-9999,-9999,-9999,26,-9999,0,-9999
7764,2017,11,20,13,65,-9999,-9999,-9999,25,-9999,0,-9999
7765,2017,11,20,14,76,-9999,-9999,-9999,30,-9999,0,-9999
7766,2017,11,20,15,81,-9999,-9999,-9999,36,-9999,0,-9999
7767,2017,11,20,16,83,-9999,-9999,-9999,38,-9999,0,-9999
7768,2017,11,20,17,89,-9999,-9999,-9999,30,-9999,0,-9999
7769,2017,11,20,18,92,-9999,-9999,-9999,27,-9999,0,-9999
7770,2017,11,20,19,97,-9999,-9999,-9999,26,-9999,0,-9999
7771,2017,11,20,20,99,-9999,-9999,-9999,23,-9999,0,-9999
7772,2017,11,20,21,97,-9999,-9999,-9999,17,-9999,0,-9999
7773,2017,11,20,22,65,-9999,-9999,-9999,5,-9999,0,-9999
7774,2017,11,20,23,48,-9999,-9999,-9999,1,-9999,0,-9999
7775,2017,11,21,0,47,-9999,-9999,-9999,5,-9999,0,-9999
7776,2017,11,21,1,31,-9999,-9999,-9999,4,-9999,0,-9999
7777,2017,11,21,2,46,-9999,-9999,-9999,4,-9999,0,-9999
7778,2017,11,21,3,45,-9999,-9999,-9999,5,-9999,0,-9999
7779,2017,11,21,4,43,-9999,-9999,-9999,5,-9999,0,-9999
7780,2017,11,21,5,44,-9999,-9999,-9999,2,-9999,0,-9999
7781,2017,11,21,6,62,-9999,-9999,-9999,8,-9999,0,-9999
7782,2017,11,21,7,72,-9999,-9999,-9999,15,-9999,0,-9999
7783,2017,11,21,8,68,-9999,-9999,-9999,10,-9999,0,-9999
7784,2017,11,21,9,74,-9999,-9999,-9999,17,-9999,0,-9999
7785,2017,11,21,10,75,-9999,-9999,-9999,20,-9999,0,-9999
7786,2017,11,21,11,75,-9999,-9999,-9999,18,-9999,0,-9999
7787,2017,11,21,12,73,-9999,-9999,-9999,12,-9999,0,-9999
7788,2017,11,21,13,94,-9999,-9999,-9999,15,-9999,0,-9999
7789,2017,11,21,14,107,-9999,-9999,-9999,28,-9999,0,-9999
7790,2017,11,21,15,115,-9999,-9999,-9999,34,-9999,0,-9999
7791,2017,11,21,16,126,-9999,-9999,-9999,24,-9999,0,-9999
7792,2017,11,21,17,137,-9999,-9999,-9999,27,-9999,0,-9999
7793,2017,11,21,18,159,-9999,-9999,-9999,33,-9999,0,-9999
7794,2017,11,21,19,150,-9999,-9999,-9999,27,-9999,0,-9999
7795,2017,11,21,20,146,-9999,-9999,-9999,26,-9999,0,-9999
7796,2017,11,21,21,138,-9999,-9999,-9999,22,-9999,0,-9999
7797,2017,11,21,22,127,-9999,-9999,-9999,19,-9999,0,-9999
7798,2017,11,21,23,124,-9999,-9999,-9999,17,-9999,0,-9999
7799,2017,11,22,0,129,-9999,-9999,-9999,24,-9999,0,-9999
7800,2017,11,22,1,131,-9999,-9999,-9999,24,-9999,0,-9999
7801,2017,11,22,2,130,-9999,-9999,-9999,19,-9999,0,-9999
7802,2017,11,22,3,129,-9999,-9999,-9999,17,-9999,0,-9999
7803,2017,11,22,4,129,-9999,-9999,-9999,11,-9999,0,-9999
7804,2017,11,22,5,124,-9999,-9999,-9999,7,-9999,0,-9999
7805,2017,11,22,6,135,-9999,-9999,-9999,3,-9999,0,-9999
7806,2017,11,22,7,140,-9999,-9999,-9999,9,-9999,0,-9999
7807,2017,11,22,8,139,-9999,-9999,-9999,13,-9999,0,-9999
7808,2017,11,22,9,147,-9999,-9999,-9999,12,-9999,0,-9999
7809,2017,11,22,10,138,-9999,-9999,-9999,8,-9999,0,-9999
7810,2017,11,22,11,142,-9999,-9999,-9999,10,-9999,0,-9999
7811,2017,11,22,12,154,-9999,-9999,-9999,10,-9999,0,-9999
7812,2017,11,22,13,130,-9999,-9999,-9999,22,-9999,0,-9999
7813,2017,11,22,14,132,-9999,-9999,-9999,33,-9999,5,-9999
7814,2017,11,22,15,139,-9999,-9999,-9999,30,-9999,0,-9999
7815,2017,11,22,16,136,-9999,-9999,-9999,50,-9999,0,-9999
7816,2017,11,22,17,137,-9999,-9999,-9999,54,-9999,0,-9999
7817,2017,11,22,18,147,-9999,-9999,-9999,57,-9999,0,-9999
7818,2017,11,22,19,151,-9999,-9999,-9999,59,-9999,0,-9999
7819,2017,11,22,20,140,-9999,-9999,-9999,63,-9999,0,-9999
7820,2017,11,22,21,125,-9999,-9999,-9999,55,-9999,0,-9999
7821,2017,11,22,22,109,-9999,-9999,-9999,47,-9999,0,-9999
7822,2017,11,22,23,100,-9999,-9999,-9999,39,-9999,0,-9999
7823,2017,11,23,0,93,-9999,-9999,-9999,38,-9999,0,-9999
7824,2017,11,23,1,87,-9999,-9999,-9999,40,-9999,0,-9999
7825,2017,11,23,2,79,-9999,-9999,-9999,40,-9999,0,-9999
7826,2017,11,23,3,74,-9999,-9999,-9999,39,-9999,0,-9999
7827,2017,11,23,4,67,-9999,-9999,-9999,40,-9999,0,-9999
7828,2017,11,23,5,61,-9999,-9999,-9999,40,-9999,0,-9999
7829,2017,11,23,6,56,-9999,-9999,-9999,36,-9999,0,-9999
7830,2017,11,23,7,47,-9999,-9999,-9999,17,-9999,0,-9999
7831,2017,11,23,8,42,-9999,-9999,-9999,11,-9999,0,-9999
7832,2017,11,23,9,40,-9999,-9999,-9999,15,-9999,0,-9999
7833,2017,11,23,10,33,-9999,-9999,-9999,20,-9999,0,-9999
7834,2017,11,23,11,27,-9999,-9999,-9999,21,-9999,0,-9999
7835,2017,11,23,12,23,-9999,-9999,-9999,28,-9999,0,-9999
7836,2017,11,23,13,26,-9999,-9999,-9999,29,-9999,0,-9999
7837,2017,11,23,14,40,-9999,-9999,-9999,29,-9999,0,-9999
7838,2017,11,23,15,49,-9999,-9999,-9999,33,-9999,0,-9999
7839,2017,11,23,16,53,-9999,-9999,-9999,24,-9999,0,-9999
7840,2017,11,23,17,63,-9999,-9999,-9999,21,-9999,0,-9999
7841,2017,11,23,18,59,-9999,-9999,-9999,12,-9999,0,-9999
7842,2017,11,23,19,57,-9999,-9999,-9999,17,-9999,0,-9999
7843,2017,11,23,20,57,-9999,-9999,-9999,18,-9999,0,-9999
7844,2017,11,23,21,51,-9999,-9999,-9999,15,-9999,0,-9999
7845,2017,11,23,22,31,-9999,-9999,-9999,6,-9999,0,-9999
7846,2017,11,23,23,19,-9999,-9999,-9999,0,-9999,0,-9999
7847,2017,11,24,0,6,-9999,-9999,-9999,0,-9999,0,-9999
7848,2017,11,24,1,-4,-9999,-9999,-9999,0,-9999,0,-9999
7849,2017,11,24,2,1,-9999,-9999,-9999,2,-9999,0,-9999
7850,2017,11,24,3,-2,-9999,-9999,-9999,5,-9999,0,-9999
7851,2017,11,24,4,-8,-9999,-9999,-9999,7,-9999,0,-9999
7852,2017,11,24,5,-12,-9999,-9999,-9999,6,-9999,0,-9999
7853,2017,11,24,6,-7,-9999,-9999,-9999,6,-9999,0,-9999
7854,2017,11,24,7,-8,-9999,-9999,-9999,7,-9999,0,-9999
7855,2017,11,24,8,-11,-9999,-9999,-9999,6,-9999,0,-9999
7856,2017,11,24,9,-10,-9999,-9999,-9999,8,-9999,0,-9999
7857,2017,11,24,10,-15,-9999,-9999,-9999,7,-9999,0,-9999
7858,2017,11,24,11,-16,-9999,-9999,-9999,7,-9999,0,-9999
7859,2017,11,24,12,-8,-9999,-9999,-9999,6,-9999,0,-9999
7860,2017,11,24,13,20,-9999,-9999,-9999,4,-9999,0,-9999
7861,2017,11,24,14,67,-9999,-9999,-9999,6,-9999,0,-9999
7862,2017,11,24,15,79,-9999,-9999,-9999,17,-9999,0,-9999
7863,2017,11,24,16,88,-9999,-9999,-9999,19,-9999,0,-9999
7864,2017,11,24,17,92,-9999,-9999,-9999,22,-9999,0,-9999
7865,2017,11,24,18,98,-9999,-9999,-9999,26,-9999,0,-9999
7866,2017,11,24,19,97,-9999,-9999,-9999,26,-9999,0,-9999
7867,2017,11,24,20,96,-9999,-9999,-9999,22,-9999,0,-9999
7868,2017,11,24,21,91,-9999,-9999,-9999,20,-9999,0,-9999
7869,2017,11,24,22,71,-9999,-9999,-9999,10,-9999,0,-9999
7870,2017,11,24,23,45,-9999,-9999,-9999,1,-9999,0,-9999
7871,2017,11,25,0,35,-9999,-9999,-9999,5,-9999,0,-9999
7872,2017,11,25,1,28,-9999,-9999,-9999,0,-9999,0,-9999
7873,2017,11,25,2,26,-9999,-9999,-9999,7,-9999,0,-9999
7874,2017,11,25,3,6,-9999,-9999,-9999,0,-9999,0,-9999
7875,2017,11,25,4,18,-9999,-9999,-9999,8,-9999,0,-9999
7876,2017,11,25,5,26,-9999,-9999,-9999,9,-9999,0,-9999
7877,2017,11,25,6,5,-9999,-9999,-9999,5,-9999,0,-9999
7878,2017,11,25,7,29,-9999,-9999,-9999,8,-9999,0,-9999
7879,2017,11,25,8,31,-9999,-9999,-9999,11,-9999,0,-9999
7880,2017,11,25,9,22,-9999,-9999,-9999,7,-9999,0,-9999
7881,2017,11,25,10,15,-9999,-9999,-9999,1,-9999,0,-9999
7882,2017,11,25,11,32,-9999,-9999,-9999,8,-9999,0,-9999
7883,2017,11,25,12,42,-9999,-9999,-9999,9,-9999,0,-9999
7884,2017,11,25,13,58,-9999,-9999,-9999,4,-9999,0,-9999
7885,2017,11,25,14,97,-9999,-9999,-9999,9,-9999,0,-9999
7886,2017,11,25,15,115,-9999,-9999,-9999,22,-9999,0,-9999
7887,2017,11,25,16,130,-9999,-9999,-9999,25,-9999,0,-9999
7888,2017,11,25,17,139,-9999,-9999,-9999,32,-9999,0,-9999
7889,2017,11,25,18,149,-9999,-9999,-9999,35,-9999,0,-9999
7890,2017,11,25,19,163,-9999,-9999,-9999,37,-9999,0,-9999
7891,2017,11,25,20,158,-9999,-9999,-9999,32,-9999,0,-9999
7892,2017,11,25,21,156,-9999,-9999,-9999,21,-9999,0,-9999
7893,2017,11,25,22,147,-9999,-9999,-9999,17,-9999,0,-9999
7894,2017,11,25,23,150,-9999,-9999,-9999,14,-9999,0,-9999
7895,2017,11,26,0,148,-9999,-9999,-9999,16,-9999,0,-9999
7896,2017,11,26,1,136,-9999,-9999,-9999,12,-9999,0,-9999
7897,2017,11,26,2,136,-9999,-9999,-9999,6,-9999,0,-9999
7898,2017,11,26,3,114,-9999,-9999,-9999,6,-9999,0,-9999
7899,2017,11,26,4,91,-9999,-9999,-9999,8,-9999,0,-9999
7900,2017,11,26,5,77,-9999,-9999,-9999,8,-9999,0,-9999
7901,2017,11,26,6,96,-9999,-9999,-9999,10,-9999,0,-9999
7902,2017,11,26,7,109,-9999,-9999,-9999,25,-9999,0,-9999
7903,2017,11,26,8,103,-9999,-9999,-9999,27,-9999,0,-9999
7904,2017,11,26,9,93,-9999,-9999,-9999,21,-9999,0,-9999
7905,2017,11,26,10,65,-9999,-9999,-9999,3,-9999,0,-9999
7906,2017,11,26,11,50,-9999,-9999,-9999,0,-9999,0,-9999
7907,2017,11,26,12,72,-9999,-9999,-9999,7,-9999,0,-9999
7908,2017,11,26,13,93,-9999,-9999,-9999,16,-9999,0,-9999
7909,2017,11,26,14,113,-9999,-9999,-9999,23,-9999,0,-9999
7910,2017,11,26,15,121,-9999,-9999,-9999,35,-9999,0,-9999
7911,2017,11,26,16,124,-9999,-9999,-9999,47,-9999,0,-9999
7912,2017,11,26,17,127,-9999,-9999,-9999,47,-9999,0,-9999
7913,2017,11,26,18,127,-9999,-9999,-9999,39,-9999,0,-9999
7914,2017,11,26,19,123,-9999,-9999,-9999,37,-9999,0,-9999
7915,2017,11,26,20,120,-9999,-9999,-9999,32,-9999,0,-9999
7916,2017,11,26,21,107,-9999,-9999,-9999,27,-9999,0,-9999
7917,2017,11,26,22,79,-9999,-9999,-9999,10,-9999,0,-9999
7918,2017,11,26,23,45,-9999,-9999,-9999,0,-9999,0,-9999
7919,2017,11,27,0,30,-9999,-9999,-9999,0,-9999,0,-9999
7920,2017,11,27,1,38,-9999,-9999,-9999,0,-9999,0,-9999
7921,2017,11,27,2,30,-9999,-9999,-9999,0,-9999,0,-9999
7922,2017,11,27,3,24,-9999,-9999,-9999,0,-9999,0,-9999
7923,2017,11,27,4,18,-9999,-9999,-9999,0,-9999,0,-9999
7924,2017,11,27,5,22,-9999,-9999,-9999,2,-9999,0,-9999
7925,2017,11,27,6,31,-9999,-9999,-9999,6,-9999,0,-9999
7926,2017,11,27,7,26,-9999,-9999,-9999,3,-9999,0,-9999
7927,2017,11,27,8,42,-9999,-9999,-9999,8,-9999,0,-9999
7928,2017,11,27,9,36,-9999,-9999,-9999,8,-9999,0,-9999
7929,2017,11,27,10,38,-9999,-9999,-9999,10,-9999,0,-9999
7930,2017,11,27,11,26,-9999,-9999,-9999,2,-9999,0,-9999
7931,2017,11,27,12,28,-9999,-9999,-9999,6,-9999,0,-9999
7932,2017,11,27,13,31,-9999,-9999,-9999,0,-9999,0,-9999
7933,2017,11,27,14,95,-9999,-9999,-9999,5,-9999,0,-9999
7934,2017,11,27,15,110,-9999,-9999,-9999,13,-9999,0,-9999
7935,2017,11,27,16,127,-9999,-9999,-9999,15,-9999,0,-9999
7936,2017,11,27,17,135,-9999,-9999,-9999,26,-9999,0,-9999
7937,2017,11,27,18,138,-9999,-9999,-9999,30,-9999,0,-9999
7938,2017,11,27,19,139,-9999,-9999,-9999,21,-9999,0,-9999
7939,2017,11,27,20,135,-9999,-9999,-9999,14,-9999,0,-9999
7940,2017,11,27,21,125,-9999,-9999,-9999,8,-9999,0,-9999
7941,2017,11,27,22,92,-9999,-9999,-9999,5,-9999,0,-9999
7942,2017,11,27,23,76,-9999,-9999,-9999,6,-9999,0,-9999
7943,2017,11,28,0,53,-9999,-9999,-9999,1,-9999,0,-9999
7944,2017,11,28,1,38,-9999,-9999,-9999,1,-9999,0,-9999
7945,2017,11,28,2,37,-9999,-9999,-9999,0,-9999,0,-9999
7946,2017,11,28,3,53,-9999,-9999,-9999,1,-9999,0,-9999
7947,2017,11,28,4,57,-9999,-9999,-9999,1,-9999,0,-9999
7948,2017,11,28,5,38,-9999,-9999,-9999,1,-9999,0,-9999
7949,2017,11,28,6,34,-9999,-9999,-9999,1,-9999,0,-9999
7950,2017,11,28,7,39,-9999,-9999,-9999,2,-9999,0,-9999
7951,2017,11,28,8,32,-9999,-9999,-9999,4,-9999,0,-9999
7952,2017,11,28,9,24,-9999,-9999,-9999,3,-9999,0,-9999
7953,2017,11,28,10,29,-9999,-9999,-9999,3,-9999,0,-9999
7954,2017,11,28,11,36,-9999,-9999,-9999,6,-9999,0,-9999
7955,2017,11,28,12,20,-9999,-9999,-9999,2,-9999,0,-9999
7956,2017,11,28,13,34,-9999,-9999,-9999,0,-9999,0,-9999
7957,2017,11,28,14,105,-9999,-9999,-9999,3,-9999,0,-9999
7958,2017,11,28,15,136,-9999,-9999,-9999,9,-9999,0,-9999
7959,2017,11,28,16,145,-9999,-9999,-9999,13,-9999,0,-9999
7960,2017,11,28,17,152,-9999,-9999,-9999,21,-9999,0,-9999
7961,2017,11,28,18,159,-9999,-9999,-9999,32,-9999,0,-9999
7962,2017,11,28,19,151,-9999,-9999,-9999,29,-9999,0,-9999
7963,2017,11,28,20,153,-9999,-9999,-9999,29,-9999,0,-9999
7964,2017,11,28,21,143,-9999,-9999,-9999,24,-9999,0,-9999
7965,2017,11,28,22,119,-9999,-9999,-9999,10,-9999,0,-9999
7966,2017,11,28,23,101,-9999,-9999,-9999,0,-9999,0,-9999
7967,2017,11,29,0,99,-9999,-9999,-9999,0,-9999,0,-9999
7968,2017,11,29,1,119,-9999,-9999,-9999,3,-9999,0,-9999
7969,2017,11,29,2,117,-9999,-9999,-9999,11,-9999,0,-9999
7970,2017,11,29,3,100,-9999,-9999,-9999,6,-9999,0,-9999
7971,2017,11,29,4,124,-9999,-9999,-9999,1,-9999,0,-9999
7972,2017,11,29,5,125,-9999,-9999,-9999,6,-9999,0,-9999
7973,2017,11,29,6,134,-9999,-9999,-9999,6,-9999,0,-9999
7974,2017,11,29,7,134,-9999,-9999,-9999,18,-9999,0,-9999
7975,2017,11,29,8,133,-9999,-9999,-9999,19,-9999,0,-9999
7976,2017,11,29,9,114,-9999,-9999,-9999,20,-9999,0,-9999
7977,2017,11,29,10,107,-9999,-9999,-9999,12,-9999,0,-9999
7978,2017,11,29,11,108,-9999,-9999,-9999,15,-9999,0,-9999
7979,2017,11,29,12,107,-9999,-9999,-9999,18,-9999,0,-9999
7980,2017,11,29,13,116,-9999,-9999,-9999,16,-9999,0,-9999
7981,2017,11,29,14,127,-9999,-9999,-9999,23,-9999,0,-9999
7982,2017,11,29,15,130,-9999,-9999,-9999,29,-9999,0,-9999
7983,2017,11,29,16,141,-9999,-9999,-9999,26,-9999,0,-9999
7984,2017,11,29,17,154,-9999,-9999,-9999,23,-9999,0,-9999
7985,2017,11,29,18,163,-9999,-9999,-9999,18,-9999,0,-9999
7986,2017,11,29,19,174,-9999,-9999,-9999,15,-9999,0,-9999
7987,2017,11,29,20,173,-9999,-9999,-9999,16,-9999,0,-9999
7988,2017,11,29,21,162,-9999,-9999,-9999,10,-9999,0,-9999
7989,2017,11,29,22,108,-9999,-9999,-9999,3,-9999,0,-9999
7990,2017,11,29,23,84,-9999,-9999,-9999,1,-9999,0,-9999
7991,2017,11,30,0,71,-9999,-9999,-9999,7,-9999,0,-9999
7992,2017,11,30,1,59,-9999,-9999,-9999,5,-9999,0,-9999
7993,2017,11,30,2,60,-9999,-9999,-9999,1,-9999,0,-9999
7994,2017,11,30,3,72,-9999,-9999,-9999,5,-9999,0,-9999
7995,2017,11,30,4,90,-9999,-9999,-9999,8,-9999,0,-9999
7996,2017,11,30,5,106,-9999,-9999,-9999,10,-9999,0,-9999
7997,2017,11,30,6,101,-9999,-9999,-9999,6,-9999,0,-9999
7998,2017,11,30,7,103,-9999,-9999,-9999,10,-9999,0,-9999
7999,2017,11,30,8,98,-9999,-9999,-9999,20,-9999,0,-9999
8000,2017,11,30,9,97,-9999,-9999,-9999,19,-9999,0,-9999
8001,2017,11,30,10,108,-9999,-9999,-9999,23,-9999,0,-9999
8002,2017,11,30,11,114,-9999,-9999,-9999,26,-9999,0,-9999
8003,2017,11,30,12,110,-9999,-9999,-9999,22,-9999,0,-9999
8004,2017,11,30,13,119,-9999,-9999,-9999,18,-9999,0,-9999
8005,2017,11,30,14,137,-9999,-9999,-9999,24,-9999,0,-9999
8006,2017,11,30,15,144,-9999,-9999,-9999,33,-9999,0,-9999
8007,2017,11,30,16,148,-9999,-9999,-9999,36,-9999,0,-9999
8008,2017,11,30,17,159,-9999,-9999,-9999,30,-9999,0,-9999
8009,2017,11,30,18,159,-9999,-9999,-9999,32,-9999,0,-9999
8010,2017,11,30,19,159,-9999,-9999,-9999,31,-9999,0,-9999
8011,2017,11,30,20,156,-9999,-9999,-9999,28,-9999,0,-9999
8012,2017,11,30,21,146,-9999,-9999,-9999,18,-9999,0,-9999
8013,2017,11,30,22,121,-9999,-9999,-9999,5,-9999,0,-9999
8014,2017,11,30,23,117,-9999,-9999,-9999,3,-9999,0,-9999
8015,2017,12,1,0,115,-9999,-9999,-9999,2,-9999,0,-9999
8016,2017,12,1,1,112,-9999,-9999,-9999,0,-9999,0,-9999
8017,2017,12,1,2,112,-9999,-9999,-9999,4,-9999,0,-9999
8018,2017,12,1,3,120,-9999,-9999,-9999,5,-9999,0,-9999
8019,2017,12,1,4,122,-9999,-9999,-9999,6,-9999,0,-9999
8020,2017,12,1,5,119,-9999,-9999,-9999,5,-9999,0,-9999
8021,2017,12,1,6,123,-9999,-9999,-9999,7,-9999,0,-9999
8022,2017,12,1,7,122,-9999,-9999,-9999,8,-9999,0,-9999
8023,2017,12,1,8,121,-9999,-9999,-9999,9,-9999,0,-9999
8024,2017,12,1,9,109,-9999,-9999,-9999,4,-9999,0,-9999
8025,2017,12,1,10,85,-9999,-9999,-9999,4,-9999,0,-9999
8026,2017,12,1,11,97,-9999,-9999,-9999,17,-9999,0,-9999
8027,2017,12,1,12,103,-9999,-9999,-9999,30,-9999,0,-9999
8028,2017,12,1,13,103,-9999,-9999,-9999,32,-9999,0,-9999
8029,2017,12,1,14,115,-9999,-9999,-9999,34,-9999,0,-9999
8030,2017,12,1,15,123,-9999,-9999,-9999,42,-9999,0,-9999
8031,2017,12,1,16,130,-9999,-9999,-9999,46,-9999,0,-9999
8032,2017,12,1,17,129,-9999,-9999,-9999,49,-9999,0,-9999
8033,2017,12,1,18,130,-9999,-9999,-9999,44,-9999,0,-9999
8034,2017,12,1,19,127,-9999,-9999,-9999,37,-9999,0,-9999
8035,2017,12,1,20,120,-9999,-9999,-9999,38,-9999,0,-9999
8036,2017,12,1,21,108,-9999,-9999,-9999,34,-9999,0,-9999
8037,2017,12,1,22,89,-9999,-9999,-9999,22,-9999,0,-9999
8038,2017,12,1,23,69,-9999,-9999,-9999,9,-9999,0,-9999
8039,2017,12,2,0,62,-9999,-9999,-9999,4,-9999,0,-9999
8040,2017,12,2,1,59,-9999,-9999,-9999,5,-9999,0,-9999
8041,2017,12,2,2,70,-9999,-9999,-9999,6,-9999,0,-9999
8042,2017,12,2,3,31,-9999,-9999,-9999,4,-9999,0,-9999
8043,2017,12,2,4,29,-9999,-9999,-9999,1,-9999,0,-9999
8044,2017,12,2,5,26,-9999,-9999,-9999,0,-9999,0,-9999
8045,2017,12,2,6,26,-9999,-9999,-9999,0,-9999,0,-9999
8046,2017,12,2,7,33,-9999,-9999,-9999,3,-9999,0,-9999
8047,2017,12,2,8,34,-9999,-9999,-9999,8,-9999,0,-9999
8048,2017,12,2,9,24,-9999,-9999,-9999,4,-9999,0,-9999
8049,2017,12,2,10,22,-9999,-9999,-9999,5,-9999,0,-9999
8050,2017,12,2,11,10,-9999,-9999,-9999,4,-9999,0,-9999
8051,2017,12,2,12,23,-9999,-9999,-9999,4,-9999,0,-9999
8052,2017,12,2,13,39,-9999,-9999,-9999,1,-9999,0,-9999
8053,2017,12,2,14,96,-9999,-9999,-9999,4,-9999,0,-9999
8054,2017,12,2,15,103,-9999,-9999,-9999,22,-9999,0,-9999
8055,2017,12,2,16,109,-9999,-9999,-9999,24,-9999,0,-9999
8056,2017,12,2,17,114,-9999,-9999,-9999,23,-9999,0,-9999
8057,2017,12,2,18,114,-9999,-9999,-9999,15,-9999,0,-9999
8058,2017,12,2,19,115,-9999,-9999,-9999,15,-9999,0,-9999
8059,2017,12,2,20,109,-9999,-9999,-9999,13,-9999,0,-9999
8060,2017,12,2,21,105,-9999,-9999,-9999,14,-9999,0,-9999
8061,2017,12,2,22,102,-9999,-9999,-9999,8,-9999,0,-9999
8062,2017,12,2,23,103,-9999,-9999,-9999,14,-9999,0,-9999
8063,2017,12,3,0,93,-9999,-9999,-9999,4,-9999,0,-9999
8064,2017,12,3,1,100,-9999,-9999,-9999,2,-9999,0,-9999
8065,2017,12,3,2,97,-9999,-9999,-9999,11,-9999,0,-9999
8066,2017,12,3,3,94,-9999,-9999,-9999,1,-9999,0,-9999
8067,2017,12,3,4,96,-9999,-9999,-9999,4,-9999,0,-9999
8068,2017,12,3,5,90,-9999,-9999,-9999,6,-9999,0,-9999
8069,2017,12,3,6,96,-9999,-9999,-9999,13,-9999,0,-9999
8070,2017,12,3,7,78,-9999,-9999,-9999,3,-9999,0,-9999
8071,2017,12,3,8,90,-9999,-9999,-9999,2,-9999,0,-9999
8072,2017,12,3,9,67,-9999,-9999,-9999,2,-9999,0,-9999
8073,2017,12,3,10,82,-9999,-9999,-9999,9,-9999,0,-9999
8074,2017,12,3,11,89,-9999,-9999,-9999,8,-9999,0,-9999
8075,2017,12,3,12,82,-9999,-9999,-9999,1,-9999,0,-9999
8076,2017,12,3,13,97,-9999,-9999,-9999,17,-9999,0,-9999
8077,2017,12,3,14,107,-9999,-9999,-9999,13,-9999,0,-9999
8078,2017,12,3,15,123,-9999,-9999,-9999,14,-9999,0,-9999
8079,2017,12,3,16,132,-9999,-9999,-9999,18,-9999,0,-9999
8080,2017,12,3,17,133,-9999,-9999,-9999,15,-9999,0,-9999
8081,2017,12,3,18,130,-9999,-9999,-9999,16,-9999,0,-9999
8082,2017,12,3,19,135,-9999,-9999,-9999,14,-9999,0,-9999
8083,2017,12,3,20,129,-9999,-9999,-9999,20,-9999,0,-9999
8084,2017,12,3,21,118,-9999,-9999,-9999,29,-9999,0,-9999
8085,2017,12,3,22,93,-9999,-9999,-9999,12,-9999,0,-9999
8086,2017,12,3,23,73,-9999,-9999,-9999,0,-9999,0,-9999
8087,2017,12,4,0,86,-9999,-9999,-9999,9,-9999,0,-9999
8088,2017,12,4,1,48,-9999,-9999,-9999,2,-9999,0,-9999
8089,2017,12,4,2,46,-9999,-9999,-9999,4,-9999,0,-9999
8090,2017,12,4,3,45,-9999,-9999,-9999,6,-9999,0,-9999
8091,2017,12,4,4,75,-9999,-9999,-9999,7,-9999,0,-9999
8092,2017,12,4,5,40,-9999,-9999,-9999,3,-9999,0,-9999
8093,2017,12,4,6,60,-9999,-9999,-9999,14,-9999,0,-9999
8094,2017,12,4,7,61,-9999,-9999,-9999,14,-9999,0,-9999
8095,2017,12,4,8,50,-9999,-9999,-9999,13,-9999,0,-9999
8096,2017,12,4,9,66,-9999,-9999,-9999,17,-9999,0,-9999
8097,2017,12,4,10,48,-9999,-9999,-9999,14,-9999,0,-9999
8098,2017,12,4,11,47,-9999,-9999,-9999,8,-9999,0,-9999
8099,2017,12,4,12,35,-9999,-9999,-9999,10,-9999,0,-9999
8100,2017,12,4,13,40,-9999,-9999,-9999,7,-9999,0,-9999
8101,2017,12,4,14,87,-9999,-9999,-9999,11,-9999,0,-9999
8102,2017,12,4,15,105,-9999,-9999,-9999,20,-9999,0,-9999
8103,2017,12,4,16,115,-9999,-9999,-9999,21,-9999,0,-9999
8104,2017,12,4,17,118,-9999,-9999,-9999,24,-9999,0,-9999
8105,2017,12,4,18,122,-9999,-9999,-9999,21,-9999,0,-9999
8106,2017,12,4,19,125,-9999,-9999,-9999,17,-9999,0,-9999
8107,2017,12,4,20,128,-9999,-9999,-9999,18,-9999,0,-9999
8108,2017,12,4,21,116,-9999,-9999,-9999,18,-9999,0,-9999
8109,2017,12,4,22,106,-9999,-9999,-9999,8,-9999,0,-9999
8110,2017,12,4,23,109,-9999,-9999,-9999,11,-9999,0,-9999
8111,2017,12,5,0,111,-9999,-9999,-9999,21,-9999,0,-9999
8112,2017,12,5,1,108,-9999,-9999,-9999,11,-9999,0,-9999
8113,2017,12,5,2,105,-9999,-9999,-9999,0,-9999,0,-9999
8114,2017,12,5,3,99,-9999,-9999,-9999,0,-9999,0,-9999
8115,2017,12,5,4,93,-9999,-9999,-9999,0,-9999,0,-9999
8116,2017,12,5,5,88,-9999,-9999,-9999,0,-9999,0,-9999
8117,2017,12,5,6,103,-9999,-9999,-9999,0,-9999,0,-9999
8118,2017,12,5,7,117,-9999,-9999,-9999,1,-9999,0,-9999
8119,2017,12,5,8,129,-9999,-9999,-9999,10,-9999,0,-9999
8120,2017,12,5,9,130,-9999,-9999,-9999,14,-9999,0,-9999
8121,2017,12,5,10,135,-9999,-9999,-9999,18,-9999,0,-9999
8122,2017,12,5,11,137,-9999,-9999,-9999,11,-9999,0,-9999
8123,2017,12,5,12,145,-9999,-9999,-9999,20,-9999,0,-9999
8124,2017,12,5,13,148,-9999,-9999,-9999,28,-9999,0,-9999
8125,2017,12,5,14,156,-9999,-9999,-9999,27,-9999,0,-9999
8126,2017,12,5,15,176,-9999,-9999,-9999,27,-9999,0,-9999
8127,2017,12,5,16,160,-9999,-9999,-9999,26,-9999,0,-9999
8128,2017,12,5,17,159,-9999,-9999,-9999,28,-9999,0,-9999
8129,2017,12,5,18,178,-9999,-9999,-9999,30,-9999,0,-9999
8130,2017,12,5,19,166,-9999,-9999,-9999,32,-9999,0,-9999
8131,2017,12,5,20,162,-9999,-9999,-9999,35,-9999,0,-9999
8132,2017,12,5,21,164,-9999,-9999,-9999,27,-9999,0,-9999
8133,2017,12,5,22,154,-9999,-9999,-9999,26,-9999,0,-9999
8134,2017,12,5,23,152,-9999,-9999,-9999,30,-9999,0,-9999
8135,2017,12,6,0,160,-9999,-9999,-9999,31,-9999,0,-9999
8136,2017,12,6,1,168,-9999,-9999,-9999,21,-9999,0,-9999
8137,2017,12,6,2,150,-9999,-9999,-9999,20,-9999,0,-9999
8138,2017,12,6,3,169,-9999,-9999,-9999,22,-9999,0,-9999
8139,2017,12,6,4,179,-9999,-9999,-9999,31,-9999,0,-9999
8140,2017,12,6,5,180,-9999,-9999,-9999,31,-9999,0,-9999
8141,2017,12,6,6,168,-9999,-9999,-9999,25,-9999,0,-9999
8142,2017,12,6,7,168,-9999,-9999,-9999,20,-9999,0,-9999
8143,2017,12,6,8,166,-9999,-9999,-9999,21,-9999,0,-9999
8144,2017,12,6,9,158,-9999,-9999,-9999,21,-9999,4,-9999
8145,2017,12,6,10,152,-9999,-9999,-9999,16,-9999,3,-9999
8146,2017,12,6,11,145,-9999,-9999,-9999,13,-9999,11,-9999
8147,2017,12,6,12,100,-9999,-9999,-9999,28,-9999,4,-9999
8148,2017,12,6,13,94,-9999,-9999,-9999,38,-9999,4,-9999
8149,2017,12,6,14,90,-9999,-9999,-9999,35,-9999,0,-9999
8150,2017,12,6,15,90,-9999,-9999,-9999,32,-9999,0,-9999
8151,2017,12,6,16,83,-9999,-9999,-9999,38,-9999,0,-9999
8152,2017,12,6,17,80,-9999,-9999,-9999,44,-9999,0,-9999
8153,2017,12,6,18,76,-9999,-9999,-9999,40,-9999,0,-9999
8154,2017,12,6,19,72,-9999,-9999,-9999,31,-9999,0,-9999
8155,2017,12,6,20,76,-9999,-9999,-9999,24,-9999,0,-9999
8156,2017,12,6,21,73,-9999,-9999,-9999,19,-9999,0,-9999
8157,2017,12,6,22,68,-9999,-9999,-9999,12,-9999,0,-9999
8158,2017,12,6,23,64,-9999,-9999,-9999,5,-9999,0,-9999
8159,2017,12,7,0,62,-9999,-9999,-9999,4,-9999,0,-9999
8160,2017,12,7,1,60,-9999,-9999,-9999,2,-9999,0,-9999
8161,2017,12,7,2,61,-9999,-9999,-9999,2,-9999,0,-9999
8162,2017,12,7,3,64,-9999,-9999,-9999,6,-9999,0,-9999
8163,2017,12,7,4,72,-9999,-9999,-9999,9,-9999,0,-9999
8164,2017,12,7,5,64,-9999,-9999,-9999,11,-9999,0,-9999
8165,2017,12,7,6,65,-9999,-9999,-9999,9,-9999,0,-9999
8166,2017,12,7,7,63,-9999,-9999,-9999,2,-9999,0,-9999
8167,2017,12,7,8,72,-9999,-9999,-9999,6,-9999,0,-9999
8168,2017,12,7,9,71,-9999,-9999,-9999,9,-9999,0,-9999
8169,2017,12,7,10,74,-9999,-9999,-9999,7,-9999,0,-9999
8170,2017,12,7,11,73,-9999,-9999,-9999,9,-9999,0,-9999
8171,2017,12,7,12,69,-9999,-9999,-9999,14,-9999,0,-9999
8172,2017,12,7,13,62,-9999,-9999,-9999,4,-9999,0,-9999
8173,2017,12,7,14,75,-9999,-9999,-9999,6,-9999,0,-9999
8174,2017,12,7,15,79,-9999,-9999,-9999,16,-9999,0,-9999
8175,2017,12,7,16,85,-9999,-9999,-9999,15,-9999,0,-9999
8176,2017,12,7,17,90,-9999,-9999,-9999,16,-9999,0,-9999
8177,2017,12,7,18,90,-9999,-9999,-9999,19,-9999,0,-9999
8178,2017,12,7,19,88,-9999,-9999,-9999,17,-9999,0,-9999
8179,2017,12,7,20,85,-9999,-9999,-9999,8,-9999,0,-9999
8180,2017,12,7,21,80,-9999,-9999,-9999,11,-9999,0,-9999
8181,2017,12,7,22,64,-9999,-9999,-9999,4,-9999,0,-9999
8182,2017,12,7,23,66,-9999,-9999,-9999,1,-9999,0,-9999
8183,2017,12,8,0,66,-9999,-9999,-9999,5,-9999,0,-9999
8184,2017,12,8,1,57,-9999,-9999,-9999,0,-9999,0,-9999
8185,2017,12,8,2,58,-9999,-9999,-9999,1,-9999,0,-9999
8186,2017,12,8,3,60,-9999,-9999,-9999,2,-9999,0,-9999
8187,2017,12,8,4,63,-9999,-9999,-9999,1,-9999,0,-9999
8188,2017,12,8,5,55,-9999,-9999,-9999,0,-9999,0,-9999
8189,2017,12,8,6,57,-9999,-9999,-9999,1,-9999,0,-9999
8190,2017,12,8,7,69,-9999,-9999,-9999,1,-9999,0,-9999
8191,2017,12,8,8,56,-9999,-9999,-9999,1,-9999,0,-9999
8192,2017,12,8,9,56,-9999,-9999,-9999,0,-9999,0,-9999
8193,2017,12,8,10,55,-9999,-9999,-9999,0,-9999,0,-9999
8194,2017,12,8,11,63,-9999,-9999,-9999,7,-9999,0,-9999
8195,2017,12,8,12,58,-9999,-9999,-9999,7,-9999,0,-9999
8196,2017,12,8,13,62,-9999,-9999,-9999,17,-9999,0,-9999
8197,2017,12,8,14,57,-9999,-9999,-9999,23,-9999,0,-9999
8198,2017,12,8,15,64,-9999,-9999,-9999,22,-9999,0,-9999
8199,2017,12,8,16,60,-9999,-9999,-9999,20,-9999,0,-9999
8200,2017,12,8,17,50,-9999,-9999,-9999,23,-9999,9,-9999
8201,2017,12,8,18,42,-9999,-9999,-9999,22,-9999,10,-9999
8202,2017,12,8,19,35,-9999,-9999,-9999,24,-9999,32,-9999
8203,2017,12,8,20,33,-9999,-9999,-9999,31,-9999,15,-9999
8204,2017,12,8,21,28,-9999,-9999,-9999,35,-9999,12,-9999
8205,2017,12,8,22,19,-9999,-9999,-9999,31,-9999,19,-9999
8206,2017,12,8,23,11,-9999,-9999,-9999,24,-9999,24,-9999
8207,2017,12,9,0,16,-9999,-9999,-9999,24,-9999,28,-9999
8208,2017,12,9,1,13,-9999,-9999,-9999,26,-9999,29,-9999
8209,2017,12,9,2,13,-9999,-9999,-9999,24,-9999,35,-9999
8210,2017,12,9,3,16,-9999,-9999,-9999,31,-9999,7,-9999
8211,2017,12,9,4,15,-9999,-9999,-9999,36,-9999,50,-9999
8212,2017,12,9,5,13,-9999,-9999,-9999,32,-9999,29,-9999
8213,2017,12,9,6,10,-9999,-9999,-9999,33,-9999,12,-9999
8214,2017,12,9,7,10,-9999,-9999,-9999,33,-9999,13,-9999
8215,2017,12,9,8,7,-9999,-9999,-9999,36,-9999,40,-9999
8216,2017,12,9,9,10,-9999,-9999,-9999,35,-9999,20,-9999
8217,2017,12,9,10,13,-9999,-9999,-9999,40,-9999,4,-9999
8218,2017,12,9,11,13,-9999,-9999,-9999,43,-9999,10,-9999
8219,2017,12,9,12,17,-9999,-9999,-9999,42,-9999,14,-9999
8220,2017,12,9,13,16,-9999,-9999,-9999,47,-9999,3,-9999
8221,2017,12,9,14,15,-9999,-9999,-9999,48,-9999,13,-9999
8222,2017,12,9,15,15,-9999,-9999,-9999,48,-9999,18,-9999
8223,2017,12,9,16,17,-9999,-9999,-9999,52,-9999,7,-9999
8224,2017,12,9,17,16,-9999,-9999,-9999,49,-9999,7,-9999
8225,2017,12,9,18,17,-9999,-9999,-9999,46,-9999,11,-9999
8226,2017,12,9,19,16,-9999,-9999,-9999,48,-9999,0,-9999
8227,2017,12,9,20,15,-9999,-9999,-9999,39,-9999,0,-9999
8228,2017,12,9,21,17,-9999,-9999,-9999,31,-9999,7,-9999
8229,2017,12,9,22,20,-9999,-9999,-9999,31,-9999,5,-9999
8230,2017,12,9,23,19,-9999,-9999,-9999,38,-9999,3,-9999
8231,2017,12,10,0,22,-9999,-9999,-9999,31,-9999,5,-9999
8232,2017,12,10,1,18,-9999,-9999,-9999,33,-9999,6,-9999
8233,2017,12,10,2,19,-9999,-9999,-9999,33,-9999,3,-9999
8234,2017,12,10,3,20,-9999,-9999,-9999,33,-9999,3,-9999
8235,2017,12,10,4,17,-9999,-9999,-9999,26,-9999,0,-9999
8236,2017,12,10,5,18,-9999,-9999,-9999,31,-9999,0,-9999
8237,2017,12,10,6,19,-9999,-9999,-9999,24,-9999,0,-9999
8238,2017,12,10,7,23,-9999,-9999,-9999,21,-9999,0,-9999
8239,2017,12,10,8,20,-9999,-9999,-9999,24,-9999,0,-9999
8240,2017,12,10,9,21,-9999,-9999,-9999,21,-9999,0,-9999
8241,2017,12,10,10,22,-9999,-9999,-9999,24,-9999,0,-9999
8242,2017,12,10,11,21,-9999,-9999,-9999,25,-9999,0,-9999
8243,2017,12,10,12,16,-9999,-9999,-9999,17,-9999,0,-9999
8244,2017,12,10,13,22,-9999,-9999,-9999,13,-9999,0,-9999
8245,2017,12,10,14,36,-9999,-9999,-9999,18,-9999,0,-9999
8246,2017,12,10,15,41,-9999,-9999,-9999,31,-9999,0,-9999
8247,2017,12,10,16,41,-9999,-9999,-9999,39,-9999,0,-9999
8248,2017,12,10,17,43,-9999,-9999,-9999,39,-9999,0,-9999
8249,2017,12,10,18,49,-9999,-9999,-9999,34,-9999,0,-9999
8250,2017,12,10,19,50,-9999,-9999,-9999,31,-9999,0,-9999
8251,2017,12,10,20,48,-9999,-9999,-9999,22,-9999,0,-9999
8252,2017,12,10,21,44,-9999,-9999,-9999,20,-9999,0,-9999
8253,2017,12,10,22,33,-9999,-9999,-9999,16,-9999,0,-9999
8254,2017,12,10,23,33,-9999,-9999,-9999,15,-9999,0,-9999
8255,2017,12,11,0,32,-9999,-9999,-9999,15,-9999,0,-9999
8256,2017,12,11,1,30,-9999,-9999,-9999,19,-9999,0,-9999
8257,2017,12,11,2,29,-9999,-9999,-9999,16,-9999,0,-9999
8258,2017,12,11,3,31,-9999,-9999,-9999,16,-9999,0,-9999
8259,2017,12,11,4,36,-9999,-9999,-9999,17,-9999,0,-9999
8260,2017,12,11,5,33,-9999,-9999,-9999,18,-9999,0,-9999
8261,2017,12,11,6,34,-9999,-9999,-9999,13,-9999,0,-9999
8262,2017,12,11,7,40,-9999,-9999,-9999,19,-9999,0,-9999
8263,2017,12,11,8,42,-9999,-9999,-9999,17,-9999,0,-9999
8264,2017,12,11,9,44,-9999,-9999,-9999,23,-9999,0,-9999
8265,2017,12,11,10,36,-9999,-9999,-9999,23,-9999,0,-9999
8266,2017,12,11,11,32,-9999,-9999,-9999,14,-9999,0,-9999
8267,2017,12,11,12,30,-9999,-9999,-9999,13,-9999,0,-9999
8268,2017,12,11,13,20,-9999,-9999,-9999,6,-9999,0,-9999
8269,2017,12,11,14,44,-9999,-9999,-9999,15,-9999,0,-9999
8270,2017,12,11,15,53,-9999,-9999,-9999,25,-9999,0,-9999
8271,2017,12,11,16,61,-9999,-9999,-9999,20,-9999,0,-9999
8272,2017,12,11,17,69,-9999,-9999,-9999,21,-9999,0,-9999
8273,2017,12,11,18,72,-9999,-9999,-9999,33,-9999,0,-9999
8274,2017,12,11,19,78,-9999,-9999,-9999,20,-9999,0,-9999
8275,2017,12,11,20,76,-9999,-9999,-9999,18,-9999,0,-9999
8276,2017,12,11,21,66,-9999,-9999,-9999,19,-9999,0,-9999
8277,2017,12,11,22,47,-9999,-9999,-9999,4,-9999,0,-9999
8278,2017,12,11,23,34,-9999,-9999,-9999,0,-9999,0,-9999
8279,2017,12,12,0,38,-9999,-9999,-9999,7,-9999,0,-9999
8280,2017,12,12,1,40,-9999,-9999,-9999,5,-9999,0,-9999
8281,2017,12,12,2,45,-9999,-9999,-9999,8,-9999,0,-9999
8282,2017,12,12,3,47,-9999,-9999,-9999,13,-9999,0,-9999
8283,2017,12,12,4,56,-9999,-9999,-9999,9,-9999,0,-9999
8284,2017,12,12,5,70,-9999,-9999,-9999,17,-9999,0,-9999
8285,2017,12,12,6,70,-9999,-9999,-9999,25,-9999,0,-9999
8286,2017,12,12,7,71,-9999,-9999,-9999,25,-9999,0,-9999
8287,2017,12,12,8,69,-9999,-9999,-9999,18,-9999,0,-9999
8288,2017,12,12,9,67,-9999,-9999,-9999,16,-9999,0,-9999
8289,2017,12,12,10,67,-9999,-9999,-9999,17,-9999,0,-9999
8290,2017,12,12,11,73,-9999,-9999,-9999,19,-9999,0,-9999
8291,2017,12,12,12,75,-9999,-9999,-9999,28,-9999,0,-9999
8292,2017,12,12,13,77,-9999,-9999,-9999,36,-9999,0,-9999
8293,2017,12,12,14,77,-9999,-9999,-9999,35,-9999,0,-9999
8294,2017,12,12,15,80,-9999,-9999,-9999,33,-9999,0,-9999
8295,2017,12,12,16,82,-9999,-9999,-9999,35,-9999,0,-9999
8296,2017,12,12,17,85,-9999,-9999,-9999,32,-9999,0,-9999
8297,2017,12,12,18,99,-9999,-9999,-9999,30,-9999,0,-9999
8298,2017,12,12,19,97,-9999,-9999,-9999,31,-9999,0,-9999
8299,2017,12,12,20,96,-9999,-9999,-9999,26,-9999,0,-9999
8300,2017,12,12,21,89,-9999,-9999,-9999,16,-9999,0,-9999
8301,2017,12,12,22,89,-9999,-9999,-9999,11,-9999,0,-9999
8302,2017,12,12,23,72,-9999,-9999,-9999,17,-9999,0,-9999
8303,2017,12,13,0,54,-9999,-9999,-9999,40,-9999,0,-9999
8304,2017,12,13,1,31,-9999,-9999,-9999,66,-9999,7,-9999
8305,2017,12,13,2,25,-9999,-9999,-9999,76,-9999,0,-9999
8306,2017,12,13,3,15,-9999,-9999,-9999,79,-9999,0,-9999
8307,2017,12,13,4,6,-9999,-9999,-9999,77,-9999,0,-9999
8308,2017,12,13,5,-6,-9999,-9999,-9999,80,-9999,0,-9999
8309,2017,12,13,6,-16,-9999,-9999,-9999,73,-9999,0,-9999
8310,2017,12,13,7,-20,-9999,-9999,-9999,71,-9999,0,-9999
8311,2017,12,13,8,-24,-9999,-9999,-9999,73,-9999,0,-9999
8312,2017,12,13,9,-28,-9999,-9999,-9999,59,-9999,0,-9999
8313,2017,12,13,10,-32,-9999,-9999,-9999,55,-9999,0,-9999
8314,2017,12,13,11,-35,-9999,-9999,-9999,51,-9999,0,-9999
8315,2017,12,13,12,-32,-9999,-9999,-9999,39,-9999,0,-9999
8316,2017,12,13,13,-31,-9999,-9999,-9999,42,-9999,0,-9999
8317,2017,12,13,14,-22,-9999,-9999,-9999,37,-9999,0,-9999
8318,2017,12,13,15,-17,-9999,-9999,-9999,45,-9999,0,-9999
8319,2017,12,13,16,-9,-9999,-9999,-9999,49,-9999,0,-9999
8320,2017,12,13,17,-2,-9999,-9999,-9999,42,-9999,0,-9999
8321,2017,12,13,18,3,-9999,-9999,-9999,40,-9999,0,-9999
8322,2017,12,13,19,11,-9999,-9999,-9999,39,-9999,0,-9999
8323,2017,12,13,20,11,-9999,-9999,-9999,34,-9999,0,-9999
8324,2017,12,13,21,13,-9999,-9999,-9999,31,-9999,0,-9999
8325,2017,12,13,22,16,-9999,-9999,-9999,22,-9999,0,-9999
8326,2017,12,13,23,16,-9999,-9999,-9999,22,-9999,0,-9999
8327,2017,12,14,0,15,-9999,-9999,-9999,18,-9999,0,-9999
8328,2017,12,14,1,24,-9999,-9999,-9999,16,-9999,0,-9999
8329,2017,12,14,2,29,-9999,-9999,-9999,20,-9999,0,-9999
8330,2017,12,14,3,34,-9999,-9999,-9999,22,-9999,0,-9999
8331,2017,12,14,4,38,-9999,-9999,-9999,27,-9999,0,-9999
8332,2017,12,14,5,41,-9999,-9999,-9999,34,-9999,0,-9999
8333,2017,12,14,6,47,-9999,-9999,-9999,39,-9999,0,-9999
8334,2017,12,14,7,51,-9999,-9999,-9999,41,-9999,0,-9999
8335,2017,12,14,8,51,-9999,-9999,-9999,48,-9999,0,-9999
8336,2017,12,14,9,50,-9999,-9999,-9999,48,-9999,0,-9999
8337,2017,12,14,10,50,-9999,-9999,-9999,44,-9999,0,-9999
8338,2017,12,14,11,51,-9999,-9999,-9999,38,-9999,0,-9999
8339,2017,12,14,12,51,-9999,-9999,-9999,31,-9999,0,-9999
8340,2017,12,14,13,58,-9999,-9999,-9999,32,-9999,0,-9999
8341,2017,12,14,14,69,-9999,-9999,-9999,34,-9999,0,-9999
8342,2017,12,14,15,82,-9999,-9999,-9999,32,-9999,0,-9999
8343,2017,12,14,16,88,-9999,-9999,-9999,34,-9999,0,-9999
8344,2017,12,14,17,92,-9999,-9999,-9999,45,-9999,0,-9999
8345,2017,12,14,18,83,-9999,-9999,-9999,57,-9999,0,-9999
8346,2017,12,14,19,80,-9999,-9999,-9999,54,-9999,0,-9999
8347,2017,12,14,20,74,-9999,-9999,-9999,52,-9999,0,-9999
8348,2017,12,14,21,55,-9999,-9999,-9999,42,-9999,0,-9999
8349,2017,12,14,22,40,-9999,-9999,-9999,37,-9999,0,-9999
8350,2017,12,14,23,35,-9999,-9999,-9999,29,-9999,0,-9999
8351,2017,12,15,0,30,-9999,-9999,-9999,29,-9999,0,-9999
8352,2017,12,15,1,26,-9999,-9999,-9999,26,-9999,0,-9999
8353,2017,12,15,2,24,-9999,-9999,-9999,26,-9999,0,-9999
8354,2017,12,15,3,21,-9999,-9999,-9999,25,-9999,0,-9999
8355,2017,12,15,4,15,-9999,-9999,-9999,21,-9999,0,-9999
8356,2017,12,15,5,11,-9999,-9999,-9999,23,-9999,0,-9999
8357,2017,12,15,6,5,-9999,-9999,-9999,26,-9999,0,-9999
8358,2017,12,15,7,5,-9999,-9999,-9999,27,-9999,0,-9999
8359,2017,12,15,8,-1,-9999,-9999,-9999,27,-9999,0,-9999
8360,2017,12,15,9,-3,-9999,-9999,-9999,26,-9999,0,-9999
8361,2017,12,15,10,-10,-9999,-9999,-9999,25,-9999,0,-9999
8362,2017,12,15,11,-8,-9999,-9999,-9999,31,-9999,0,-9999
8363,2017,12,15,12,-4,-9999,-9999,-9999,29,-9999,0,-9999
8364,2017,12,15,13,1,-9999,-9999,-9999,35,-9999,0,-9999
8365,2017,12,15,14,15,-9999,-9999,-9999,33,-9999,0,-9999
8366,2017,12,15,15,37,-9999,-9999,-9999,29,-9999,0,-9999
8367,2017,12,15,16,82,-9999,-9999,-9999,22,-9999,0,-9999
8368,2017,12,15,17,87,-9999,-9999,-9999,27,-9999,0,-9999
8369,2017,12,15,18,85,-9999,-9999,-9999,20,-9999,0,-9999
8370,2017,12,15,19,81,-9999,-9999,-9999,12,-9999,0,-9999
8371,2017,12,15,20,60,-9999,-9999,-9999,29,-9999,0,-9999
8372,2017,12,15,21,40,-9999,-9999,-9999,57,-9999,0,-9999
8373,2017,12,15,22,33,-9999,-9999,-9999,53,-9999,0,-9999
8374,2017,12,15,23,21,-9999,-9999,-9999,50,-9999,0,-9999
8375,2017,12,16,0,11,-9999,-9999,-9999,41,-9999,0,-9999
8376,2017,12,16,1,5,-9999,-9999,-9999,33,-9999,0,-9999
8377,2017,12,16,2,-1,-9999,-9999,-9999,32,-9999,0,-9999
8378,2017,12,16,3,-6,-9999,-9999,-9999,14,-9999,0,-9999
8379,2017,12,16,4,-18,-9999,-9999,-9999,4,-9999,0,-9999
8380,2017,12,16,5,-22,-9999,-9999,-9999,4,-9999,0,-9999
8381,2017,12,16,6,-21,-9999,-9999,-9999,9,-9999,0,-9999
8382,2017,12,16,7,-19,-9999,-9999,-9999,7,-9999,0,-9999
8383,2017,12,16,8,-31,-9999,-9999,-9999,6,-9999,0,-9999
8384,2017,12,16,9,-23,-9999,-9999,-9999,6,-9999,0,-9999
8385,2017,12,16,10,-5,-9999,-9999,-9999,6,-9999,0,-9999
8386,2017,12,16,11,-11,-9999,-9999,-9999,6,-9999,0,-9999
8387,2017,12,16,12,-13,-9999,-9999,-9999,6,-9999,0,-9999
8388,2017,12,16,13,-17,-9999,-9999,-9999,5,-9999,0,-9999
8389,2017,12,16,14,37,-9999,-9999,-9999,6,-9999,0,-9999
8390,2017,12,16,15,47,-9999,-9999,-9999,18,-9999,0,-9999
8391,2017,12,16,16,56,-9999,-9999,-9999,23,-9999,0,-9999
8392,2017,12,16,17,58,-9999,-9999,-9999,27,-9999,0,-9999
8393,2017,12,16,18,69,-9999,-9999,-9999,27,-9999,0,-9999
8394,2017,12,16,19,66,-9999,-9999,-9999,30,-9999,0,-9999
8395,2017,12,16,20,66,-9999,-9999,-9999,34,-9999,0,-9999
8396,2017,12,16,21,65,-9999,-9999,-9999,29,-9999,0,-9999
8397,2017,12,16,22,55,-9999,-9999,-9999,15,-9999,0,-9999
8398,2017,12,16,23,47,-9999,-9999,-9999,12,-9999,0,-9999
8399,2017,12,17,0,55,-9999,-9999,-9999,16,-9999,0,-9999
8400,2017,12,17,1,54,-9999,-9999,-9999,16,-9999,0,-9999
8401,2017,12,17,2,52,-9999,-9999,-9999,16,-9999,0,-9999
8402,2017,12,17,3,56,-9999,-9999,-9999,18,-9999,0,-9999
8403,2017,12,17,4,57,-9999,-9999,-9999,18,-9999,0,-9999
8404,2017,12,17,5,52,-9999,-9999,-9999,16,-9999,0,-9999
8405,2017,12,17,6,45,-9999,-9999,-9999,11,-9999,0,-9999
8406,2017,12,17,7,45,-9999,-9999,-9999,7,-9999,0,-9999
8407,2017,12,17,8,43,-9999,-9999,-9999,12,-9999,0,-9999
8408,2017,12,17,9,25,-9999,-9999,-9999,6,-9999,0,-9999
8409,2017,12,17,10,5,-9999,-9999,-9999,6,-9999,0,-9999
8410,2017,12,17,11,4,-9999,-9999,-9999,0,-9999,0,-9999
8411,2017,12,17,12,-16,-9999,-9999,-9999,1,-9999,0,-9999
8412,2017,12,17,13,-2,-9999,-9999,-9999,5,-9999,0,-9999
8413,2017,12,17,14,60,-9999,-9999,-9999,2,-9999,0,-9999
8414,2017,12,17,15,68,-9999,-9999,-9999,19,-9999,0,-9999
8415,2017,12,17,16,73,-9999,-9999,-9999,22,-9999,0,-9999
8416,2017,12,17,17,84,-9999,-9999,-9999,26,-9999,0,-9999
8417,2017,12,17,18,81,-9999,-9999,-9999,24,-9999,0,-9999
8418,2017,12,17,19,86,-9999,-9999,-9999,26,-9999,0,-9999
8419,2017,12,17,20,74,-9999,-9999,-9999,20,-9999,0,-9999
8420,2017,12,17,21,72,-9999,-9999,-9999,10,-9999,0,-9999
8421,2017,12,17,22,70,-9999,-9999,-9999,12,-9999,0,-9999
8422,2017,12,17,23,79,-9999,-9999,-9999,9,-9999,0,-9999
8423,2017,12,18,0,84,-9999,-9999,-9999,5,-9999,0,-9999
8424,2017,12,18,1,86,-9999,-9999,-9999,8,-9999,0,-9999
8425,2017,12,18,2,78,-9999,-9999,-9999,11,-9999,0,-9999
8426,2017,12,18,3,79,-9999,-9999,-9999,11,-9999,0,-9999
8427,2017,12,18,4,79,-9999,-9999,-9999,15,-9999,0,-9999
8428,2017,12,18,5,80,-9999,-9999,-9999,12,-9999,0,-9999
8429,2017,12,18,6,76,-9999,-9999,-9999,14,-9999,0,-9999
8430,2017,12,18,7,73,-9999,-9999,-9999,4,-9999,0,-9999
8431,2017,12,18,8,75,-9999,-9999,-9999,6,-9999,0,-9999
8432,2017,12,18,9,77,-9999,-9999,-9999,10,-9999,0,-9999
8433,2017,12,18,10,57,-9999,-9999,-9999,5,-9999,0,-9999
8434,2017,12,18,11,40,-9999,-9999,-9999,0,-9999,0,-9999
8435,2017,12,18,12,49,-9999,-9999,-9999,1,-9999,0,-9999
8436,2017,12,18,13,65,-9999,-9999,-9999,8,-9999,0,-9999
8437,2017,12,18,14,83,-9999,-9999,-9999,19,-9999,0,-9999
8438,2017,12,18,15,93,-9999,-9999,-9999,22,-9999,0,-9999
8439,2017,12,18,16,94,-9999,-9999,-9999,26,-9999,0,-9999
8440,2017,12,18,17,105,-9999,-9999,-9999,25,-9999,0,-9999
8441,2017,12,18,18,115,-9999,-9999,-9999,25,-9999,0,-9999
8442,2017,12,18,19,120,-9999,-9999,-9999,20,-9999,0,-9999
8443,2017,12,18,20,126,-9999,-9999,-9999,17,-9999,0,-9999
8444,2017,12,18,21,116,-9999,-9999,-9999,16,-9999,0,-9999
8445,2017,12,18,22,90,-9999,-9999,-9999,6,-9999,0,-9999
8446,2017,12,18,23,78,-9999,-9999,-9999,1,-9999,0,-9999
8447,2017,12,19,0,83,-9999,-9999,-9999,6,-9999,0,-9999
8448,2017,12,19,1,78,-9999,-9999,-9999,6,-9999,0,-9999
8449,2017,12,19,2,86,-9999,-9999,-9999,7,-9999,0,-9999
8450,2017,12,19,3,76,-9999,-9999,-9999,5,-9999,0,-9999
8451,2017,12,19,4,64,-9999,-9999,-9999,1,-9999,0,-9999
8452,2017,12,19,5,99,-9999,-9999,-9999,9,-9999,0,-9999
8453,2017,12,19,6,96,-9999,-9999,-9999,15,-9999,0,-9999
8454,2017,12,19,7,90,-9999,-9999,-9999,12,-9999,0,-9999
8455,2017,12,19,8,86,-9999,-9999,-9999,10,-9999,0,-9999
8456,2017,12,19,9,86,-9999,-9999,-9999,15,-9999,0,-9999
8457,2017,12,19,10,82,-9999,-9999,-9999,14,-9999,0,-9999
8458,2017,12,19,11,71,-9999,-9999,-9999,7,-9999,0,-9999
8459,2017,12,19,12,54,-9999,-9999,-9999,5,-9999,0,-9999
8460,2017,12,19,13,68,-9999,-9999,-9999,9,-9999,0,-9999
8461,2017,12,19,14,89,-9999,-9999,-9999,9,-9999,0,-9999
8462,2017,12,19,15,107,-9999,-9999,-9999,19,-9999,0,-9999
8463,2017,12,19,16,119,-9999,-9999,-9999,23,-9999,0,-9999
8464,2017,12,19,17,130,-9999,-9999,-9999,24,-9999,0,-9999
8465,2017,12,19,18,134,-9999,-9999,-9999,24,-9999,0,-9999
8466,2017,12,19,19,137,-9999,-9999,-9999,18,-9999,0,-9999
8467,2017,12,19,20,135,-9999,-9999,-9999,16,-9999,0,-9999
8468,2017,12,19,21,122,-9999,-9999,-9999,12,-9999,0,-9999
8469,2017,12,19,22,130,-9999,-9999,-9999,9,-9999,0,-9999
8470,2017,12,19,23,131,-9999,-9999,-9999,13,-9999,0,-9999
8471,2017,12,20,0,124,-9999,-9999,-9999,12,-9999,0,-9999
8472,2017,12,20,1,124,-9999,-9999,-9999,9,-9999,0,-9999
8473,2017,12,20,2,137,-9999,-9999,-9999,18,-9999,0,-9999
8474,2017,12,20,3,143,-9999,-9999,-9999,18,-9999,0,-9999
8475,2017,12,20,4,148,-9999,-9999,-9999,24,-9999,0,-9999
8476,2017,12,20,5,146,-9999,-9999,-9999,23,-9999,0,-9999
8477,2017,12,20,6,145,-9999,-9999,-9999,21,-9999,0,-9999
8478,2017,12,20,7,142,-9999,-9999,-9999,19,-9999,0,-9999
8479,2017,12,20,8,144,-9999,-9999,-9999,17,-9999,0,-9999
8480,2017,12,20,9,132,-9999,-9999,-9999,20,-9999,0,-9999
8481,2017,12,20,10,131,-9999,-9999,-9999,16,-9999,0,-9999
8482,2017,12,20,11,104,-9999,-9999,-9999,13,-9999,0,-9999
8483,2017,12,20,12,114,-9999,-9999,-9999,9,-9999,0,-9999
8484,2017,12,20,13,102,-9999,-9999,-9999,9,-9999,0,-9999
8485,2017,12,20,14,112,-9999,-9999,-9999,13,-9999,0,-9999
8486,2017,12,20,15,119,-9999,-9999,-9999,25,-9999,0,-9999
8487,2017,12,20,16,115,-9999,-9999,-9999,37,-9999,0,-9999
8488,2017,12,20,17,111,-9999,-9999,-9999,35,-9999,0,-9999
8489,2017,12,20,18,109,-9999,-9999,-9999,30,-9999,0,-9999
8490,2017,12,20,19,106,-9999,-9999,-9999,22,-9999,0,-9999
8491,2017,12,20,20,102,-9999,-9999,-9999,22,-9999,0,-9999
8492,2017,12,20,21,96,-9999,-9999,-9999,17,-9999,0,-9999
8493,2017,12,20,22,87,-9999,-9999,-9999,10,-9999,0,-9999
8494,2017,12,20,23,72,-9999,-9999,-9999,0,-9999,0,-9999
8495,2017,12,21,0,62,-9999,-9999,-9999,0,-9999,0,-9999
8496,2017,12,21,1,68,-9999,-9999,-9999,4,-9999,0,-9999
8497,2017,12,21,2,68,-9999,-9999,-9999,12,-9999,0,-9999
8498,2017,12,21,3,72,-9999,-9999,-9999,13,-9999,0,-9999
8499,2017,12,21,4,52,-9999,-9999,-9999,13,-9999,0,-9999
8500,2017,12,21,5,21,-9999,-9999,-9999,0,-9999,0,-9999
8501,2017,12,21,6,25,-9999,-9999,-9999,5,-9999,0,-9999
8502,2017,12,21,7,36,-9999,-9999,-9999,13,-9999,0,-9999
8503,2017,12,21,8,40,-9999,-9999,-9999,22,-9999,0,-9999
8504,2017,12,21,9,32,-9999,-9999,-9999,27,-9999,0,-9999
8505,2017,12,21,10,34,-9999,-9999,-9999,24,-9999,0,-9999
8506,2017,12,21,11,27,-9999,-9999,-9999,24,-9999,0,-9999
8507,2017,12,21,12,22,-9999,-9999,-9999,19,-9999,0,-9999
8508,2017,12,21,13,22,-9999,-9999,-9999,26,-9999,0,-9999
8509,2017,12,21,14,39,-9999,-9999,-9999,30,-9999,0,-9999
8510,2017,12,21,15,54,-9999,-9999,-9999,32,-9999,0,-9999
8511,2017,12,21,16,62,-9999,-9999,-9999,37,-9999,0,-9999
8512,2017,12,21,17,68,-9999,-9999,-9999,35,-9999,0,-9999
8513,2017,12,21,18,73,-9999,-9999,-9999,27,-9999,0,-9999
8514,2017,12,21,19,71,-9999,-9999,-9999,28,-9999,0,-9999
8515,2017,12,21,20,65,-9999,-9999,-9999,31,-9999,0,-9999
8516,2017,12,21,21,55,-9999,-9999,-9999,26,-9999,0,-9999
8517,2017,12,21,22,39,-9999,-9999,-9999,14,-9999,0,-9999
8518,2017,12,21,23,10,-9999,-9999,-9999,4,-9999,0,-9999
8519,2017,12,22,0,19,-9999,-9999,-9999,2,-9999,0,-9999
8520,2017,12,22,1,12,-9999,-9999,-9999,5,-9999,0,-9999
8521,2017,12,22,2,3,-9999,-9999,-9999,4,-9999,0,-9999
8522,2017,12,22,3,4,-9999,-9999,-9999,5,-9999,0,-9999
8523,2017,12,22,4,6,-9999,-9999,-9999,5,-9999,0,-9999
8524,2017,12,22,5,-3,-9999,-9999,-9999,4,-9999,0,-9999
8525,2017,12,22,6,20,-9999,-9999,-9999,1,-9999,0,-9999
8526,2017,12,22,7,32,-9999,-9999,-9999,2,-9999,0,-9999
8527,2017,12,22,8,12,-9999,-9999,-9999,0,-9999,0,-9999
8528,2017,12,22,9,13,-9999,-9999,-9999,3,-9999,0,-9999
8529,2017,12,22,10,48,-9999,-9999,-9999,2,-9999,0,-9999
8530,2017,12,22,11,58,-9999,-9999,-9999,4,-9999,0,-9999
8531,2017,12,22,12,57,-9999,-9999,-9999,1,-9999,0,-9999
8532,2017,12,22,13,61,-9999,-9999,-9999,6,-9999,0,-9999
8533,2017,12,22,14,82,-9999,-9999,-9999,4,-9999,0,-9999
8534,2017,12,22,15,95,-9999,-9999,-9999,1,-9999,0,-9999
8535,2017,12,22,16,105,-9999,-9999,-9999,15,-9999,0,-9999
8536,2017,12,22,17,109,-9999,-9999,-9999,11,-9999,0,-9999
8537,2017,12,22,18,121,-9999,-9999,-9999,17,-9999,0,-9999
8538,2017,12,22,19,125,-9999,-9999,-9999,17,-9999,0,-9999
8539,2017,12,22,20,139,-9999,-9999,-9999,18,-9999,0,-9999
8540,2017,12,22,21,131,-9999,-9999,-9999,13,-9999,0,-9999
8541,2017,12,22,22,129,-9999,-9999,-9999,18,-9999,0,-9999
8542,2017,12,22,23,125,-9999,-9999,-9999,9,-9999,0,-9999
8543,2017,12,23,0,112,-9999,-9999,-9999,8,-9999,0,-9999
8544,2017,12,23,1,115,-9999,-9999,-9999,17,-9999,0,-9999
8545,2017,12,23,2,120,-9999,-9999,-9999,20,-9999,0,-9999
8546,2017,12,23,3,111,-9999,-9999,-9999,14,-9999,0,-9999
8547,2017,12,23,4,114,-9999,-9999,-9999,7,-9999,3,-9999
8548,2017,12,23,5,109,-9999,-9999,-9999,6,-9999,0,-9999
8549,2017,12,23,6,105,-9999,-9999,-9999,6,-9999,0,-9999
8550,2017,12,23,7,98,-9999,-9999,-9999,5,-9999,0,-9999
8551,2017,12,23,8,112,-9999,-9999,-9999,9,-9999,0,-9999
8552,2017,12,23,9,110,-9999,-9999,-9999,14,-9999,0,-9999
8553,2017,12,23,10,110,-9999,-9999,-9999,17,-9999,0,-9999
8554,2017,12,23,11,110,-9999,-9999,-9999,22,-9999,0,-9999
8555,2017,12,23,12,107,-9999,-9999,-9999,21,-9999,0,-9999
8556,2017,12,23,13,113,-9999,-9999,-9999,17,-9999,0,-9999
8557,2017,12,23,14,128,-9999,-9999,-9999,31,-9999,0,-9999
8558,2017,12,23,15,119,-9999,-9999,-9999,34,-9999,0,-9999
8559,2017,12,23,16,146,-9999,-9999,-9999,34,-9999,0,-9999
8560,2017,12,23,17,158,-9999,-9999,-9999,33,-9999,0,-9999
8561,2017,12,23,18,174,-9999,-9999,-9999,33,-9999,0,-9999
8562,2017,12,23,19,186,-9999,-9999,-9999,33,-9999,0,-9999
8563,2017,12,23,20,191,-9999,-9999,-9999,37,-9999,0,-9999
8564,2017,12,23,21,189,-9999,-9999,-9999,30,-9999,0,-9999
8565,2017,12,23,22,178,-9999,-9999,-9999,24,-9999,0,-9999
8566,2017,12,23,23,181,-9999,-9999,-9999,21,-9999,0,-9999
8567,2017,12,24,0,164,-9999,-9999,-9999,27,-9999,0,-9999
8568,2017,12,24,1,186,-9999,-9999,-9999,35,-9999,0,-9999
8569,2017,12,24,2,189,-9999,-9999,-9999,40,-9999,0,-9999
8570,2017,12,24,3,189,-9999,-9999,-9999,35,-9999,0,-9999
8571,2017,12,24,4,117,-9999,-9999,-9999,38,-9999,15,-9999
8572,2017,12,24,5,112,-9999,-9999,-9999,44,-9999,0,-9999
8573,2017,12,24,6,107,-9999,-9999,-9999,48,-9999,0,-9999
8574,2017,12,24,7,99,-9999,-9999,-9999,41,-9999,0,-9999
8575,2017,12,24,8,89,-9999,-9999,-9999,44,-9999,0,-9999
8576,2017,12,24,9,84,-9999,-9999,-9999,50,-9999,0,-9999
8577,2017,12,24,10,77,-9999,-9999,-9999,45,-9999,0,-9999
8578,2017,12,24,11,72,-9999,-9999,-9999,41,-9999,0,-9999
8579,2017,12,24,12,69,-9999,-9999,-9999,38,-9999,0,-9999
8580,2017,12,24,13,66,-9999,-9999,-9999,38,-9999,0,-9999
8581,2017,12,24,14,60,-9999,-9999,-9999,32,-9999,0,-9999
8582,2017,12,24,15,62,-9999,-9999,-9999,33,-9999,0,-9999
8583,2017,12,24,16,62,-9999,-9999,-9999,36,-9999,0,-9999
8584,2017,12,24,17,66,-9999,-9999,-9999,38,-9999,0,-9999
8585,2017,12,24,18,63,-9999,-9999,-9999,41,-9999,0,-9999
8586,2017,12,24,19,62,-9999,-9999,-9999,37,-9999,0,-9999
8587,2017,12,24,20,61,-9999,-9999,-9999,37,-9999,0,-9999
8588,2017,12,24,21,60,-9999,-9999,-9999,33,-9999,0,-9999
8589,2017,12,24,22,55,-9999,-9999,-9999,31,-9999,0,-9999
8590,2017,12,24,23,55,-9999,-9999,-9999,18,-9999,0,-9999
8591,2017,12,25,0,55,-9999,-9999,-9999,13,-9999,0,-9999
8592,2017,12,25,1,56,-9999,-9999,-9999,16,-9999,0,-9999
8593,2017,12,25,2,56,-9999,-9999,-9999,30,-9999,0,-9999
8594,2017,12,25,3,55,-9999,-9999,-9999,33,-9999,0,-9999
8595,2017,12,25,4,52,-9999,-9999,-9999,35,-9999,0,-9999
8596,2017,12,25,5,52,-9999,-9999,-9999,25,-9999,0,-9999
8597,2017,12,25,6,49,-9999,-9999,-9999,29,-9999,0,-9999
8598,2017,12,25,7,50,-9999,-9999,-9999,18,-9999,0,-9999
8599,2017,12,25,8,53,-9999,-9999,-9999,17,-9999,0,-9999
8600,2017,12,25,9,61,-9999,-9999,-9999,23,-9999,0,-9999
8601,2017,12,25,10,62,-9999,-9999,-9999,29,-9999,0,-9999
8602,2017,12,25,11,69,-9999,-9999,-9999,30,-9999,0,-9999
8603,2017,12,25,12,65,-9999,-9999,-9999,37,-9999,0,-9999
8604,2017,12,25,13,57,-9999,-9999,-9999,48,-9999,0,-9999
8605,2017,12,25,14,52,-9999,-9999,-9999,60,-9999,0,-9999
8606,2017,12,25,15,55,-9999,-9999,-9999,77,-9999,0,-9999
8607,2017,12,25,16,51,-9999,-9999,-9999,73,-9999,0,-9999
8608,2017,12,25,17,38,-9999,-9999,-9999,67,-9999,0,-9999
8609,2017,12,25,18,31,-9999,-9999,-9999,65,-9999,0,-9999
8610,2017,12,25,19,29,-9999,-9999,-9999,55,-9999,0,-9999
8611,2017,12,25,20,28,-9999,-9999,-9999,46,-9999,0,-9999
8612,2017,12,25,21,26,-9999,-9999,-9999,34,-9999,0,-9999
8613,2017,12,25,22,22,-9999,-9999,-9999,30,-9999,0,-9999
8614,2017,12,25,23,22,-9999,-9999,-9999,17,-9999,0,-9999
8615,2017,12,26,0,24,-9999,-9999,-9999,22,-9999,0,-9999
8616,2017,12,26,1,21,-9999,-9999,-9999,27,-9999,0,-9999
8617,2017,12,26,2,20,-9999,-9999,-9999,30,-9999,0,-9999
8618,2017,12,26,3,20,-9999,-9999,-9999,27,-9999,0,-9999
8619,2017,12,26,4,18,-9999,-9999,-9999,30,-9999,0,-9999
8620,2017,12,26,5,14,-9999,-9999,-9999,37,-9999,0,-9999
8621,2017,12,26,6,9,-9999,-9999,-9999,26,-9999,0,-9999
8622,2017,12,26,7,2,-9999,-9999,-9999,8,-9999,0,-9999
8623,2017,12,26,8,-5,-9999,-9999,-9999,1,-9999,0,-9999
8624,2017,12,26,9,-15,-9999,-9999,-9999,3,-9999,0,-9999
8625,2017,12,26,10,-19,-9999,-9999,-9999,4,-9999,0,-9999
8626,2017,12,26,11,-2,-9999,-9999,-9999,6,-9999,0,-9999
8627,2017,12,26,12,-5,-9999,-9999,-9999,8,-9999,0,-9999
8628,2017,12,26,13,-8,-9999,-9999,-9999,7,-9999,0,-9999
8629,2017,12,26,14,16,-9999,-9999,-9999,21,-9999,0,-9999
8630,2017,12,26,15,22,-9999,-9999,-9999,23,-9999,0,-9999
8631,2017,12,26,16,30,-9999,-9999,-9999,24,-9999,0,-9999
8632,2017,12,26,17,30,-9999,-9999,-9999,24,-9999,0,-9999
8633,2017,12,26,18,31,-9999,-9999,-9999,24,-9999,0,-9999
8634,2017,12,26,19,35,-9999,-9999,-9999,24,-9999,0,-9999
8635,2017,12,26,20,32,-9999,-9999,-9999,18,-9999,0,-9999
8636,2017,12,26,21,32,-9999,-9999,-9999,13,-9999,0,-9999
8637,2017,12,26,22,14,-9999,-9999,-9999,6,-9999,0,-9999
8638,2017,12,26,23,-8,-9999,-9999,-9999,3,-9999,0,-9999
8639,2017,12,27,0,-17,-9999,-9999,-9999,4,-9999,0,-9999
8640,2017,12,27,1,-12,-9999,-9999,-9999,9,-9999,0,-9999
8641,2017,12,27,2,-14,-9999,-9999,-9999,5,-9999,0,-9999
8642,2017,12,27,3,-1,-9999,-9999,-9999,3,-9999,0,-9999
8643,2017,12,27,4,4,-9999,-9999,-9999,2,-9999,0,-9999
8644,2017,12,27,5,0,-9999,-9999,-9999,1,-9999,0,-9999
8645,2017,12,27,6,3,-9999,-9999,-9999,3,-9999,0,-9999
8646,2017,12,27,7,10,-9999,-9999,-9999,3,-9999,0,-9999
8647,2017,12,27,8,5,-9999,-9999,-9999,4,-9999,0,-9999
8648,2017,12,27,9,13,-9999,-9999,-9999,6,-9999,0,-9999
8649,2017,12,27,10,14,-9999,-9999,-9999,5,-9999,0,-9999
8650,2017,12,27,11,13,-9999,-9999,-9999,7,-9999,0,-9999
8651,2017,12,27,12,22,-9999,-9999,-9999,10,-9999,0,-9999
8652,2017,12,27,13,19,-9999,-9999,-9999,23,-9999,0,-9999
8653,2017,12,27,14,21,-9999,-9999,-9999,23,-9999,0,-9999
8654,2017,12,27,15,23,-9999,-9999,-9999,30,-9999,0,-9999
8655,2017,12,27,16,28,-9999,-9999,-9999,31,-9999,0,-9999
8656,2017,12,27,17,25,-9999,-9999,-9999,31,-9999,0,-9999
8657,2017,12,27,18,24,-9999,-9999,-9999,36,-9999,0,-9999
8658,2017,12,27,19,23,-9999,-9999,-9999,44,-9999,0,-9999
8659,2017,12,27,20,17,-9999,-9999,-9999,42,-9999,0,-9999
8660,2017,12,27,21,6,-9999,-9999,-9999,36,-9999,0,-9999
8661,2017,12,27,22,-7,-9999,-9999,-9999,36,-9999,0,-9999
8662,2017,12,27,23,-17,-9999,-9999,-9999,31,-9999,0,-9999
8663,2017,12,28,0,-20,-9999,-9999,-9999,19,-9999,0,-9999
8664,2017,12,28,1,-26,-9999,-9999,-9999,28,-9999,0,-9999
8665,2017,12,28,2,-28,-9999,-9999,-9999,29,-9999,0,-9999
8666,2017,12,28,3,-26,-9999,-9999,-9999,37,-9999,0,-9999
8667,2017,12,28,4,-28,-9999,-9999,-9999,43,-9999,0,-9999
8668,2017,12,28,5,-35,-9999,-9999,-9999,44,-9999,0,-9999
8669,2017,12,28,6,-42,-9999,-9999,-9999,47,-9999,0,-9999
8670,2017,12,28,7,-50,-9999,-9999,-9999,39,-9999,0,-9999
8671,2017,12,28,8,-54,-9999,-9999,-9999,34,-9999,0,-9999
8672,2017,12,28,9,-57,-9999,-9999,-9999,37,-9999,0,-9999
8673,2017,12,28,10,-60,-9999,-9999,-9999,46,-9999,0,-9999
8674,2017,12,28,11,-62,-9999,-9999,-9999,42,-9999,0,-9999
8675,2017,12,28,12,-64,-9999,-9999,-9999,43,-9999,0,-9999
8676,2017,12,28,13,-63,-9999,-9999,-9999,47,-9999,0,-9999
8677,2017,12,28,14,-55,-9999,-9999,-9999,39,-9999,0,-9999
8678,2017,12,28,15,-48,-9999,-9999,-9999,46,-9999,0,-9999
8679,2017,12,28,16,-48,-9999,-9999,-9999,50,-9999,0,-9999
8680,2017,12,28,17,-40,-9999,-9999,-9999,45,-9999,0,-9999
8681,2017,12,28,18,-42,-9999,-9999,-9999,56,-9999,0,-9999
8682,2017,12,28,19,-40,-9999,-9999,-9999,54,-9999,0,-9999
8683,2017,12,28,20,-43,-9999,-9999,-9999,53,-9999,0,-9999
8684,2017,12,28,21,-45,-9999,-9999,-9999,52,-9999,0,-9999
8685,2017,12,28,22,-49,-9999,-9999,-9999,39,-9999,0,-9999
8686,2017,12,28,23,-53,-9999,-9999,-9999,26,-9999,0,-9999
8687,2017,12,29,0,-53,-9999,-9999,-9999,21,-9999,0,-9999
8688,2017,12,29,1,-58,-9999,-9999,-9999,9,-9999,0,-9999
8689,2017,12,29,2,-51,-9999,-9999,-9999,18,-9999,0,-9999
8690,2017,12,29,3,-52,-9999,-9999,-9999,22,-9999,0,-9999
8691,2017,12,29,4,-55,-9999,-9999,-9999,26,-9999,0,-9999
8692,2017,12,29,5,-56,-9999,-9999,-9999,26,-9999,0,-9999
8693,2017,12,29,6,-58,-9999,-9999,-9999,24,-9999,0,-9999
8694,2017,12,29,7,-65,-9999,-9999,-9999,19,-9999,0,-9999
8695,2017,12,29,8,-74,-9999,-9999,-9999,12,-9999,0,-9999
8696,2017,12,29,9,-71,-9999,-9999,-9999,10,-9999,0,-9999
8697,2017,12,29,10,-69,-9999,-9999,-9999,13,-9999,0,-9999
8698,2017,12,29,11,-69,-9999,-9999,-9999,12,-9999,0,-9999
8699,2017,12,29,12,-69,-9999,-9999,-9999,9,-9999,0,-9999
8700,2017,12,29,13,-55,-9999,-9999,-9999,6,-9999,0,-9999
8701,2017,12,29,14,-45,-9999,-9999,-9999,7,-9999,0,-9999
8702,2017,12,29,15,-35,-9999,-9999,-9999,7,-9999,0,-9999
8703,2017,12,29,16,-18,-9999,-9999,-9999,18,-9999,0,-9999
8704,2017,12,29,17,-6,-9999,-9999,-9999,26,-9999,0,-9999
8705,2017,12,29,18,-7,-9999,-9999,-9999,31,-9999,0,-9999
8706,2017,12,29,19,-2,-9999,-9999,-9999,29,-9999,0,-9999
8707,2017,12,29,20,-3,-9999,-9999,-9999,29,-9999,0,-9999
8708,2017,12,29,21,-8,-9999,-9999,-9999,21,-9999,0,-9999
8709,2017,12,29,22,-19,-9999,-9999,-9999,8,-9999,0,-9999
8710,2017,12,29,23,-18,-9999,-9999,-9999,5,-9999,0,-9999
8711,2017,12,30,0,-14,-9999,-9999,-9999,10,-9999,0,-9999
8712,2017,12,30,1,-16,-9999,-9999,-9999,15,-9999,0,-9999
8713,2017,12,30,2,-17,-9999,-9999,-9999,20,-9999,0,-9999
8714,2017,12,30,3,-16,-9999,-9999,-9999,29,-9999,0,-9999
8715,2017,12,30,4,-23,-9999,-9999,-9999,27,-9999,0,-9999
8716,2017,12,30,5,-33,-9999,-9999,-9999,33,-9999,0,-9999
8717,2017,12,30,6,-34,-9999,-9999,-9999,31,-9999,0,-9999
8718,2017,12,30,7,-33,-9999,-9999,-9999,28,-9999,0,-9999
8719,2017,12,30,8,-39,-9999,-9999,-9999,28,-9999,0,-9999
8720,2017,12,30,9,-36,-9999,-9999,-9999,20,-9999,0,-9999
8721,2017,12,30,10,-33,-9999,-9999,-9999,17,-9999,0,-9999
8722,2017,12,30,11,-30,-9999,-9999,-9999,10,-9999,0,-9999
8723,2017,12,30,12,-31,-9999,-9999,-9999,6,-9999,0,-9999
8724,2017,12,30,13,-29,-9999,-9999,-9999,6,-9999,0,-9999
8725,2017,12,30,14,22,-9999,-9999,-9999,7,-9999,0,-9999
8726,2017,12,30,15,40,-9999,-9999,-9999,28,-9999,0,-9999
8727,2017,12,30,16,50,-9999,-9999,-9999,33,-9999,0,-9999
8728,2017,12,30,17,54,-9999,-9999,-9999,32,-9999,0,-9999
8729,2017,12,30,18,52,-9999,-9999,-9999,28,-9999,0,-9999
8730,2017,12,30,19,52,-9999,-9999,-9999,25,-9999,0,-9999
8731,2017,12,30,20,46,-9999,-9999,-9999,22,-9999,0,-9999
8732,2017,12,30,21,43,-9999,-9999,-9999,20,-9999,0,-9999
8733,2017,12,30,22,23,-9999,-9999,-9999,28,-9999,0,-9999
8734,2017,12,30,23,7,-9999,-9999,-9999,19,-9999,0,-9999
8735,2017,12,31,0,-7,-9999,-9999,-9999,15,-9999,0,-9999
8736,2017,12,31,1,-11,-9999,-9999,-9999,11,-9999,0,-9999
8737,2017,12,31,2,-11,-9999,-9999,-9999,20,-9999,0,-9999
8738,2017,12,31,3,-15,-9999,-9999,-9999,8,-9999,0,-9999
8739,2017,12,31,4,-4,-9999,-9999,-9999,29,-9999,0,-9999
8740,2017,12,31,5,-15,-9999,-9999,-9999,50,-9999,0,-9999
8741,2017,12,31,6,-20,-9999,-9999,-9999,53,-9999,0,-9999
8742,2017,12,31,7,-26,-9999,-9999,-9999,53,-9999,0,-9999
8743,2017,12,31,8,-30,-9999,-9999,-9999,59,-9999,0,-9999
8744,2017,12,31,9,-34,-9999,-9999,-9999,60,-9999,0,-9999
8745,2017,12,31,10,-40,-9999,-9999,-9999,65,-9999,0,-9999
8746,2017,12,31,11,-41,-9999,-9999,-9999,57,-9999,0,-9999
8747,2017,12,31,12,-44,-9999,-9999,-9999,60,-9999,0,-9999
8748,2017,12,31,13,-48,-9999,-9999,-9999,51,-9999,0,-9999
8749,2017,12,31,14,-40,-9999,-9999,-9999,48,-9999,0,-9999
8750,2017,12,31,15,-29,-9999,-9999,-9999,53,-9999,0,-9999
8751,2017,12,31,16,-31,-9999,-9999,-9999,59,-9999,0,-9999
8752,2017,12,31,17,-40,-9999,-9999,-9999,57,-9999,0,-9999
8753,2017,12,31,18,-35,-9999,-9999,-9999,60,-9999,0,-9999
8754,2017,12,31,19,-40,-9999,-9999,-9999,63,-9999,0,-9999
8755,2017,12,31,20,-42,-9999,-9999,-9999,64,-9999,0,-9999
8756,2017,12,31,21,-40,-9999,-9999,-9999,53,-9999,0,-9999
8757,2017,12,31,22,-45,-9999,-9999,-9999,53,-9999,0,-9999
8758,2017,12,31,23,-47,-9999,-9999,-9999,46,-9999,0,-9999
